angry;disgust;scared;happy;sad;surprised;neutral
48.77;0.36;28.67;5.06;4.57;1.77;10.79
49.04;0.36;28.76;5.04;4.56;1.8;10.44
44.06;0.36;31.96;5.47;5.25;1.56;11.34
44.06;0.36;31.96;5.47;5.25;1.56;11.34
47.83;0.3;30.6;5.04;5.01;1.12;10.1
50.79;0.19;31.26;4.16;4.33;0.92;8.35
44.09;0.52;27.39;5.1;5.39;1.59;15.93
41.79;0.66;33.47;3.87;5.5;1.58;13.14
41.79;0.66;33.47;3.87;5.5;1.58;13.14
41.34;0.53;34.47;4.6;5.56;1.0;12.51
39.26;0.72;27.86;8.25;4.5;1.67;17.74
39.26;0.72;27.85;8.25;4.51;1.67;17.75
49.89;0.41;29.09;3.71;4.58;1.24;11.09
50.02;0.42;29.04;3.78;4.66;1.18;10.9
44.65;0.34;27.61;7.13;6.09;0.81;13.38
48.43;0.33;28.13;5.29;5.08;0.98;11.75
49.41;0.26;25.93;6.7;5.67;0.82;11.21
48.36;0.3;27.41;6.79;6.16;0.75;10.22
44.13;0.24;22.9;9.72;6.81;0.99;15.2
44.13;0.24;22.9;9.72;6.81;0.99;15.2
43.51;0.45;22.86;9.58;7.28;1.03;15.29
42.32;1.0;29.58;6.44;6.44;1.47;12.76
42.32;1.0;29.58;6.44;6.44;1.47;12.76
49.11;1.05;24.77;5.03;6.58;1.13;12.32
41.78;1.91;30.67;3.44;5.04;1.54;15.62
52.24;1.31;28.51;3.18;3.93;1.64;9.2
52.14;1.32;28.48;3.22;3.93;1.64;9.27
44.27;1.77;43.93;2.61;3.33;0.72;3.37
44.27;1.77;43.93;2.61;3.33;0.72;3.37
65.34;2.66;23.32;2.21;3.46;0.56;2.45
58.46;5.5;28.93;0.87;3.53;0.71;2.0
58.46;5.5;28.93;0.87;3.53;0.71;2.0
58.16;1.37;32.06;1.59;3.61;0.58;2.64
79.24;1.19;15.2;0.41;2.15;0.39;1.43
79.24;1.19;15.2;0.41;2.15;0.39;1.43
72.29;1.69;18.96;1.03;3.5;0.4;2.12
72.28;1.69;18.97;1.04;3.51;0.4;2.12
68.45;1.2;25.53;0.7;2.39;0.59;1.14
68.34;1.21;25.61;0.7;2.4;0.59;1.15
79.74;1.11;13.39;0.89;3.13;0.26;1.47
10.32;0.14;29.06;5.31;17.23;12.59;25.35
10.31;0.14;29.04;5.3;17.21;12.66;25.33
6.08;0.4;24.35;8.36;13.87;14.58;32.36
6.05;0.39;24.38;8.42;13.84;14.53;32.38
6.57;0.34;21.03;8.46;16.26;12.92;34.42
17.76;0.02;30.56;8.52;36.37;0.75;6.02
17.76;0.02;30.56;8.52;36.37;0.75;6.02
7.64;0.27;29.89;4.95;13.11;16.95;27.19
6.2;0.26;26.11;4.98;14.21;18.39;29.85
5.89;0.2;25.71;4.37;14.27;11.18;38.37
6.13;0.23;25.26;4.29;12.51;12.16;39.41
6.15;0.24;25.04;4.3;12.54;12.1;39.63
75.49;1.89;18.4;0.5;1.37;0.42;1.93
63.43;1.95;28.78;0.58;3.11;0.39;1.76
63.44;1.96;28.77;0.58;3.11;0.39;1.76
64.92;4.37;24.19;0.67;2.83;0.52;2.5
59.5;4.7;28.88;0.71;2.9;0.58;2.72
59.5;4.7;28.88;0.71;2.9;0.58;2.72
67.53;1.74;23.74;0.69;3.4;0.39;2.52
63.75;2.28;27.5;0.57;3.27;0.43;2.19
63.75;2.28;27.5;0.57;3.27;0.43;2.19
68.31;1.5;24.74;0.89;2.61;0.49;1.45
68.31;1.5;24.74;0.89;2.61;0.49;1.45
63.12;0.75;29.36;0.84;3.16;0.54;2.25
63.12;0.75;29.36;0.84;3.16;0.54;2.25
59.66;1.9;31.51;1.07;2.77;0.7;2.39
62.53;3.54;26.89;1.29;2.23;0.61;2.91
62.53;3.54;26.88;1.29;2.23;0.61;2.91
68.11;3.23;22.18;0.9;2.51;0.64;2.43
50.33;4.26;36.33;0.66;4.23;0.92;3.28
50.33;4.26;36.33;0.66;4.23;0.92;3.28
49.33;2.39;38.98;1.55;3.56;0.92;3.27
60.92;0.72;28.45;1.27;4.29;0.55;3.8
60.9;0.72;28.47;1.27;4.3;0.55;3.79
59.31;1.41;31.18;1.14;3.47;0.59;2.88
60.18;2.14;30.29;0.93;2.59;0.7;3.17
60.19;2.15;30.28;0.92;2.59;0.7;3.17
58.77;1.36;31.18;1.34;3.66;0.51;3.18
58.77;1.36;31.18;1.34;3.66;0.51;3.18
60.34;2.78;27.8;1.05;4.26;0.55;3.23
58.44;2.99;29.5;0.92;4.22;0.7;3.22
58.44;2.99;29.5;0.92;4.22;0.7;3.22
59.85;1.87;28.68;1.9;3.34;0.7;3.66
59.72;1.88;28.78;1.91;3.34;0.7;3.67
59.25;2.74;30.11;0.65;4.35;0.57;2.32
64.26;3.32;24.54;0.6;4.57;0.52;2.18
67.84;1.83;23.52;0.68;3.65;0.46;2.01
55.22;5.05;30.93;0.8;3.98;0.87;3.14
60.09;11.06;21.31;0.86;3.8;0.76;2.12
60.09;11.06;21.31;0.86;3.8;0.76;2.12
45.12;1.24;42.8;0.81;5.28;0.99;3.75
45.12;1.24;42.79;0.82;5.28;0.99;3.77
60.62;2.65;28.85;1.66;3.29;0.68;2.25
60.62;2.65;28.85;1.66;3.29;0.68;2.25
45.44;2.08;40.93;1.0;5.44;1.17;3.94
60.51;3.69;27.37;0.69;5.05;0.6;2.09
60.38;3.65;27.51;0.7;5.05;0.6;2.1
61.95;3.73;26.88;1.08;2.61;0.97;2.77
57.86;1.71;30.23;1.35;4.48;0.9;3.47
57.89;1.7;30.21;1.35;4.48;0.9;3.47
57.64;1.09;32.13;1.8;2.98;0.83;3.52
54.32;2.88;33.15;0.89;5.64;0.48;2.63
54.29;2.88;33.17;0.89;5.63;0.48;2.64
54.47;1.22;33.16;1.12;4.92;0.81;4.3
52.69;1.57;33.7;1.26;5.5;0.72;4.56
52.74;1.52;33.74;1.29;5.53;0.71;4.46
53.35;2.0;33.71;1.28;3.43;1.07;5.15
53.51;1.97;33.63;1.27;3.43;1.05;5.14
53.51;0.88;33.46;1.39;5.27;0.92;4.57
53.46;0.88;33.51;1.39;5.26;0.92;4.57
55.27;0.87;33.34;0.96;3.58;0.91;5.07
52.88;1.12;33.68;1.48;4.15;1.04;5.65
52.88;1.12;33.68;1.48;4.15;1.04;5.65
51.73;2.99;34.41;1.35;4.08;0.82;4.61
54.66;0.47;34.73;1.41;3.9;0.85;4.0
54.64;0.47;34.74;1.41;3.9;0.85;4.0
53.7;2.19;33.26;1.5;5.62;0.84;2.89
53.7;2.19;33.26;1.5;5.62;0.84;2.89
47.77;1.56;39.91;1.97;4.2;1.14;3.45
48.02;1.52;39.82;1.95;4.16;1.12;3.41
54.97;1.27;33.6;1.32;5.67;0.62;2.54
56.47;0.78;29.68;1.93;4.5;0.98;5.66
56.47;0.78;29.68;1.93;4.5;0.98;5.66
56.34;2.8;30.77;2.05;3.23;1.03;3.77
49.51;1.5;36.15;2.46;4.41;1.14;4.83
50.27;0.15;40.4;1.82;3.39;0.84;3.13
57.2;0.5;31.46;1.09;4.34;0.57;4.84
49.16;0.45;40.42;1.37;3.85;0.66;4.09
49.16;0.45;40.42;1.37;3.85;0.66;4.09
61.11;1.03;29.31;0.85;3.32;0.42;3.96
50.76;0.47;40.32;0.94;3.18;0.84;3.48
50.77;0.47;40.32;0.94;3.18;0.84;3.48
51.84;1.16;34.41;1.46;4.92;0.86;5.35
49.13;0.39;41.16;0.99;3.96;0.54;3.82
49.13;0.39;41.16;0.99;3.96;0.54;3.82
49.13;0.39;41.16;0.99;3.96;0.54;3.82
46.8;0.51;44.05;1.04;3.54;0.5;3.56
44.54;0.45;47.12;1.01;2.87;0.64;3.37
44.53;0.45;47.12;1.01;2.87;0.64;3.37
43.45;0.38;48.86;0.82;2.46;0.66;3.37
42.16;0.59;50.1;0.72;2.97;0.63;2.82
42.17;0.59;50.12;0.72;2.96;0.63;2.82
52.19;0.65;39.31;1.31;2.95;0.81;2.78
51.36;0.91;37.4;0.9;5.75;0.51;3.17
55.44;2.01;33.09;0.81;5.25;0.56;2.82
51.59;1.32;40.36;0.88;2.94;0.65;2.26
51.59;1.32;40.36;0.88;2.94;0.65;2.26
54.03;1.58;37.62;1.39;2.41;0.74;2.22
54.03;1.58;37.62;1.39;2.41;0.74;2.22
57.4;1.15;34.84;0.95;2.8;0.65;2.2
58.94;1.02;32.49;0.62;4.45;0.58;1.91
62.02;0.32;30.46;0.85;3.92;0.39;2.05
64.85;0.28;27.67;1.23;3.46;0.45;2.06
64.97;0.37;27.23;1.32;3.19;0.39;2.53
64.98;0.37;27.23;1.32;3.19;0.39;2.53
68.3;1.31;23.04;0.75;3.96;0.5;2.14
53.85;1.68;34.89;0.8;4.98;0.71;3.09
53.85;1.68;34.89;0.8;4.98;0.71;3.09
60.55;0.54;31.98;1.19;2.69;0.38;2.68
56.3;1.56;33.32;2.16;2.96;0.78;2.92
56.3;1.56;33.32;2.16;2.96;0.78;2.92
56.97;1.56;34.62;1.4;2.21;0.88;2.36
56.84;1.56;34.74;1.4;2.21;0.89;2.37
50.87;1.32;37.83;2.66;2.25;1.11;3.94
55.76;0.61;34.27;2.46;2.1;1.15;3.65
52.35;0.76;37.23;1.68;3.05;0.61;4.32
54.45;0.69;36.4;1.25;2.82;0.59;3.8
54.46;0.69;36.41;1.24;2.81;0.58;3.81
48.56;1.29;37.52;1.79;4.82;0.85;5.17
53.7;0.38;34.94;1.79;3.16;0.63;5.39
53.63;0.38;35.01;1.79;3.16;0.63;5.41
54.92;2.55;31.99;1.84;4.14;0.73;3.84
54.31;0.64;33.05;3.09;3.55;0.88;4.47
54.61;0.65;32.73;3.1;3.56;0.88;4.47
54.61;0.65;32.73;3.1;3.56;0.88;4.47
54.39;0.6;33.8;2.56;2.94;1.01;4.7
57.24;0.87;30.97;1.02;5.55;0.61;3.74
54.02;0.56;33.7;1.98;3.37;0.76;5.61
49.62;0.79;36.76;2.34;4.57;0.9;5.01
51.66;0.83;34.86;3.38;2.81;0.9;5.56
61.17;0.85;25.93;2.31;4.09;0.69;4.96
51.37;0.49;34.48;2.54;3.59;0.88;6.65
50.45;1.15;36.25;2.15;3.34;0.88;5.79
50.45;1.15;36.25;2.15;3.34;0.88;5.79
49.19;0.54;34.11;3.62;5.15;1.06;6.34
49.19;0.54;34.11;3.62;5.15;1.06;6.34
55.95;0.44;32.59;1.34;3.5;0.8;5.38
55.95;0.44;32.59;1.34;3.5;0.8;5.38
57.15;1.25;31.37;1.75;3.05;1.04;4.4
53.68;1.42;36.04;1.03;2.93;0.66;4.24
53.67;1.42;36.05;1.03;2.93;0.66;4.24
54.43;0.63;33.24;2.26;4.65;0.77;4.02
58.4;0.5;30.19;1.69;2.96;0.63;5.64
58.4;0.5;30.19;1.69;2.96;0.63;5.64
57.88;1.33;32.65;1.03;2.7;0.63;3.79
50.99;2.22;35.2;2.81;3.46;0.94;4.37
50.99;2.22;35.2;2.81;3.46;0.94;4.37
58.17;1.83;29.38;2.12;3.26;1.05;4.19
51.25;0.45;37.19;1.88;3.88;0.74;4.61
51.26;0.45;37.18;1.88;3.88;0.74;4.62
53.21;0.16;35.0;1.82;4.27;0.49;5.04
53.21;0.16;35.0;1.82;4.27;0.49;5.04
51.47;0.4;37.13;1.62;3.82;0.6;4.97
48.35;0.55;41.36;1.56;3.38;0.55;4.24
47.81;0.35;41.15;1.41;3.7;0.53;5.03
47.81;0.35;41.15;1.41;3.7;0.53;5.03
52.84;3.6;31.58;1.68;5.8;0.81;3.69
51.41;1.16;38.27;1.89;2.59;0.64;4.03
51.41;1.17;38.26;1.9;2.58;0.65;4.04
51.41;1.17;38.26;1.9;2.58;0.65;4.04
50.68;0.53;38.61;1.38;3.33;0.55;4.91
56.36;0.56;33.57;1.24;2.97;0.62;4.67
55.32;0.51;35.05;1.35;3.08;0.55;4.14
50.28;0.85;36.34;2.46;4.43;0.88;4.77
51.61;0.41;36.17;2.56;3.63;0.85;4.78
51.63;0.41;36.18;2.55;3.62;0.85;4.77
47.58;0.7;36.94;3.08;4.73;1.07;5.89
47.68;1.22;37.55;2.83;4.28;0.94;5.49
47.7;1.22;37.54;2.84;4.27;0.94;5.49
50.31;1.39;36.23;2.18;4.42;0.87;4.61
55.36;0.53;30.23;2.16;4.77;0.91;6.03
55.4;0.54;30.21;2.16;4.76;0.91;6.02
51.4;0.71;38.08;1.33;3.58;0.76;4.14
47.11;0.98;36.78;3.65;5.0;1.48;5.01
47.33;0.98;36.65;3.66;4.96;1.45;4.97
43.47;1.03;41.76;2.6;5.38;0.97;4.79
43.47;1.03;41.76;2.6;5.38;0.97;4.79
50.85;0.63;32.48;3.62;5.63;0.8;5.99
50.9;0.62;32.41;3.59;5.66;0.8;6.01
50.02;0.6;34.76;4.01;4.19;1.09;5.33
54.23;0.95;31.92;1.69;4.14;0.89;6.18
54.25;0.95;31.89;1.7;4.14;0.89;6.19
59.53;0.65;27.89;2.18;3.32;0.85;5.59
53.61;0.81;31.67;2.16;5.1;0.69;5.95
53.61;0.81;31.67;2.16;5.1;0.69;5.95
55.37;0.75;30.66;2.88;3.17;0.91;6.26
55.38;0.75;30.66;2.88;3.17;0.91;6.26
53.54;2.65;30.58;2.47;3.21;1.06;6.48
49.95;0.91;34.75;3.24;4.2;1.28;5.68
42.19;1.45;41.33;3.14;4.5;1.1;6.29
42.19;1.45;41.33;3.14;4.5;1.1;6.29
55.55;0.85;34.05;1.43;2.76;0.78;4.58
51.79;0.68;39.4;0.94;2.28;0.8;4.12
50.67;0.95;36.43;1.63;3.59;0.82;5.91
46.75;0.46;43.41;1.16;3.42;0.58;4.22
46.75;0.46;43.41;1.16;3.42;0.58;4.22
50.33;0.66;38.5;1.67;2.68;0.93;5.23
51.21;0.82;38.51;1.17;2.84;0.8;4.64
46.88;0.51;43.99;1.38;2.69;0.79;3.76
52.59;0.47;36.14;1.93;3.35;0.61;4.92
44.15;0.39;40.28;3.42;4.47;1.2;6.09
40.87;0.53;42.91;3.7;5.67;1.34;4.99
51.45;0.69;35.95;1.96;4.15;1.04;4.75
51.45;0.69;35.95;1.96;4.15;1.04;4.75
47.84;0.82;40.75;1.27;4.46;0.82;4.04
49.26;0.4;38.5;2.54;3.87;0.9;4.53
49.26;0.4;38.5;2.54;3.87;0.9;4.53
51.01;0.44;39.01;2.01;3.08;0.92;3.54
47.05;2.95;39.34;1.89;3.66;0.81;4.3
48.33;0.6;38.39;1.49;4.21;1.03;5.96
43.34;0.35;42.9;1.65;4.91;0.6;6.25
43.35;0.35;42.89;1.66;4.91;0.6;6.25
47.76;1.71;33.83;3.86;5.55;0.97;6.32
47.76;1.71;33.83;3.86;5.55;0.97;6.32
44.25;1.59;39.2;4.03;4.58;1.17;5.19
48.29;0.75;34.3;4.59;4.35;1.0;6.72
48.29;0.75;34.3;4.59;4.35;1.0;6.72
50.57;0.58;34.92;3.42;4.08;1.05;5.37
39.46;0.77;40.44;5.41;5.13;1.3;7.5
39.46;0.77;40.44;5.41;5.13;1.3;7.5
37.74;0.8;41.38;5.7;5.43;1.61;7.35
42.57;1.26;40.39;3.62;4.2;1.47;6.49
42.57;1.26;40.39;3.62;4.2;1.47;6.49
42.26;0.54;39.38;3.04;4.83;1.58;8.36
43.88;1.24;38.58;4.11;5.51;1.27;5.42
43.8;1.18;38.74;4.1;5.5;1.22;5.46
41.89;0.64;42.35;3.29;5.76;1.05;5.02
48.14;0.98;39.29;1.77;3.98;1.06;4.78
46.15;0.62;38.28;2.92;4.69;1.11;6.22
48.58;1.66;36.98;3.23;3.57;1.04;4.94
48.71;1.66;36.92;3.21;3.56;1.03;4.91
53.12;0.94;34.29;2.17;3.96;1.07;4.46
53.12;0.94;34.29;2.17;3.96;1.07;4.46
53.08;0.72;36.64;1.48;3.48;0.67;3.92
51.64;0.68;34.03;3.73;3.83;1.13;4.97
51.68;0.68;33.98;3.72;3.84;1.13;4.97
50.88;0.51;33.59;3.21;4.8;0.71;6.3
50.78;0.5;33.76;3.19;4.78;0.71;6.29
51.41;0.76;31.64;3.41;4.87;0.9;7.01
57.73;2.94;27.97;1.91;3.31;0.84;5.31
57.79;2.94;27.93;1.91;3.3;0.84;5.29
58.47;0.71;29.33;2.52;3.36;0.84;4.78
58.47;0.71;29.33;2.52;3.36;0.84;4.78
50.85;0.7;32.14;4.12;4.66;1.22;6.32
53.71;0.63;34.09;2.44;3.4;0.85;4.88
45.49;1.56;40.3;2.79;4.69;0.76;4.4
45.52;1.56;40.26;2.8;4.68;0.77;4.42
53.48;0.65;33.66;1.37;4.04;0.96;5.84
53.45;0.65;33.66;1.37;4.05;0.96;5.85
51.78;0.34;36.02;2.3;3.89;1.02;4.64
55.6;0.62;29.35;3.62;3.7;1.16;5.95
55.61;0.62;29.34;3.63;3.7;1.16;5.95
53.94;0.71;32.04;3.96;3.74;1.2;4.42
58.35;0.56;28.36;2.72;3.74;0.85;5.42
58.42;0.56;28.34;2.71;3.73;0.85;5.38
59.63;0.58;27.11;1.89;3.87;0.78;6.14
59.69;0.57;27.19;1.87;3.83;0.78;6.06
52.5;0.7;31.11;4.34;4.56;1.0;5.78
52.5;0.7;31.11;4.34;4.56;1.0;5.78
56.13;0.4;31.71;2.67;3.38;0.9;4.81
53.19;0.53;35.88;2.35;2.91;0.75;4.39
53.19;0.53;35.88;2.35;2.91;0.75;4.39
49.53;1.03;37.5;1.75;3.66;0.79;5.75
49.02;1.28;38.79;1.7;3.11;0.92;5.18
49.02;1.28;38.79;1.7;3.11;0.92;5.18
52.8;0.49;35.1;2.01;3.71;0.82;5.07
55.07;2.0;33.75;1.85;2.4;0.79;4.14
50.76;1.39;35.51;1.79;4.65;0.85;5.05
46.81;1.0;38.2;1.67;5.14;1.11;6.07
57.2;1.91;30.58;1.59;2.96;0.77;5.0
57.13;1.92;30.61;1.6;2.96;0.77;5.0
57.27;0.45;30.88;1.69;4.67;0.57;4.48
57.36;0.47;30.8;1.73;4.62;0.58;4.45
52.17;0.65;35.87;1.73;4.55;0.69;4.35
52.17;0.65;35.87;1.73;4.55;0.69;4.35
52.36;1.29;36.32;0.93;4.66;0.73;3.71
63.25;2.22;26.59;0.77;4.59;0.5;2.08
63.31;2.22;26.53;0.77;4.59;0.5;2.08
52.32;4.06;35.27;0.9;4.27;0.91;2.26
62.72;2.4;26.25;1.02;4.32;0.49;2.79
62.7;2.4;26.28;1.02;4.31;0.49;2.8
70.41;0.83;20.24;1.35;3.79;0.33;3.05
77.86;1.54;15.8;0.53;2.34;0.36;1.58
77.86;1.54;15.8;0.53;2.34;0.36;1.58
63.28;2.1;28.73;0.68;2.65;0.46;2.1
65.73;1.81;25.58;0.88;2.9;0.34;2.76
65.73;1.81;25.58;0.88;2.9;0.34;2.76
6.7;0.1;18.65;8.05;18.43;11.19;36.88
8.14;0.14;17.98;5.72;30.45;8.68;28.89
8.14;0.14;17.98;5.72;30.45;8.68;28.89
14.36;0.01;21.27;14.99;39.62;1.16;8.58
14.36;0.01;21.27;14.99;39.62;1.16;8.58
9.58;0.21;19.18;4.53;20.21;11.87;34.41
9.58;0.21;19.15;4.53;20.24;11.9;34.39
7.47;0.1;17.96;6.57;19.2;11.09;37.6
7.84;0.13;17.17;8.03;14.77;8.24;43.82
7.28;0.09;14.93;5.76;14.73;10.44;46.77
7.27;0.09;14.93;5.8;14.76;10.42;46.73
8.14;0.14;15.81;7.61;13.55;11.78;42.96
8.05;0.14;15.86;7.54;13.56;11.77;43.08
6.26;0.14;15.25;6.78;10.47;13.09;48.0
7.51;0.07;10.27;5.43;15.54;6.17;55.02
7.56;0.07;10.27;5.47;15.5;6.2;54.93
11.21;0.18;14.95;6.37;11.95;10.85;44.49
6.74;0.14;11.3;6.25;15.04;9.73;50.8
6.05;0.15;11.36;5.36;13.79;7.71;55.58
7.18;0.12;11.22;4.38;10.69;7.94;58.47
12.47;0.24;12.88;5.67;15.72;6.79;46.23
12.47;0.24;12.88;5.67;15.72;6.79;46.23
10.99;0.22;13.39;5.69;13.22;7.82;48.66
14.25;0.16;16.99;5.88;9.33;10.49;42.89
14.43;0.16;16.86;5.92;9.29;10.34;43.0
10.71;0.13;13.13;6.43;9.17;10.99;49.44
7.59;0.08;9.59;5.93;8.47;10.26;58.08
7.65;0.08;9.61;5.88;8.49;10.13;58.16
6.99;0.1;10.35;5.54;9.56;13.38;54.08
6.99;0.1;10.35;5.54;9.56;13.38;54.08
6.17;0.08;12.3;5.35;9.99;8.97;57.13
6.19;0.08;12.35;5.37;9.92;8.94;57.15
11.86;0.35;8.29;5.43;17.36;4.48;52.23
15.79;0.25;9.05;7.09;13.72;3.03;51.06
15.82;0.25;9.01;7.09;13.64;3.05;51.13
13.5;0.33;11.82;9.55;11.83;2.76;50.22
10.71;0.36;7.66;6.45;9.69;1.96;63.17
9.87;0.38;8.84;7.42;9.85;2.56;61.08
9.04;0.36;11.04;3.98;15.15;3.4;57.03
10.58;0.41;8.74;4.61;15.18;3.48;57.01
7.74;0.16;10.0;5.42;13.53;3.5;59.66
7.74;0.16;10.0;5.42;13.55;3.5;59.63
9.22;0.55;9.71;3.29;11.41;1.98;63.84
9.45;0.35;12.4;5.01;11.2;2.59;59.01
10.92;0.43;15.97;7.89;11.37;3.14;50.27
10.89;0.31;15.19;7.56;10.45;3.28;52.31
10.9;0.31;15.16;7.57;10.44;3.28;52.34
12.13;0.34;16.04;7.45;12.26;2.75;49.02
12.13;0.34;16.04;7.45;12.26;2.75;49.02
14.81;0.9;12.5;9.0;12.34;3.05;47.39
14.81;0.9;12.5;9.0;12.34;3.05;47.39
12.2;0.6;6.65;2.35;12.79;1.35;64.05
7.89;0.18;10.58;43.33;4.29;10.64;23.08
12.46;0.43;7.41;4.32;9.77;1.34;64.26
12.65;0.44;7.44;4.25;9.82;1.35;64.06
13.94;0.63;7.06;2.53;12.38;1.36;62.09
13.79;0.63;7.04;2.52;12.19;1.37;62.45
10.56;0.38;6.85;3.62;9.89;1.34;67.36
11.82;0.39;12.11;4.48;13.94;1.75;55.51
11.78;0.39;12.12;4.54;13.82;1.74;55.62
11.14;0.28;7.7;3.84;11.07;1.65;64.33
10.28;0.11;8.36;4.48;10.43;1.36;64.99
10.26;0.1;8.23;4.55;10.34;1.36;65.16
11.41;0.1;9.24;4.54;10.58;1.35;62.77
11.4;0.1;9.23;4.54;10.58;1.35;62.81
9.95;0.19;10.53;4.67;13.2;1.96;59.5
9.95;0.19;10.53;4.67;13.2;1.96;59.51
11.5;0.17;11.49;3.85;13.45;1.92;57.62
7.17;0.12;9.52;5.31;8.47;1.26;68.15
6.23;0.1;7.25;3.26;9.02;1.02;73.12
6.23;0.1;7.25;3.26;9.02;1.02;73.12
10.77;0.29;7.74;5.04;11.91;1.8;62.46
10.77;0.29;7.74;5.04;11.91;1.8;62.46
9.35;0.26;7.74;3.76;12.5;2.0;64.39
7.04;0.19;6.98;3.55;10.29;1.23;70.72
7.22;0.19;7.06;3.56;10.3;1.23;70.44
8.72;0.33;6.89;3.41;11.83;1.26;67.55
6.91;0.22;6.35;2.31;11.39;0.83;71.99
8.45;0.22;8.58;4.34;9.96;1.38;67.07
8.48;0.21;6.58;3.34;10.86;0.84;69.68
8.49;0.21;6.58;3.34;10.86;0.84;69.69
13.12;0.27;5.4;3.96;12.04;1.23;63.97
12.31;0.34;7.64;2.87;11.14;1.0;64.7
12.3;0.34;7.64;2.87;11.14;1.0;64.71
8.09;0.16;6.09;4.91;8.65;0.94;71.15
8.09;0.16;6.09;4.91;8.65;0.94;71.15
7.55;0.16;5.9;5.14;8.84;1.43;70.98
8.48;0.53;5.47;5.34;9.72;1.53;68.93
8.48;0.53;5.47;5.34;9.72;1.53;68.93
11.27;0.6;8.55;5.39;10.96;1.45;61.77
16.92;0.96;12.71;11.42;13.34;2.1;42.54
16.92;0.96;12.71;11.42;13.34;2.1;42.54
12.52;1.45;12.53;9.88;13.4;2.77;47.44
15.39;0.87;8.61;9.27;12.35;1.98;51.53
15.43;0.86;8.62;9.32;12.4;1.98;51.38
20.15;0.95;11.37;15.65;13.65;2.94;35.29
11.96;0.85;7.75;7.67;14.58;5.05;52.14
12.02;0.86;7.74;7.66;14.58;5.05;52.09
15.08;0.4;11.8;10.07;13.02;5.84;43.78
13.65;0.43;11.1;6.7;13.88;6.68;47.57
13.65;0.43;11.1;6.7;13.88;6.68;47.57
14.26;0.17;5.85;12.98;9.9;2.11;54.74
14.98;0.3;8.19;23.23;12.86;3.54;36.9
14.77;0.28;8.4;22.41;13.59;4.26;36.29
13.03;0.12;15.46;19.7;10.23;5.98;35.49
10.9;0.28;10.56;21.55;8.76;9.29;38.66
12.27;0.17;12.47;13.95;8.94;10.94;41.26
12.23;0.17;12.44;14.01;8.89;10.92;41.34
8.14;0.14;8.82;24.62;5.07;4.68;48.51
8.16;0.15;8.8;24.7;5.07;4.67;48.45
9.62;0.1;8.75;19.15;7.37;5.0;50.02
10.2;0.16;7.8;15.01;8.87;5.14;52.8
8.22;0.16;8.43;25.91;5.26;4.99;47.02
8.22;0.16;8.43;25.91;5.26;4.99;47.02
6.9;0.14;7.95;30.75;5.07;4.36;44.83
6.89;0.14;7.96;30.75;5.06;4.36;44.86
6.34;0.29;9.44;45.0;4.36;12.36;22.21
5.82;0.04;6.8;22.84;3.81;4.13;56.57
5.82;0.04;6.8;22.84;3.81;4.13;56.57
5.53;0.11;6.11;22.23;4.52;4.55;56.96
5.53;0.11;6.11;22.23;4.52;4.55;56.96
10.14;0.21;10.09;25.49;5.95;8.36;39.75
10.97;0.37;13.66;24.1;9.72;10.58;30.59
9.49;0.32;14.73;28.66;7.88;10.76;28.18
9.49;0.32;14.73;28.66;7.88;10.76;28.18
9.22;0.21;11.35;21.18;7.3;11.79;38.94
9.15;0.21;10.35;24.22;7.23;9.36;39.49
8.51;0.51;14.07;24.86;10.77;10.65;30.61
9.43;0.55;14.52;22.91;10.78;10.96;30.86
9.43;0.55;14.52;22.91;10.78;10.96;30.86
12.39;0.22;13.48;17.72;8.09;10.33;37.78
11.45;0.36;14.52;19.57;7.73;11.09;35.29
11.5;0.36;14.58;19.54;7.74;11.15;35.14
13.51;0.14;11.88;13.53;7.64;8.36;44.94
14.22;0.31;14.15;11.44;6.68;11.04;42.16
14.22;0.31;14.15;11.44;6.68;11.04;42.16
14.22;0.31;14.15;11.44;6.68;11.04;42.16
12.89;0.22;11.35;16.34;6.98;6.51;45.69
12.83;0.31;9.97;16.31;5.7;4.48;50.4
13.23;0.47;10.3;13.96;8.14;4.77;49.14
13.45;0.43;12.24;13.65;8.52;5.0;46.71
13.45;0.26;10.43;21.61;5.79;2.95;45.51
10.93;0.2;11.35;18.59;7.7;5.4;45.83
10.89;0.19;11.34;18.71;7.65;5.39;45.82
61.58;2.96;24.68;1.49;6.14;0.59;2.55
61.58;2.96;24.68;1.49;6.14;0.59;2.55
16.45;0.37;6.26;20.06;12.09;1.68;43.09
18.94;1.01;7.42;18.63;10.94;1.51;41.54
15.13;0.43;6.79;25.21;12.2;1.65;38.59
15.13;0.43;6.79;25.21;12.2;1.65;38.6
13.51;0.42;7.21;20.33;9.47;1.54;47.53
13.86;0.48;7.61;17.17;11.03;1.74;48.11
14.37;0.53;7.95;13.6;11.11;1.81;50.62
14.36;0.53;7.97;13.62;11.11;1.82;50.59
14.28;0.44;6.55;11.53;9.59;1.96;55.65
12.02;0.41;5.87;11.34;8.15;2.39;59.83
13.59;0.37;6.97;11.64;8.66;2.3;56.47
14.07;0.39;7.4;10.62;8.35;2.19;56.98
17.17;0.37;8.2;12.59;9.31;2.68;49.67
17.2;0.37;8.16;12.68;9.35;2.67;49.56
16.45;0.42;6.16;8.48;8.43;1.77;58.29
16.45;0.42;6.16;8.48;8.43;1.77;58.29
14.59;0.46;6.43;10.77;8.69;2.3;56.76
10.57;0.26;6.12;10.27;8.61;2.45;61.71
12.27;0.53;7.91;10.58;11.98;2.55;54.18
12.32;0.53;7.98;10.58;12.07;2.54;53.98
21.23;0.39;7.26;6.6;11.48;2.75;50.29
14.4;0.36;8.15;8.82;11.33;3.01;53.94
13.68;0.26;7.23;8.42;10.97;2.58;56.87
13.68;0.26;7.24;8.4;11.0;2.58;56.85
14.68;0.24;5.2;8.49;8.69;1.29;61.4
14.1;0.29;7.83;8.97;10.21;3.19;55.42
14.12;0.29;7.85;8.97;10.21;3.19;55.37
17.86;0.5;8.1;7.66;11.22;2.2;52.47
16.02;0.45;7.46;6.97;10.59;2.67;55.84
14.71;0.4;7.45;7.93;10.41;2.23;56.88
11.06;0.25;6.82;7.2;9.48;1.89;63.3
15.49;0.3;9.24;5.89;12.49;2.13;54.47
15.49;0.3;9.24;5.89;12.49;2.13;54.47
10.84;0.54;7.08;4.64;13.15;1.69;62.06
10.84;0.54;7.07;4.65;13.14;1.69;62.08
10.91;0.33;6.81;5.08;11.94;2.28;62.64
15.71;0.66;11.05;5.58;15.72;3.36;47.92
15.74;0.67;11.03;5.55;15.66;3.39;47.96
12.07;0.56;9.62;4.81;14.24;2.66;56.04
13.05;0.51;7.49;6.12;10.57;2.72;59.54
13.09;0.5;7.47;6.03;10.54;2.71;59.64
13.23;0.54;7.94;6.9;10.89;3.08;57.43
12.47;0.41;7.91;5.5;14.02;1.93;57.76
12.47;0.41;7.91;5.5;14.02;1.93;57.76
15.29;0.56;8.22;6.42;12.39;2.43;54.69
14.84;0.45;7.59;5.2;12.22;2.06;57.64
14.88;0.46;7.62;5.37;12.2;2.07;57.4
14.01;0.43;7.91;4.26;12.23;2.18;58.97
14.36;0.37;10.77;4.32;16.08;2.67;51.42
14.42;0.37;10.77;4.28;16.15;2.67;51.34
14.42;0.37;10.77;4.28;16.15;2.67;51.34
15.79;0.69;9.17;5.58;12.83;3.48;52.47
15.64;0.75;11.26;4.8;14.14;3.69;49.72
15.59;0.75;11.22;4.83;14.13;3.71;49.76
14.18;0.45;11.96;7.31;11.01;2.78;52.31
19.45;0.91;13.11;5.46;14.28;4.91;41.89
19.45;0.91;13.11;5.46;14.28;4.91;41.89
22.91;0.77;12.0;5.92;11.1;5.21;42.1
18.94;0.96;9.28;5.55;12.85;3.19;49.23
18.95;0.96;9.28;5.55;12.85;3.19;49.22
25.43;1.07;12.34;6.95;12.91;4.84;36.46
21.26;0.73;18.6;7.15;13.37;5.42;33.47
21.26;0.73;18.6;7.15;13.37;5.42;33.47
18.52;0.49;14.29;11.3;11.42;4.22;39.77
11.54;0.53;8.95;5.56;12.22;3.21;57.99
11.54;0.53;8.95;5.56;12.22;3.21;57.99
9.01;0.32;7.08;6.16;9.5;3.39;64.55
10.95;0.29;7.48;8.7;10.01;7.31;55.26
9.44;0.21;8.13;5.76;10.33;4.98;61.16
8.57;0.48;8.77;5.3;9.07;3.75;64.06
8.1;0.46;9.55;4.21;12.98;3.26;61.44
8.1;0.46;9.55;4.21;12.98;3.26;61.44
8.02;0.39;9.69;5.55;12.6;3.62;60.13
8.02;0.39;9.69;5.55;12.6;3.62;60.13
8.21;0.36;9.36;7.42;9.22;4.54;60.89
8.2;0.37;9.31;7.43;9.19;4.54;60.96
11.37;0.42;10.27;5.58;10.73;2.65;58.99
7.21;0.15;8.64;7.18;7.68;4.59;64.54
7.21;0.15;8.64;7.18;7.68;4.59;64.55
7.56;0.38;8.74;6.12;10.97;4.0;62.23
11.3;0.67;12.09;7.16;12.37;5.79;50.62
11.3;0.67;12.09;7.16;12.37;5.79;50.62
8.68;0.42;9.82;6.28;11.67;4.95;58.18
11.35;0.73;14.25;5.1;12.4;7.4;48.79
11.35;0.73;14.25;5.1;12.4;7.4;48.79
14.69;0.67;12.06;8.77;11.63;10.34;41.84
10.18;0.59;11.84;11.0;9.57;9.6;47.22
10.17;0.59;11.81;10.99;9.59;9.62;47.22
7.48;0.36;11.94;11.89;9.2;6.03;53.1
8.9;0.3;9.96;6.8;13.48;2.83;57.74
8.88;0.3;9.96;6.8;13.5;2.83;57.73
13.62;0.79;13.49;4.89;11.88;4.99;50.34
13.57;0.77;13.54;4.86;11.8;5.06;50.41
7.63;0.38;10.56;3.88;13.59;2.49;61.47
7.53;0.67;11.56;5.19;12.83;4.96;57.25
9.53;1.17;13.23;4.49;13.65;4.39;53.53
9.53;1.17;13.23;4.49;13.65;4.39;53.53
13.17;1.64;14.08;2.5;16.53;5.23;46.86
13.16;1.64;14.08;2.5;16.53;5.23;46.86
12.63;0.76;13.14;3.07;16.35;4.67;49.38
12.67;0.78;13.04;3.08;16.05;4.46;49.92
13.1;1.31;14.14;3.78;15.51;6.01;46.15
8.19;0.75;16.0;4.96;14.48;5.81;49.81
9.15;0.94;14.36;4.45;15.18;6.18;49.73
7.54;0.82;9.69;3.47;15.23;3.82;59.43
14.89;0.73;14.59;4.27;13.2;7.95;44.37
9.49;0.77;16.42;3.92;13.14;7.28;48.96
9.51;0.77;16.44;3.92;13.15;7.28;48.93
9.98;0.74;16.53;4.99;13.25;6.43;48.08
9.98;0.74;16.53;4.99;13.25;6.43;48.08
7.22;0.24;7.96;3.36;13.24;5.6;62.39
8.58;0.36;10.38;3.03;15.75;6.76;55.14
7.41;0.34;9.04;2.86;15.25;4.9;60.2
64.71;1.05;23.03;0.75;8.73;0.44;1.29
14.63;0.01;35.61;15.55;24.5;0.7;9.0
14.63;0.01;35.61;15.55;24.5;0.7;9.0
5.68;0.28;7.35;2.2;9.76;4.17;70.56
8.82;0.24;10.28;2.95;12.83;7.98;56.91
8.83;0.24;10.28;2.94;12.85;7.98;56.89
7.79;0.44;9.89;2.71;13.73;2.72;62.73
8.55;0.63;10.36;4.08;17.11;3.44;55.83
8.49;0.62;10.29;4.11;17.03;3.43;56.02
11.46;0.95;13.54;3.78;14.88;4.13;51.27
11.46;0.95;13.51;3.8;14.86;4.09;51.33
10.67;0.85;11.71;3.31;15.06;5.03;53.37
10.71;0.85;11.71;3.29;15.08;5.06;53.3
9.58;0.47;9.85;4.26;13.8;6.17;55.86
8.74;0.58;10.79;6.51;12.39;4.68;56.31
8.74;0.58;10.84;6.5;12.44;4.7;56.2
8.55;0.43;8.78;5.28;13.68;5.09;58.2
7.42;0.73;9.89;4.09;12.66;4.18;61.03
7.45;0.74;9.87;4.09;12.65;4.16;61.04
8.29;0.58;8.28;4.73;13.0;6.56;58.56
7.09;0.57;9.06;4.66;11.13;5.54;61.94
7.12;0.57;9.11;4.64;11.2;5.56;61.79
7.85;0.56;10.97;3.82;12.8;3.37;60.64
6.98;0.53;12.7;4.57;12.52;5.76;56.94
6.98;0.53;12.7;4.57;12.52;5.77;56.94
8.25;0.43;11.03;4.86;11.07;9.09;55.26
9.78;0.54;14.14;4.34;12.7;4.68;53.82
9.79;0.55;14.14;4.33;12.7;4.68;53.82
6.55;0.43;8.61;3.99;10.54;2.92;66.96
6.91;0.5;6.37;5.42;14.85;6.6;59.34
10.66;0.33;11.72;5.59;13.24;8.84;49.62
7.48;0.7;8.84;3.82;12.51;3.16;63.49
7.11;0.24;6.15;3.71;13.31;5.48;64.01
7.11;0.24;6.15;3.71;13.31;5.48;64.01
7.1;0.49;7.52;3.46;14.45;3.76;63.21
7.09;0.49;7.55;3.47;14.47;3.76;63.19
7.22;0.4;8.55;3.82;11.31;3.59;65.12
13.62;0.02;25.59;9.59;40.03;0.83;10.32
13.62;0.02;25.59;9.59;40.03;0.83;10.32
5.67;0.7;10.92;4.72;9.42;4.28;64.29
5.67;0.7;10.9;4.69;9.44;4.26;64.34
7.24;0.74;9.45;4.12;10.11;3.41;64.93
5.97;0.61;9.1;4.32;9.61;4.57;65.81
5.97;0.61;9.1;4.32;9.61;4.57;65.81
5.41;0.46;8.49;4.78;9.58;6.09;65.2
6.93;0.5;9.64;2.97;11.28;5.15;63.53
6.02;0.61;9.88;3.46;12.79;5.77;61.45
7.31;0.68;10.62;3.73;13.76;4.0;59.9
9.12;0.74;9.8;4.56;11.15;3.2;61.43
8.96;0.74;9.7;4.96;11.11;3.24;61.28
7.81;0.54;9.14;4.93;9.96;3.61;64.01
7.88;0.55;9.18;4.81;10.07;3.59;63.91
10.71;0.75;15.34;8.53;11.61;6.01;47.05
6.21;0.46;8.33;2.59;10.85;3.45;68.11
6.21;0.46;8.33;2.59;10.85;3.45;68.11
7.59;0.93;8.72;3.31;11.28;2.94;65.23
6.9;0.82;8.35;3.95;10.19;3.5;66.29
5.69;0.34;7.47;3.23;10.69;6.19;66.38
8.09;0.47;6.77;3.89;12.31;3.08;65.4
7.73;0.88;10.14;4.85;10.88;3.33;62.19
7.73;0.88;10.14;4.85;10.88;3.33;62.19
8.16;0.75;10.33;3.5;11.4;3.96;61.91
8.16;0.75;10.33;3.5;11.4;3.96;61.91
4.95;0.42;8.65;5.62;8.12;3.97;68.28
7.62;0.77;10.7;4.83;12.59;4.39;59.09
7.63;0.77;10.7;4.83;12.6;4.39;59.09
7.44;0.62;9.4;3.23;13.03;4.59;61.69
6.77;0.72;10.99;5.88;11.73;4.8;59.11
6.88;0.73;10.9;5.85;11.81;4.68;59.16
5.44;0.69;9.63;5.16;9.7;3.69;65.68
6.89;0.63;10.9;5.37;11.45;6.62;58.14
7.34;0.67;9.34;4.03;13.27;5.63;59.72
8.03;0.71;7.33;4.83;14.06;5.64;59.4
7.8;0.72;9.94;3.64;15.18;5.89;56.83
7.8;0.72;9.94;3.64;15.18;5.89;56.83
9.03;1.0;9.95;4.98;14.7;5.76;54.59
12.33;1.65;10.14;5.89;17.85;4.12;48.04
12.3;1.65;10.12;5.88;17.82;4.14;48.1
11.11;1.11;10.48;8.28;15.29;3.0;50.73
11.11;1.11;10.48;8.28;15.29;3.0;50.73
9.57;0.78;9.37;7.98;13.36;3.16;55.77
10.28;0.82;10.28;6.91;11.99;2.81;56.91
8.62;0.78;13.02;16.18;9.19;3.98;48.23
8.05;0.69;9.65;4.89;12.28;4.36;60.09
8.05;0.69;9.65;4.89;12.28;4.36;60.09
8.14;0.45;10.47;8.99;9.62;3.74;58.6
9.03;0.55;10.56;7.28;12.94;2.58;57.07
9.03;0.55;10.56;7.28;12.94;2.58;57.07
7.36;0.76;15.63;10.66;10.75;8.13;46.71
10.34;0.69;13.93;6.01;14.78;6.2;48.06
10.34;0.69;13.93;6.01;14.78;6.2;48.06
8.89;0.96;14.0;5.83;14.16;4.53;51.64
6.46;0.77;14.16;7.3;13.32;6.51;51.48
6.46;0.77;14.16;7.3;13.32;6.51;51.48
6.57;0.27;6.52;4.42;17.11;6.49;58.62
7.75;0.38;6.63;4.48;15.12;5.51;60.14
7.74;0.38;6.62;4.49;15.12;5.52;60.13
8.21;0.48;6.27;3.75;14.35;4.37;62.58
11.64;0.6;7.2;8.12;15.94;2.9;53.61
11.68;0.6;7.22;8.11;15.92;2.92;53.56
11.81;0.56;7.89;7.13;18.59;2.31;51.72
13.79;0.98;8.39;6.65;19.83;2.71;47.66
7.86;0.65;7.89;6.51;16.37;3.68;57.04
6.52;0.41;8.06;4.96;13.06;3.56;63.41
6.48;0.41;8.09;4.96;13.09;3.57;63.4
7.31;0.37;7.95;5.22;11.87;3.8;63.48
7.0;0.3;6.72;4.59;13.62;4.42;63.34
9.67;0.71;13.34;10.9;9.8;5.13;50.45
8.11;0.34;13.54;8.77;10.72;4.7;53.82
8.07;0.34;13.57;8.7;10.72;4.66;53.94
7.6;0.7;10.15;4.95;11.64;4.87;60.1
7.59;0.69;10.12;4.96;11.59;4.87;60.18
8.65;0.67;11.2;6.61;14.97;4.94;52.95
10.36;0.97;13.73;5.12;17.29;9.51;43.02
10.95;1.63;10.55;6.06;15.72;7.29;47.79
10.95;1.63;10.55;6.06;15.72;7.29;47.79
8.16;0.76;12.22;5.95;15.42;4.95;52.54
9.7;0.71;14.29;5.72;18.38;5.47;45.73
9.76;0.72;14.25;5.72;18.37;5.49;45.69
9.36;0.72;14.11;7.54;16.94;9.98;41.35
9.22;0.65;16.06;5.63;19.51;10.17;38.77
9.19;0.65;15.99;5.69;19.46;10.19;38.82
8.03;0.93;14.29;5.6;18.81;7.14;45.21
8.88;1.14;17.31;6.57;16.87;7.83;41.4
8.88;1.14;17.31;6.57;16.87;7.83;41.4
12.1;0.95;17.49;8.72;14.91;10.15;35.69
12.19;0.95;17.44;8.73;14.86;10.14;35.69
13.6;1.19;14.23;7.43;18.16;7.45;37.95
8.49;0.96;17.6;7.26;16.41;9.29;39.99
8.52;0.96;17.62;7.24;16.39;9.31;39.96
9.64;0.87;13.03;6.96;15.44;9.75;44.32
9.64;0.87;13.03;6.96;15.44;9.75;44.32
12.59;1.32;13.37;5.95;15.58;9.48;41.72
9.49;0.84;14.96;7.65;16.28;11.55;39.23
12.2;1.47;19.51;8.5;16.63;9.12;32.57
12.17;1.49;19.39;8.57;16.67;9.1;32.62
9.69;0.81;18.9;8.26;15.18;8.59;38.58
9.78;0.8;18.96;8.31;15.22;8.69;38.24
8.41;0.71;16.24;6.91;18.84;7.67;41.21
10.57;0.69;21.18;6.78;14.15;11.61;35.02
10.57;0.69;21.18;6.78;14.15;11.61;35.02
10.7;1.23;14.64;6.84;14.77;11.53;40.29
10.15;1.1;15.41;5.81;18.4;13.07;36.06
10.21;1.12;15.35;5.82;18.38;12.96;36.16
10.24;1.11;17.48;9.53;13.18;9.76;38.69
5.73;0.66;14.07;5.46;17.93;8.51;47.64
5.73;0.66;14.04;5.46;17.9;8.5;47.71
6.57;0.51;14.46;8.85;15.09;13.55;40.97
6.54;0.83;18.9;7.36;17.83;11.46;37.08
6.5;0.82;18.82;7.37;17.72;11.5;37.27
4.65;0.16;16.04;7.69;23.17;9.03;39.26
4.65;0.16;16.04;7.69;23.17;9.03;39.26
6.01;0.22;17.42;9.61;15.94;13.57;37.22
6.01;0.22;17.42;9.61;15.94;13.57;37.22
7.57;0.28;16.82;10.89;26.63;7.3;30.51
34.56;1.83;13.14;12.41;24.97;2.63;10.45
34.56;1.83;13.14;12.41;24.97;2.63;10.45
32.14;1.77;11.81;11.94;25.01;3.51;13.82
8.02;0.54;16.09;11.94;23.64;9.59;30.17
8.06;0.34;13.77;11.03;24.46;10.99;31.35
7.78;0.21;17.76;4.39;24.05;8.54;37.27
7.9;0.3;20.78;4.08;20.89;10.33;35.71
7.89;0.31;20.61;4.09;20.93;10.29;35.89
9.26;0.32;17.92;6.18;22.33;7.8;36.19
7.57;0.38;28.59;3.44;18.59;12.65;28.79
7.57;0.38;28.58;3.43;18.64;12.61;28.8
6.89;0.5;20.74;6.32;26.08;10.89;28.58
8.22;0.3;16.05;7.6;21.81;11.45;34.57
8.22;0.3;15.96;7.6;21.77;11.46;34.7
4.09;0.32;15.47;8.16;21.34;7.68;42.95
5.66;0.26;16.8;8.86;21.54;6.43;40.45
4.78;0.26;16.16;8.87;18.31;10.62;41.0
7.82;0.33;18.2;6.59;22.98;10.22;33.86
7.82;0.33;18.2;6.59;22.98;10.22;33.86
6.61;0.28;11.91;4.17;29.86;9.51;37.67
6.61;0.28;11.91;4.17;29.86;9.51;37.67
9.16;0.35;16.59;4.11;26.29;8.22;35.27
13.68;2.53;9.56;28.95;23.47;3.93;17.88
13.68;2.53;9.56;28.95;23.47;3.93;17.88
8.73;0.53;21.32;6.36;19.76;11.67;31.63
10.11;0.57;14.59;6.86;25.94;10.16;31.76
10.22;0.57;14.49;6.86;25.82;10.22;31.82
11.76;0.38;17.22;7.98;23.2;15.32;24.14
6.72;0.24;19.32;10.95;16.76;10.82;35.19
6.72;0.24;19.32;10.95;16.76;10.82;35.19
7.79;0.29;20.16;8.58;20.18;10.04;32.95
6.45;0.25;17.41;9.23;17.25;10.75;38.66
6.45;0.25;17.4;9.23;17.25;10.75;38.68
5.49;0.1;17.9;7.89;17.7;10.75;40.16
5.44;0.1;17.95;7.74;17.82;10.77;40.19
28.25;1.51;10.93;19.0;19.85;3.53;16.93
24.93;2.8;10.57;22.9;16.69;3.62;18.48
24.98;1.66;12.92;19.62;15.48;3.44;21.9
24.98;1.66;12.92;19.62;15.48;3.44;21.9
26.06;1.86;13.58;22.13;17.12;4.48;14.77
26.07;1.86;13.58;22.15;17.12;4.47;14.75
28.07;1.05;13.14;22.37;16.89;3.96;14.52
28.07;1.05;13.14;22.37;16.89;3.96;14.52
6.74;0.17;17.09;10.41;16.33;9.77;39.47
22.08;0.4;8.77;42.76;12.42;3.53;10.03
22.08;0.4;8.77;42.76;12.42;3.53;10.03
5.4;0.17;15.67;7.09;20.92;13.72;37.04
6.94;0.12;19.73;8.74;16.06;10.67;37.73
6.95;0.12;19.29;8.92;15.95;10.87;37.9
6.77;0.17;20.54;6.91;18.29;12.49;34.82
6.8;0.17;19.98;6.92;17.76;12.61;35.77
6.09;0.16;18.14;5.95;17.88;12.22;39.57
7.16;0.18;20.86;4.4;15.46;15.1;36.83
8.89;0.4;23.08;4.99;14.47;13.98;34.19
8.93;0.4;23.06;4.97;14.48;13.92;34.23
7.48;0.7;24.21;3.69;12.96;15.82;35.13
6.45;0.4;21.14;4.36;13.72;14.93;38.99
6.42;0.4;21.28;4.38;13.68;14.83;39.02
9.27;0.34;29.76;3.8;13.24;14.56;29.03
7.27;0.16;25.3;3.61;15.74;12.44;35.48
7.27;0.16;25.34;3.61;15.74;12.44;35.44
7.13;0.16;33.16;2.98;16.83;8.91;30.83
9.03;0.08;23.45;4.34;16.24;10.6;36.26
9.03;0.08;23.46;4.31;16.23;10.64;36.24
10.42;0.21;28.77;2.9;14.28;12.7;30.73
10.54;0.21;28.74;2.83;14.31;12.86;30.51
7.71;0.17;34.2;2.96;12.92;8.37;33.66
8.58;0.1;18.02;5.0;15.28;13.04;39.98
10.34;0.21;21.26;4.36;16.35;10.24;37.23
9.69;0.17;17.51;6.15;16.51;9.72;40.24
9.67;0.17;17.53;6.15;16.52;9.71;40.26
9.93;0.12;20.33;2.47;16.04;9.89;41.22
10.47;0.16;20.59;4.54;17.97;10.45;35.81
10.47;0.16;20.93;4.51;18.37;10.48;35.07
10.01;0.1;17.27;4.32;17.02;9.81;41.47
10.01;0.1;17.27;4.32;17.02;9.81;41.47
8.98;0.15;25.99;4.05;15.79;7.82;37.22
10.21;0.26;26.67;2.73;16.54;15.45;28.15
11.27;0.37;26.74;2.91;16.55;14.56;27.6
6.49;0.15;16.85;7.56;15.81;11.82;41.31
7.54;0.2;22.92;4.43;18.75;10.87;35.29
7.54;0.2;22.9;4.43;18.72;10.83;35.38
11.78;0.2;20.1;3.85;18.12;13.62;32.33
10.99;0.2;18.59;5.65;17.49;10.42;36.66
10.39;0.17;16.67;5.99;16.23;9.98;40.58
10.3;0.18;21.02;4.66;15.34;11.52;36.98
10.3;0.18;21.02;4.66;15.34;11.52;36.98
8.36;0.18;24.16;3.31;19.49;10.69;33.8
7.87;0.13;21.35;4.35;18.27;8.66;39.37
7.87;0.13;21.35;4.35;18.27;8.66;39.37
7.24;0.12;18.0;4.87;15.66;11.06;43.04
7.11;0.12;16.93;4.89;15.65;10.52;44.78
7.11;0.12;16.93;4.89;15.65;10.52;44.78
7.36;0.12;18.07;5.22;15.97;9.93;43.34
7.36;0.12;18.07;5.22;15.97;9.93;43.34
6.5;0.15;15.49;5.67;14.77;13.7;43.71
6.48;0.15;15.49;5.66;14.76;13.7;43.77
7.08;0.23;20.95;3.89;13.5;13.32;41.04
7.47;0.19;22.21;6.7;14.51;11.27;37.65
17.34;0.58;10.28;44.41;13.64;3.28;10.46
8.12;0.25;17.88;5.86;15.87;13.29;38.73
6.83;0.17;17.6;7.44;13.68;12.93;41.35
6.83;0.17;17.6;7.44;13.68;12.93;41.35
9.65;0.19;17.19;6.7;12.81;14.11;39.35
7.11;0.13;16.98;8.73;12.71;13.79;40.57
7.1;0.13;16.98;8.73;12.69;13.78;40.58
22.62;0.23;12.44;31.61;13.24;2.87;16.99
10.11;0.22;21.0;4.06;16.6;13.04;34.97
8.33;0.31;20.88;4.15;21.07;15.68;29.58
9.36;0.26;18.32;4.96;20.83;13.9;32.36
8.39;0.38;19.79;5.08;23.5;13.47;29.39
8.41;0.38;19.77;5.09;23.55;13.48;29.32
7.68;0.28;18.17;6.23;18.77;10.88;37.99
8.13;0.37;20.15;3.99;21.28;14.39;31.69
8.13;0.37;20.15;3.99;21.28;14.39;31.69
10.58;0.39;24.45;3.12;21.74;11.76;27.97
7.52;0.34;22.83;4.9;15.35;17.34;31.71
8.2;0.22;18.79;4.05;18.39;13.16;37.19
11.71;0.36;24.21;3.35;18.03;12.7;29.64
11.69;0.36;24.23;3.36;18.01;12.7;29.65
9.04;0.21;19.35;6.2;16.45;13.8;34.96
7.63;0.22;22.62;6.03;14.78;15.6;33.12
8.73;0.21;20.62;7.12;15.15;15.99;32.19
15.54;0.36;24.57;5.26;18.68;12.5;23.09
17.74;1.48;11.65;26.53;24.73;3.09;14.77
17.84;1.56;11.39;27.03;24.27;3.11;14.8
10.25;0.14;13.95;6.48;12.74;11.75;44.69
10.25;0.14;13.95;6.48;12.74;11.75;44.69
6.67;0.21;17.3;4.7;15.48;10.84;44.79
7.66;0.11;19.36;5.97;12.84;11.79;42.26
7.66;0.11;19.36;5.97;12.84;11.79;42.26
10.76;0.17;19.62;4.99;14.58;9.45;40.43
9.64;0.22;20.34;4.19;13.74;10.66;41.2
9.64;0.22;20.34;4.19;13.74;10.66;41.2
12.15;0.24;26.65;2.82;12.74;15.91;29.49
12.15;0.24;26.65;2.82;12.74;15.91;29.49
8.91;0.32;24.32;4.16;12.2;14.41;35.69
9.78;0.38;22.1;4.72;13.23;13.16;36.63
9.78;0.38;22.11;4.73;13.22;13.18;36.6
7.81;0.37;20.84;5.46;13.36;13.81;38.34
6.15;0.23;16.99;3.98;14.47;12.5;45.68
8.94;0.47;20.65;5.4;14.88;13.58;36.07
8.91;0.46;20.63;5.38;14.86;13.66;36.08
10.74;0.43;23.87;3.91;14.04;14.98;32.04
10.74;0.43;23.87;3.91;14.04;14.98;32.04
13.48;0.47;22.76;4.44;14.87;15.27;28.69
13.37;0.47;22.89;4.41;14.86;15.38;28.63
7.48;0.53;16.78;6.63;13.66;12.24;42.68
6.11;0.2;16.44;5.19;12.74;16.01;43.3
6.11;0.2;16.45;5.19;12.74;16.04;43.26
7.66;0.37;19.51;5.42;16.8;13.97;36.28
6.12;0.25;15.46;5.05;16.45;11.99;44.67
6.13;0.25;15.49;5.06;16.44;12.02;44.61
5.52;0.14;15.3;4.39;14.31;11.1;49.25
8.28;0.22;19.13;4.19;17.2;10.59;40.39
8.3;0.22;19.14;4.18;17.2;10.55;40.41
13.22;0.33;17.48;7.98;15.91;13.18;31.89
22.42;1.5;12.51;22.84;24.32;2.74;13.67
22.42;1.5;12.51;22.83;24.33;2.74;13.67
23.83;0.63;10.62;32.29;16.64;3.26;12.73
23.83;0.63;10.62;32.29;16.64;3.26;12.73
8.06;0.25;14.57;5.6;13.57;10.71;47.25
8.06;0.25;14.57;5.6;13.57;10.71;47.25
6.37;0.13;13.99;8.42;13.12;15.95;42.02
8.25;0.28;17.42;4.95;13.06;14.3;41.75
8.26;0.28;17.43;4.98;13.07;14.24;41.74
9.08;0.49;23.38;4.1;13.7;13.48;35.79
5.18;0.21;15.33;5.87;12.35;13.96;47.11
5.18;0.21;15.33;5.87;12.35;13.96;47.11
11.45;0.86;23.12;3.53;14.92;15.53;30.59
11.61;0.62;22.54;3.31;15.07;11.82;35.04
11.61;0.63;22.55;3.33;15.11;11.83;34.95
10.48;0.42;25.18;3.49;12.51;16.57;31.36
7.17;0.24;17.48;5.32;11.78;13.06;44.94
7.17;0.24;17.48;5.32;11.78;13.06;44.94
8.78;0.45;24.15;3.85;14.73;15.39;32.64
13.92;0.89;9.43;5.2;18.13;12.17;40.25
14.89;0.86;12.24;5.65;19.24;14.87;32.25
13.51;1.3;11.19;12.11;11.34;11.29;39.26
17.46;0.79;16.44;9.27;14.49;11.29;30.25
27.48;1.21;12.59;20.1;19.62;3.54;15.46
6.86;0.14;16.89;9.31;11.4;15.1;40.3
6.08;0.17;13.16;5.88;9.67;14.79;50.25
6.08;0.17;13.16;5.88;9.67;14.79;50.25
7.58;0.16;11.98;5.11;10.03;11.02;54.13
9.52;0.21;9.37;6.89;9.37;7.37;57.26
11.09;0.2;11.86;10.32;8.53;7.46;50.54
11.09;0.2;11.86;10.32;8.53;7.46;50.54
5.58;0.1;5.81;11.94;5.92;5.81;64.83
7.5;0.33;6.99;30.46;5.26;3.83;45.64
7.5;0.33;6.99;30.44;5.26;3.83;45.64
7.62;0.37;7.8;26.03;6.1;3.73;48.35
12.38;0.11;15.57;31.49;6.94;9.2;24.32
11.82;0.13;14.46;36.61;6.96;8.77;21.25
6.29;0.24;11.92;34.48;5.97;6.37;34.72
6.28;0.24;12.0;34.39;6.0;6.35;34.74
4.14;0.42;13.59;56.32;3.99;5.69;15.85
6.88;2.27;15.41;43.0;8.0;5.77;18.67
6.92;2.29;15.49;42.82;8.05;5.79;18.65
8.22;2.38;14.91;41.03;7.44;8.58;17.44
7.06;1.02;13.27;41.73;9.25;9.36;18.3
7.01;1.02;13.13;42.27;9.11;9.3;18.16
6.83;1.28;15.29;29.03;10.89;9.78;26.9
6.2;1.11;17.32;28.81;10.5;13.71;22.35
6.21;1.12;17.26;28.96;10.45;13.68;22.32
8.69;0.72;13.33;37.56;11.83;3.9;23.97
8.73;0.72;13.35;37.41;11.87;3.88;24.04
7.62;0.5;8.29;54.58;5.52;4.83;18.66
7.61;0.5;17.88;37.09;10.83;7.51;18.56
16.12;0.29;10.64;31.12;6.2;14.04;21.59
16.02;0.29;10.62;31.14;6.19;14.07;21.65
7.5;0.33;13.47;33.84;7.23;18.05;19.59
7.5;0.33;13.47;33.84;7.23;18.05;19.59
7.18;0.5;14.94;50.58;4.81;5.95;16.03
5.87;0.27;13.41;45.61;5.05;11.81;17.98
5.87;0.27;13.41;45.61;5.05;11.81;17.98
4.2;0.07;12.64;7.71;9.01;6.73;59.64
9.61;0.09;17.87;35.71;6.56;8.39;21.77
9.53;0.09;18.15;35.47;6.69;8.3;21.76
6.23;0.1;22.95;38.04;7.39;5.12;20.19
9.83;0.33;11.52;33.15;5.29;16.69;23.19
9.83;0.33;11.52;33.18;5.29;16.68;23.18
5.18;0.06;21.65;34.78;7.55;7.23;23.55
5.18;0.06;21.66;34.8;7.57;7.2;23.54
6.29;0.05;21.76;28.57;7.1;8.09;28.14
9.32;0.68;11.26;30.97;5.72;17.18;24.88
6.59;0.1;28.08;23.67;13.01;5.25;23.29
6.59;0.1;28.08;23.67;13.01;5.25;23.29
5.58;0.14;31.33;26.97;12.09;5.44;18.44
9.33;0.79;9.05;30.87;5.32;21.55;23.09
9.33;0.79;9.04;30.87;5.32;21.55;23.1
10.55;0.64;7.97;30.75;4.74;21.78;23.57
10.55;0.64;7.97;30.75;4.74;21.78;23.57
5.17;0.06;28.39;41.07;10.25;3.83;11.22
6.75;0.05;27.18;32.88;8.8;6.9;17.44
7.89;0.06;26.48;31.87;10.71;6.1;16.9
5.58;0.06;31.07;30.59;12.32;6.73;13.65
5.56;0.06;31.15;30.47;12.35;6.74;13.67
7.87;0.63;8.89;36.23;3.58;18.59;24.2
7.87;0.63;8.89;36.23;3.58;18.59;24.2
4.62;0.2;17.68;28.14;7.43;7.15;34.78
4.6;0.2;17.68;28.14;7.44;7.14;34.79
3.99;0.18;14.87;36.94;6.83;8.51;28.68
5.23;0.47;6.99;45.52;5.76;5.26;30.77
7.31;0.78;9.81;35.6;7.67;6.41;32.42
7.31;0.78;9.81;35.6;7.67;6.41;32.42
4.98;0.19;12.59;34.56;8.73;5.94;33.02
4.76;0.18;14.86;32.46;8.36;8.76;30.62
4.75;0.18;14.86;32.55;8.33;8.79;30.54
4.59;0.24;15.96;36.95;9.0;9.65;23.61
4.41;0.21;16.27;39.24;8.92;7.44;23.52
5.01;0.41;13.17;47.51;7.51;6.94;19.46
6.08;0.3;20.69;31.59;11.31;8.24;21.79
6.08;0.3;20.69;31.59;11.31;8.24;21.79
4.89;0.22;22.49;32.69;10.43;7.88;21.4
4.89;0.22;22.49;32.69;10.43;7.88;21.4
5.86;0.28;21.35;39.38;11.22;6.88;15.03
5.86;0.28;21.35;39.38;11.22;6.88;15.03
6.78;0.32;22.64;28.68;10.77;10.76;20.06
5.56;0.26;22.12;34.73;10.4;8.04;18.89
5.56;0.26;22.12;34.73;10.4;8.04;18.89
5.55;0.36;23.11;25.59;10.92;6.82;27.65
3.81;0.15;16.11;30.32;10.55;5.94;33.12
5.23;0.22;20.36;27.96;11.95;6.91;27.36
5.23;0.22;20.36;27.96;11.95;6.91;27.36
13.11;2.06;13.65;23.21;24.4;2.62;20.95
13.11;2.06;13.65;23.21;24.4;2.62;20.95
6.88;0.1;23.12;18.78;15.83;10.26;25.04
6.77;0.11;15.9;33.35;13.03;5.99;24.86
6.77;0.11;15.9;33.35;13.03;5.99;24.86
6.65;0.07;21.38;18.71;16.56;9.87;26.75
7.1;0.12;19.23;15.66;17.77;11.79;28.32
7.1;0.12;19.23;15.66;17.77;11.79;28.32
6.59;0.14;15.61;24.1;15.21;11.62;26.72
6.59;0.14;15.61;24.1;15.21;11.62;26.73
4.96;0.35;18.81;25.43;12.43;16.75;21.27
4.96;0.35;18.81;25.43;12.43;16.75;21.27
4.31;0.46;17.67;29.5;9.73;19.66;18.67
4.81;0.37;12.2;30.01;9.51;14.09;29.01
4.81;0.37;12.2;30.01;9.51;14.09;29.01
5.92;0.21;14.29;35.86;8.79;13.37;21.56
4.09;0.21;16.14;34.67;9.27;14.15;21.47
4.0;0.21;16.19;34.33;9.43;14.02;21.82
4.79;0.25;16.34;26.02;9.44;7.71;35.45
5.43;0.21;15.71;36.38;9.82;8.8;23.65
5.42;0.21;15.66;36.41;9.96;8.76;23.59
15.62;0.39;14.19;29.98;12.75;3.84;23.24
3.92;0.1;13.35;40.19;10.13;10.98;21.33
3.92;0.1;13.36;40.18;10.13;10.98;21.33
5.91;0.38;15.27;37.07;8.15;16.88;16.34
