angry;disgust;scared;happy;sad;surprised;neutral
5.89;0.01;2.57;0.4;2.73;1.02;87.39
4.54;0.01;4.59;0.42;5.0;1.64;83.81
2.86;0.01;2.14;0.29;2.07;0.78;91.85
2.81;0.0;2.01;0.46;1.66;1.04;92.01
4.31;0.0;3.32;0.45;2.21;0.63;89.07
3.98;0.0;4.15;0.48;2.69;1.28;87.41
2.16;0.0;3.81;0.31;3.02;0.52;90.18
5.03;0.0;4.23;0.55;3.4;1.03;85.76
2.84;0.01;7.29;0.65;2.39;2.03;84.8
3.88;0.01;8.24;1.1;3.22;3.58;79.97
4.11;0.09;12.24;3.94;3.14;13.63;62.84
8.25;0.24;16.47;2.0;8.01;2.22;62.81
7.84;0.35;17.83;5.72;12.93;2.22;53.1
6.07;0.67;11.54;22.19;8.41;1.18;49.94
6.6;0.34;5.64;14.71;9.38;0.42;62.91
8.2;0.55;7.37;23.26;10.11;0.54;49.97
10.38;0.31;9.66;7.75;17.38;0.69;53.83
5.41;0.24;6.52;17.61;12.04;1.15;57.02
4.08;0.2;6.09;29.72;10.54;3.09;46.28
1.51;0.1;2.47;37.25;5.96;1.63;51.08
3.72;0.11;2.9;12.29;11.81;1.16;68.0
3.61;0.18;10.32;7.3;12.23;1.18;65.17
2.23;0.12;4.5;11.78;9.06;1.07;71.24
2.6;0.13;6.13;24.69;17.2;1.11;48.15
9.57;0.14;7.04;44.25;26.27;1.48;11.25
4.13;0.09;7.39;49.38;16.96;2.04;20.01
4.88;0.09;6.0;15.93;23.18;1.09;48.83
3.93;0.05;3.54;31.22;14.13;1.21;45.91
5.24;0.06;12.97;17.8;15.54;2.29;46.1
3.93;0.04;8.29;10.62;8.01;1.43;67.69
6.0;0.1;9.32;6.27;12.02;3.47;62.82
7.99;0.54;1.77;4.92;13.52;0.69;70.56
1.85;0.11;0.99;4.41;8.32;0.27;84.07
1.4;0.03;0.51;3.94;1.86;0.24;92.02
4.13;0.14;3.46;4.64;8.5;1.51;77.61
2.79;0.08;3.51;2.23;7.81;0.61;82.97
1.55;0.1;2.26;2.76;8.65;0.87;83.8
4.79;0.11;5.89;4.35;13.75;2.23;68.89
4.82;0.26;9.4;2.06;21.61;4.24;57.6
6.83;0.12;10.53;2.27;21.53;2.62;56.09
8.26;0.12;12.66;1.9;24.91;2.18;49.97
6.01;0.06;11.92;4.43;17.51;2.0;58.07
4.14;0.05;4.61;6.52;8.31;3.58;72.78
2.53;0.03;6.72;27.43;4.44;12.82;46.04
1.14;0.05;2.68;24.92;8.85;1.24;61.12
2.88;0.22;4.5;37.32;21.94;1.05;32.09
1.71;0.1;3.1;56.9;17.15;0.82;20.22
0.82;0.05;0.96;64.6;8.77;0.3;24.5
1.25;0.15;2.12;62.72;11.26;0.93;21.58
3.15;0.1;3.89;39.63;15.67;0.54;37.02
3.55;0.09;5.28;17.26;18.82;0.81;54.19
2.49;0.07;3.08;14.67;16.18;0.65;62.85
3.32;0.35;2.82;26.57;23.8;0.29;42.84
3.57;0.7;4.12;17.95;25.95;0.49;47.22
1.57;0.57;2.22;14.44;18.19;0.19;62.83
1.06;0.14;0.99;17.66;6.64;0.2;73.31
1.1;0.21;2.0;10.82;10.24;0.36;75.27
1.69;0.37;1.36;9.95;9.77;0.4;76.47
1.17;0.39;2.14;5.77;9.33;0.29;80.89
1.79;0.39;3.06;5.51;21.18;0.52;67.56
2.05;0.81;5.31;9.48;19.89;1.04;61.43
2.42;0.52;2.42;8.39;13.33;1.04;71.88
3.81;1.25;6.19;12.63;16.0;1.64;58.47
5.96;1.54;7.78;14.19;19.25;2.28;49.0
4.47;0.75;6.58;10.06;16.43;1.19;60.51
4.22;1.79;9.15;13.32;22.99;2.58;45.95
5.75;0.83;6.14;17.83;12.7;3.68;53.07
5.11;0.76;8.7;16.31;10.32;3.81;54.98
3.96;1.09;12.62;18.25;10.85;4.44;48.78
5.86;0.49;16.62;20.94;10.28;5.23;40.6
4.99;0.41;13.09;17.94;7.06;5.77;50.74
7.49;0.9;16.04;15.95;8.35;6.65;44.62
2.59;0.11;5.81;10.1;9.61;1.29;70.5
8.06;0.17;12.46;20.47;8.1;5.76;44.98
7.29;0.6;4.81;4.96;15.09;2.63;64.62
3.37;0.14;2.13;3.14;16.11;0.39;74.72
5.75;0.26;4.02;2.93;18.3;0.45;68.29
5.42;0.49;2.62;1.83;17.62;0.22;71.79
6.7;0.13;4.0;3.31;22.06;0.53;63.27
6.02;0.17;4.34;3.01;23.12;0.94;62.4
3.01;0.21;1.93;3.59;17.59;0.34;73.33
3.11;0.28;3.62;2.46;23.58;0.59;66.36
4.31;0.22;3.78;3.7;22.71;1.18;64.1
3.81;0.72;3.2;9.31;44.04;0.82;38.09
3.1;0.18;3.06;4.44;16.03;0.3;72.89
3.52;0.34;1.94;10.85;9.3;0.44;73.6
3.52;0.14;1.56;7.38;9.22;0.38;77.79
3.64;0.43;2.14;6.01;9.87;1.11;76.8
3.08;0.68;1.33;9.2;5.69;0.92;79.1
2.22;0.03;2.98;15.06;4.08;2.93;72.7
1.13;0.01;2.35;7.2;1.31;2.64;85.35
1.98;0.05;4.76;18.82;3.82;5.11;65.47
2.1;0.01;5.57;7.19;3.15;5.04;76.94
1.84;0.02;5.54;4.54;3.65;2.84;81.56
2.82;0.03;9.19;4.74;5.83;2.66;74.73
0.91;0.01;2.1;3.04;2.31;1.39;90.24
1.81;0.06;2.72;4.33;3.47;2.4;85.22
3.05;0.06;4.53;5.33;7.09;2.57;77.37
1.44;0.04;3.24;3.42;3.79;1.25;86.82
1.67;0.09;1.16;1.81;1.53;0.66;93.08
1.62;0.14;1.31;1.24;3.36;0.29;92.03
2.03;0.24;1.33;2.18;4.78;0.27;89.18
1.29;0.11;0.8;1.78;3.0;0.2;92.81
1.72;0.09;0.93;1.21;3.74;0.17;92.15
1.51;0.02;0.65;1.9;2.63;0.18;93.11
1.22;0.05;0.37;1.11;1.49;0.1;95.66
1.22;0.05;0.56;1.44;2.32;0.15;94.26
1.33;0.03;0.51;1.46;2.55;0.12;94.0
1.25;0.03;0.61;1.16;2.45;0.14;94.37
0.65;0.03;0.27;1.0;1.16;0.09;96.79
1.68;0.02;0.89;0.8;2.61;0.23;93.77
1.25;0.03;0.62;1.04;2.01;0.2;94.85
1.42;0.01;0.89;1.44;2.15;0.27;93.81
1.03;0.01;0.53;1.09;1.45;0.26;95.63
1.8;0.03;0.77;0.81;2.14;0.3;94.16
1.31;0.03;0.58;1.58;1.66;0.22;94.62
0.88;0.02;0.53;1.01;1.62;0.26;95.69
1.15;0.05;0.56;1.55;1.48;0.13;95.08
0.83;0.02;0.38;1.32;1.05;0.11;96.3
1.92;0.06;0.65;1.54;1.53;0.1;94.18
2.4;0.08;2.02;5.02;2.0;0.34;88.14
2.17;0.05;0.84;5.86;1.11;0.15;89.82
1.75;0.04;1.02;3.72;2.0;0.26;91.22
1.53;0.04;1.36;6.06;1.58;0.4;89.03
2.24;0.13;4.95;55.7;2.4;1.23;33.35
5.11;0.16;7.35;51.3;2.06;1.69;32.33
4.58;0.04;6.29;58.07;2.12;0.87;28.03
4.01;0.02;8.14;56.19;3.14;1.18;27.32
5.2;0.02;11.53;34.98;11.9;0.95;35.42
6.96;0.09;6.22;69.33;2.37;1.34;13.68
12.55;0.01;30.48;7.98;3.63;4.18;41.18
15.72;0.01;23.94;9.25;3.83;3.63;43.62
8.17;0.0;5.23;20.87;1.75;0.43;63.55
16.46;0.01;26.89;8.3;4.17;3.29;40.88
11.98;0.0;5.03;32.12;1.87;0.49;48.51
11.73;0.01;19.83;8.32;3.2;3.9;53.01
10.64;0.01;20.18;8.38;3.28;3.71;53.8
6.74;0.07;6.53;26.32;5.2;0.2;54.93
13.68;0.01;19.27;8.02;3.18;3.63;52.2
6.88;0.0;4.75;41.01;3.32;0.61;43.42
16.08;0.02;9.23;17.98;10.13;0.29;46.26
16.17;0.01;14.91;17.71;11.09;2.32;37.78
10.85;0.34;3.85;4.42;9.95;0.71;69.87
2.17;0.02;1.13;5.4;2.61;0.85;87.83
1.13;0.05;1.29;12.98;2.68;0.88;81.0
2.46;0.2;3.61;5.58;4.56;1.63;81.96
2.22;0.24;2.63;11.42;4.85;2.15;76.48
2.84;0.19;4.08;9.53;5.1;2.86;75.41
2.67;0.21;4.77;9.8;5.0;2.09;75.46
2.5;0.1;5.05;8.51;5.85;3.14;74.86
1.82;0.09;2.91;8.85;3.98;2.33;80.02
2.17;0.05;2.3;9.82;3.5;1.52;80.64
4.18;0.05;3.88;5.89;4.46;3.37;78.18
2.28;0.08;2.44;3.44;4.84;1.71;85.21
2.33;0.06;2.7;5.96;3.02;1.29;84.65
3.58;0.04;2.99;4.84;2.47;2.63;83.44
2.72;0.02;1.71;3.9;2.59;1.0;88.04
2.56;0.11;2.8;3.26;2.46;1.34;87.47
1.48;0.1;1.04;2.34;1.51;0.48;93.05
1.58;0.1;4.92;4.19;5.5;0.93;82.79
1.45;0.47;2.01;15.97;4.83;0.07;75.19
1.28;0.09;1.24;8.45;3.13;0.04;85.77
1.96;0.32;1.89;5.37;4.31;0.06;86.09
1.51;0.13;1.54;2.73;1.98;0.04;92.06
2.36;0.35;2.0;5.02;4.89;0.05;85.33
1.54;0.19;1.48;8.6;3.62;0.06;84.51
2.0;0.07;2.3;10.93;6.75;0.03;77.91
2.2;0.21;2.03;9.13;4.66;0.04;81.72
5.73;0.07;5.1;10.19;9.16;0.24;69.51
2.39;0.1;2.34;4.91;3.86;0.09;86.32
3.09;0.26;2.04;6.86;4.62;0.07;83.06
2.81;0.2;2.14;4.63;4.53;0.07;85.62
3.38;0.15;2.28;5.72;5.02;0.08;83.37
3.15;0.38;2.87;6.95;3.66;0.04;82.94
3.45;0.25;3.05;9.53;6.36;0.06;77.3
1.64;0.13;1.74;5.94;4.56;0.06;85.93
2.09;0.13;2.58;4.36;4.34;0.07;86.42
1.44;0.78;1.97;5.02;3.93;0.07;86.79
3.43;0.43;1.11;1.7;5.75;0.1;87.48
3.12;0.02;1.21;1.58;4.01;0.14;89.94
10.21;0.1;1.78;1.78;5.98;0.23;79.92
5.72;0.07;2.55;4.36;6.37;0.38;80.55
5.88;0.01;3.62;7.2;6.63;0.53;76.14
3.75;0.05;6.48;7.84;7.69;0.39;73.81
10.64;0.14;10.28;4.34;7.53;0.72;66.35
7.89;0.03;7.98;7.67;5.37;0.35;70.71
4.1;0.01;7.23;25.55;4.15;0.67;58.3
11.51;0.01;8.23;33.59;3.52;0.84;42.3
14.54;0.0;12.34;22.92;11.79;0.32;38.09
12.93;0.0;10.42;21.87;7.23;0.86;46.68
16.5;0.0;21.21;18.38;14.44;1.71;27.76
14.35;0.01;13.61;34.49;14.77;1.16;21.61
22.23;0.01;8.23;29.25;11.37;0.96;27.95
11.48;0.0;3.89;53.78;8.04;0.22;22.6
11.14;0.33;7.66;40.78;26.77;0.12;13.21
13.62;0.01;4.72;47.72;15.29;0.08;18.57
20.27;0.03;9.32;34.0;13.37;0.29;22.72
9.81;0.01;10.3;34.23;15.09;0.15;30.41
14.35;0.0;3.93;55.88;8.96;0.24;16.64
12.12;0.0;2.61;68.64;5.4;0.25;10.98
6.1;0.0;3.86;70.73;7.35;0.08;11.88
17.96;0.03;6.44;35.67;7.98;0.34;31.58
10.21;0.03;4.25;61.24;4.44;0.29;19.54
15.9;0.03;23.47;12.87;4.52;4.91;38.31
16.1;0.03;23.1;12.61;4.75;4.12;39.3
15.53;0.03;12.23;29.58;10.66;0.19;31.78
18.39;0.03;11.29;16.23;9.09;0.18;44.78
16.19;0.01;11.0;8.0;9.39;0.37;55.04
16.71;0.01;6.9;3.95;8.66;0.41;63.36
4.61;0.0;19.73;16.87;5.36;5.16;48.26
14.53;0.06;15.9;0.42;19.05;0.68;49.35
17.97;0.04;27.31;2.41;23.07;1.95;27.26
10.2;0.06;20.31;1.98;25.87;0.33;41.25
18.6;0.08;20.25;1.2;18.76;1.04;40.07
13.29;0.11;21.79;6.43;18.69;0.85;38.84
7.22;0.06;11.05;1.88;11.84;0.62;67.32
7.89;0.04;14.85;1.59;13.05;0.72;61.87
5.88;0.01;9.74;1.85;9.01;0.89;72.62
4.57;0.01;9.07;1.5;5.57;1.74;77.53
2.58;0.01;4.78;1.21;3.4;1.85;86.17
2.48;0.0;2.26;1.61;3.49;0.47;89.69
4.04;0.0;3.41;4.98;4.06;0.75;82.75
4.73;0.01;8.15;6.56;7.85;0.82;71.88
3.99;0.01;7.21;11.28;6.77;0.83;69.9
6.72;0.01;6.84;14.08;6.65;0.63;65.07
3.87;0.08;2.39;12.0;10.64;0.07;70.95
7.34;0.86;4.64;6.14;18.67;0.03;62.32
4.91;0.06;2.69;4.77;10.59;0.04;76.95
2.75;0.01;1.76;4.94;3.91;0.05;86.58
4.21;0.01;3.19;1.0;6.3;0.12;85.17
3.3;0.01;1.42;0.35;4.59;0.08;90.23
3.74;0.01;2.16;0.42;7.25;0.07;86.35
5.52;0.09;1.97;0.4;12.2;0.08;79.74
12.05;0.38;3.77;0.63;22.54;0.05;60.57
4.29;0.05;2.3;0.55;9.32;0.14;83.35
4.21;0.03;3.64;0.98;8.57;0.1;82.48
2.87;0.01;3.09;7.51;4.96;0.12;81.45
5.65;0.0;5.02;15.3;4.09;0.24;69.7
6.34;0.01;7.2;9.0;5.77;0.18;71.51
6.47;0.0;3.71;6.06;7.93;0.15;75.68
9.28;0.02;5.07;3.51;12.79;0.51;68.81
10.45;0.03;2.96;1.38;11.48;0.45;73.25
17.84;0.03;3.19;0.54;16.94;0.3;61.15
13.26;0.02;3.61;0.73;16.31;0.48;65.59
14.61;0.03;4.23;0.81;13.92;0.32;66.08
14.15;0.02;3.62;1.14;13.13;1.06;66.88
9.23;0.02;4.26;0.91;15.01;0.63;69.93
7.6;0.02;2.46;0.85;11.84;0.93;76.32
7.57;0.01;2.96;1.24;9.99;1.51;76.71
7.62;0.01;2.97;0.96;10.06;2.23;76.15
20.29;0.03;20.5;10.24;5.4;3.58;39.96
7.66;0.01;3.15;0.72;9.7;1.94;76.81
8.83;0.01;5.19;0.88;11.9;3.28;69.92
8.98;0.02;5.73;1.11;11.61;4.5;68.05
9.52;0.03;5.24;0.87;15.11;1.61;67.62
5.69;0.02;3.95;0.87;14.05;0.35;75.05
5.38;0.04;4.91;0.79;15.35;0.53;73.01
8.77;0.06;4.13;0.73;16.4;0.33;69.59
11.69;0.13;2.61;0.86;12.88;0.41;71.43
11.99;0.14;2.41;0.5;15.85;0.48;68.62
15.05;0.1;2.94;0.86;20.65;0.48;59.92
20.11;0.27;4.39;0.41;29.88;0.62;44.32
9.09;0.25;4.94;0.17;24.76;0.32;60.46
18.3;0.42;4.34;0.11;23.23;0.13;53.48
16.24;0.3;4.02;0.08;27.21;0.11;52.05
21.79;0.21;3.83;0.14;26.18;0.27;47.58
16.24;0.07;5.7;0.15;33.22;0.18;44.44
10.58;0.12;5.6;0.15;35.59;0.39;47.57
12.45;0.06;6.24;0.15;30.8;0.47;49.84
9.83;0.1;7.72;0.2;32.19;1.08;48.88
16.74;0.79;13.97;0.4;32.15;1.24;34.71
21.62;0.36;12.44;0.82;26.86;2.58;35.31
16.32;0.62;11.35;2.97;19.22;2.12;47.39
9.99;0.2;12.2;5.59;19.13;1.72;51.17
9.65;0.26;6.34;2.17;16.08;1.23;64.28
20.83;0.67;15.26;1.05;18.77;1.23;42.2
16.82;0.67;10.79;2.12;21.0;1.45;47.15
11.13;0.34;9.19;2.17;19.03;2.37;55.76
7.43;0.17;5.57;1.2;10.55;1.17;73.91
10.15;0.3;6.02;2.73;13.53;0.93;66.33
15.18;0.5;6.67;1.58;19.58;1.08;55.41
10.69;0.17;5.64;3.46;18.84;0.9;60.3
10.75;0.14;3.58;2.6;16.87;0.83;65.23
6.91;0.13;6.82;2.74;5.75;2.03;75.61
6.33;0.12;4.51;2.44;11.74;0.29;74.57
5.43;0.08;6.12;5.21;10.57;0.43;72.17
3.57;0.06;3.08;2.87;9.27;0.13;81.01
8.17;0.07;5.35;8.54;8.18;0.39;69.29
9.34;0.03;6.17;3.7;11.09;0.63;69.03
12.2;0.02;7.72;6.42;11.25;0.76;61.63
9.29;0.0;12.91;8.5;18.78;1.36;49.16
17.11;0.02;7.8;8.87;15.57;0.88;49.76
15.07;0.01;21.44;13.0;20.26;3.69;26.53
15.76;0.0;12.39;25.17;18.9;1.17;26.61
10.26;0.01;18.91;8.48;3.8;17.59;40.95
6.72;0.77;21.25;6.84;16.37;21.37;26.68
4.57;0.04;4.74;14.06;20.51;0.22;55.86
7.28;7.35;3.36;7.3;8.13;0.92;65.66
7.65;0.02;14.7;21.85;4.39;5.97;45.42
5.9;10.09;4.32;11.04;6.08;2.94;59.62
6.13;4.01;9.67;9.98;15.42;1.78;53.01
3.65;0.65;3.14;7.78;8.78;3.13;72.87
5.23;1.04;4.08;7.18;12.05;6.52;63.89
5.33;0.88;3.31;8.25;8.12;3.94;70.17
9.64;0.62;8.56;9.11;10.92;5.11;56.04
8.43;0.8;12.88;11.46;8.29;14.4;43.74
3.93;0.31;9.05;9.63;6.75;7.27;63.06
9.88;0.58;10.05;11.86;9.61;7.66;50.36
17.93;0.9;12.32;13.13;11.17;4.72;39.83
9.93;1.75;6.41;5.58;11.07;1.97;63.29
11.06;0.05;5.81;3.89;8.8;2.21;68.18
5.6;0.25;3.25;2.61;7.27;0.92;80.09
4.2;0.15;2.52;2.92;4.94;0.89;84.38
3.62;0.1;2.09;2.07;6.24;0.64;85.25
3.49;0.05;1.71;2.0;5.66;1.07;86.02
3.53;0.14;2.22;3.0;6.77;0.79;83.55
3.32;0.05;2.72;1.35;5.01;1.2;86.35
7.02;0.03;2.98;0.93;3.5;0.6;84.94
7.83;0.04;5.65;1.45;3.88;0.36;80.8
5.47;0.15;12.65;1.46;3.93;0.18;76.16
2.52;0.03;6.12;1.49;2.88;0.36;86.6
8.0;0.17;20.76;2.74;7.42;0.8;60.11
3.75;0.14;8.24;3.75;10.67;0.18;73.28
4.02;0.07;14.0;32.11;18.26;1.82;29.73
5.26;0.37;7.8;9.14;9.99;0.42;67.02
3.22;0.98;4.46;43.74;3.5;0.74;43.36
5.55;1.24;7.14;29.03;5.22;0.75;51.08
4.74;0.29;6.77;7.46;11.34;0.35;69.05
7.16;0.37;6.97;9.39;10.39;0.58;65.12
2.95;0.26;4.38;6.46;3.08;0.4;82.47
2.44;0.12;6.34;5.65;2.91;0.38;82.16
2.13;0.38;4.74;6.65;2.47;1.44;82.18
2.51;0.56;5.55;11.01;2.36;1.1;76.9
4.02;1.5;8.0;8.83;3.43;2.43;71.79
2.65;0.18;13.36;6.72;1.59;2.36;73.14
2.19;0.02;19.62;7.57;1.38;4.55;64.67
2.1;0.03;16.58;4.05;1.47;3.0;72.78
2.57;0.01;17.99;7.13;2.31;3.55;66.45
6.77;0.01;27.62;5.66;3.71;2.87;53.38
6.77;0.03;21.24;4.17;3.06;3.78;60.95
4.49;13.27;18.24;13.95;25.56;2.63;21.85
7.34;0.1;18.63;9.71;5.36;4.64;54.23
10.42;0.04;24.96;9.07;4.96;5.62;44.94
10.66;0.04;30.71;11.55;5.05;6.27;35.73
8.24;0.04;18.41;16.55;3.56;5.62;47.57
5.74;0.02;14.09;5.71;3.04;2.76;68.65
9.19;0.05;19.05;9.19;4.45;3.51;54.55
10.28;0.02;24.46;9.51;4.02;10.04;41.67
13.14;0.02;25.78;9.47;6.44;13.33;31.82
14.9;0.87;26.56;15.48;16.21;3.92;22.05
13.64;0.21;30.26;14.04;19.87;3.9;18.08
11.81;0.02;6.98;4.94;5.51;4.11;66.63
6.01;0.02;7.85;2.91;5.59;3.32;74.3
8.68;0.03;16.92;5.52;7.23;9.18;52.44
6.12;0.03;12.61;7.68;5.78;5.57;62.2
9.48;0.02;8.34;4.01;4.1;2.88;71.17
9.26;0.01;11.86;2.18;5.79;10.1;60.79
9.74;0.02;9.09;4.73;3.76;8.75;63.92
9.16;0.01;14.44;3.11;5.51;9.46;58.31
10.72;0.01;16.92;2.58;5.64;12.84;51.29
11.61;0.05;14.18;2.2;5.59;12.72;53.65
10.33;0.29;3.95;5.08;12.34;1.55;66.46
6.04;0.76;2.98;1.43;12.56;0.43;75.79
8.65;2.6;2.8;2.19;12.77;0.29;70.72
8.88;3.0;2.98;2.81;12.48;0.31;69.54
10.64;0.77;2.99;1.09;11.59;0.4;72.52
5.19;0.24;1.27;2.11;8.9;0.57;81.73
6.92;0.26;1.27;5.72;12.86;0.55;72.42
4.54;0.11;0.8;7.54;8.74;0.44;77.83
6.67;0.17;1.37;8.52;16.08;0.48;66.71
5.19;0.05;1.71;4.13;10.53;0.47;77.92
5.39;0.05;0.93;10.37;8.49;0.64;74.13
6.83;0.12;2.2;5.65;14.36;0.61;70.24
3.18;0.04;1.57;2.34;10.49;0.76;81.62
4.63;0.05;1.07;5.57;7.1;0.18;81.41
5.23;0.04;1.73;3.1;10.12;0.47;79.31
2.32;0.02;1.4;3.74;7.65;0.44;84.44
2.43;0.02;1.62;3.34;8.05;0.34;84.21
2.98;0.02;1.96;4.13;9.08;0.59;81.24
3.23;0.02;1.79;3.68;6.43;1.01;83.84
3.19;0.02;3.02;3.28;8.61;2.32;79.56
2.89;0.01;1.98;4.67;6.51;1.46;82.48
3.5;0.02;2.1;4.48;9.55;0.6;79.76
7.24;0.2;2.0;9.82;13.77;0.17;66.79
4.91;0.04;2.05;2.99;13.34;0.19;76.47
7.09;0.02;2.98;3.71;8.19;0.73;77.27
6.99;0.01;2.97;2.44;5.21;0.97;81.41
7.15;0.03;3.84;4.52;4.13;1.35;78.99
5.16;0.01;5.51;2.14;3.71;1.4;82.07
5.09;0.06;1.61;6.31;6.39;0.32;80.22
2.05;0.09;0.69;3.94;4.01;0.05;89.17
2.95;0.06;1.0;4.76;6.18;0.07;84.99
1.59;0.01;0.81;3.57;3.21;0.16;90.65
1.26;0.0;1.22;4.1;2.18;0.32;90.91
2.21;0.01;1.32;3.23;2.7;0.35;90.17
2.1;0.0;0.88;2.65;1.84;0.35;92.17
3.7;0.01;1.69;1.81;2.47;0.53;89.8
2.08;0.0;1.07;2.66;1.47;0.68;92.03
2.34;0.0;1.28;2.29;1.81;0.83;91.43
4.17;0.01;1.8;1.74;2.53;0.79;88.95
2.9;0.0;1.46;1.86;2.37;0.86;90.55
1.73;0.0;2.55;1.31;1.4;1.36;91.66
2.76;0.0;2.73;0.81;1.8;1.69;90.21
4.43;0.01;7.42;1.12;2.67;3.17;81.19
4.36;0.0;5.58;0.94;2.36;3.09;83.67
3.86;0.0;6.38;0.82;2.2;3.09;83.65
3.5;0.01;2.46;1.33;1.27;1.09;90.35
2.4;0.0;2.89;1.64;1.36;1.84;89.86
3.44;0.01;3.9;3.01;1.95;2.61;85.09
5.05;0.02;4.65;4.34;2.03;3.09;80.84
2.87;0.01;4.07;3.13;1.71;2.02;86.19
6.18;0.01;15.35;2.81;2.69;5.87;67.08
3.65;0.01;11.32;3.01;2.17;4.12;75.72
4.38;0.01;12.25;1.86;3.1;4.04;74.36
3.08;0.01;10.41;1.6;3.15;3.69;78.06
6.54;0.01;15.03;1.57;3.4;5.39;68.07
4.83;0.01;12.11;2.12;3.07;3.86;74.0
4.76;0.03;8.89;1.74;3.14;3.15;78.28
5.52;0.03;4.03;1.58;2.46;0.75;85.63
5.17;0.06;2.88;1.42;2.76;1.12;86.59
4.6;0.02;2.82;1.35;2.26;0.65;88.29
4.19;0.03;2.76;1.19;2.37;1.28;88.19
3.79;0.02;2.59;1.14;1.98;1.46;89.01
4.18;0.02;3.0;0.98;2.55;2.31;86.96
4.34;0.04;3.3;1.03;1.95;2.0;87.35
4.4;0.03;1.83;0.79;1.85;1.28;89.81
4.77;0.17;1.59;2.77;3.33;0.75;86.61
3.69;0.35;0.93;1.16;4.1;0.09;89.68
6.35;0.27;1.49;1.69;7.46;0.18;82.56
2.52;0.14;0.84;1.68;2.16;0.2;92.47
5.07;0.1;1.77;1.24;2.49;0.58;88.75
5.18;0.04;1.88;0.8;1.92;0.59;89.58
3.7;0.04;0.96;1.02;1.51;0.63;92.12
3.35;0.01;1.46;1.98;1.43;0.94;90.82
2.86;0.02;1.54;4.59;1.4;0.69;88.89
2.91;0.02;1.52;2.58;1.88;0.66;90.42
7.84;0.04;2.43;1.15;3.54;0.55;84.45
4.38;0.01;2.89;2.07;2.39;0.96;87.31
7.88;0.04;5.25;1.97;3.73;3.12;78.01
5.6;0.02;2.66;0.87;3.98;1.46;85.42
6.15;0.03;3.63;1.81;3.38;2.1;82.91
5.3;0.03;1.79;1.3;3.36;0.82;87.39
6.52;0.04;2.88;1.84;3.98;1.78;82.97
7.35;0.05;2.62;1.16;4.63;1.29;82.89
6.35;0.04;2.53;1.47;4.13;1.49;83.98
4.85;0.03;1.41;0.73;3.39;0.49;89.1
5.35;0.03;2.04;1.03;3.44;1.31;86.79
7.98;0.04;3.79;1.7;4.49;1.34;80.66
3.37;0.02;1.1;1.24;2.16;0.46;91.65
7.39;0.04;2.56;1.43;4.06;0.84;83.68
7.85;0.03;2.67;1.04;4.27;0.78;83.37
10.3;0.06;3.52;1.08;5.04;0.95;79.06
6.55;0.03;2.51;1.29;3.27;0.77;85.59
5.4;0.02;1.49;0.67;2.76;0.79;88.88
4.76;0.02;2.17;0.6;4.36;0.81;87.28
3.88;0.03;1.42;0.83;2.67;0.27;90.9
3.51;0.01;1.08;0.92;2.81;0.22;91.44
6.86;0.02;1.9;0.84;4.01;0.51;85.85
8.85;0.04;1.77;0.65;5.54;0.42;82.73
6.15;0.03;1.38;0.57;4.84;0.34;86.68
4.59;0.02;1.01;0.57;3.85;0.25;89.7
4.89;0.03;1.29;0.62;4.09;0.25;88.83
3.52;0.1;1.05;1.33;4.58;0.12;89.3
4.55;0.07;0.94;0.82;5.41;0.07;88.15
4.65;0.08;0.98;0.74;6.24;0.06;87.24
4.08;0.06;1.25;0.79;4.95;0.11;88.77
3.87;0.05;0.97;0.49;4.41;0.14;90.07
3.17;0.06;0.93;0.68;3.67;0.17;91.31
2.93;0.08;1.6;0.79;4.98;0.36;89.26
3.31;0.1;1.94;0.92;5.77;0.24;87.72
2.7;0.07;1.59;0.94;3.44;0.39;90.87
3.21;0.07;0.86;0.88;2.69;0.26;92.03
4.03;0.04;1.43;0.7;5.3;0.22;88.27
8.0;0.28;1.7;1.3;10.72;0.28;77.72
4.3;0.31;1.39;1.69;4.91;0.08;87.32
5.16;0.12;1.45;0.66;8.76;0.1;83.74
3.49;0.04;0.81;0.42;3.19;0.22;91.83
6.61;0.03;1.15;0.72;3.78;0.21;87.5
5.2;0.03;0.84;0.69;2.08;0.27;90.89
3.86;0.01;0.77;0.45;1.94;0.38;92.59
3.08;0.01;0.88;0.31;1.87;0.43;93.41
2.56;0.01;0.58;0.2;1.43;0.24;94.98
3.59;0.01;0.95;0.43;1.82;0.44;92.75
3.64;0.01;1.07;0.32;2.24;0.3;92.4
3.54;0.01;0.92;0.24;2.15;0.35;92.78
4.46;0.01;1.1;0.28;2.08;0.3;91.77
5.27;0.02;1.75;0.37;2.64;0.4;89.54
3.41;0.02;1.45;0.41;2.42;0.41;91.89
3.89;0.02;1.4;0.42;2.93;0.32;91.03
5.48;0.02;1.27;0.58;2.3;0.42;89.92
3.68;0.01;1.3;0.4;2.16;0.33;92.11
3.04;0.01;1.2;0.37;2.25;0.35;92.78
2.98;0.01;0.88;0.52;1.77;0.4;93.44
6.44;0.02;1.87;0.64;3.01;0.42;87.59
5.24;0.02;2.15;0.66;3.51;0.46;87.96
4.57;0.01;1.86;0.54;3.65;0.45;88.93
4.48;0.02;1.88;0.99;2.45;0.46;89.72
4.55;0.01;2.28;0.78;2.32;0.63;89.43
5.06;0.03;1.36;0.83;1.94;0.34;90.44
5.93;0.03;2.63;0.71;3.65;0.47;86.59
5.87;0.02;2.82;1.19;2.39;0.74;86.95
6.22;0.02;2.62;0.86;2.87;0.67;86.73
3.69;0.02;1.51;1.14;1.96;0.41;91.27
6.23;0.03;2.77;1.61;3.45;0.57;85.35
5.15;0.01;2.88;1.01;2.22;0.93;87.81
7.11;0.04;5.15;0.92;4.06;1.64;81.08
8.35;0.03;4.49;1.8;2.86;1.78;80.67
3.17;0.02;1.67;0.61;1.49;0.56;92.49
5.46;0.02;3.05;0.63;2.24;1.59;87.01
5.4;0.02;3.0;0.64;2.02;1.4;87.53
4.8;0.02;1.63;0.56;1.48;0.91;90.62
3.21;0.01;1.76;0.68;1.51;0.64;92.19
5.15;0.01;2.12;0.5;1.93;1.27;89.02
4.63;0.01;1.82;0.59;1.53;0.64;90.78
6.48;0.03;3.45;0.91;2.36;1.77;84.99
5.99;0.03;3.07;0.92;2.01;0.9;87.09
5.03;0.01;2.01;0.54;2.02;0.6;89.79
5.02;0.01;2.37;0.51;2.54;0.57;88.98
4.33;0.01;1.81;0.58;1.72;0.96;90.58
5.61;0.01;2.84;0.46;2.92;0.84;87.32
5.76;0.03;2.48;1.23;2.45;0.64;87.42
5.13;0.04;1.7;0.77;1.77;0.31;90.28
4.92;0.02;1.52;0.88;1.89;0.26;90.51
8.55;0.03;2.35;0.67;2.11;0.66;85.63
13.66;0.03;5.49;0.86;3.0;2.59;74.37
8.76;0.01;2.98;0.63;2.4;1.45;83.77
16.06;0.04;7.96;0.9;3.4;5.19;66.44
9.88;0.04;4.92;0.69;3.46;2.59;78.42
8.86;0.02;3.8;0.48;3.31;1.82;81.72
14.74;0.07;8.45;0.77;3.91;4.25;67.83
10.8;0.03;4.01;0.63;2.5;2.22;79.81
8.16;0.02;3.16;0.74;2.56;2.04;83.31
6.63;0.01;2.43;0.78;1.94;1.51;86.71
11.13;0.03;4.65;0.57;2.79;3.6;77.24
7.66;0.02;3.53;0.84;2.69;1.37;83.9
8.8;0.01;3.9;0.61;2.67;1.38;82.63
7.41;0.01;3.37;0.94;2.81;1.62;83.84
12.43;0.04;6.13;0.64;3.53;4.26;72.95
9.53;0.02;5.11;0.66;3.38;3.36;77.93
5.19;0.02;4.13;0.47;5.04;2.14;83.02
11.6;0.07;25.09;19.74;5.59;5.13;32.77
2.55;0.07;1.01;0.65;4.19;0.67;90.86
2.08;0.08;0.68;0.35;4.07;0.29;92.46
4.56;0.09;1.62;0.69;5.48;0.8;86.77
4.09;0.06;1.48;0.96;6.3;0.57;86.54
3.26;0.16;0.7;0.72;3.72;0.27;91.17
2.25;0.1;0.41;0.91;3.69;0.18;92.46
4.21;0.13;0.75;0.93;5.11;0.41;88.47
3.52;0.08;0.79;0.89;3.97;0.49;90.25
5.26;0.04;1.17;0.82;5.96;0.49;86.25
3.68;0.08;1.36;1.23;6.89;0.52;86.24
3.3;0.15;1.11;1.47;4.7;0.46;88.81
2.55;0.08;0.96;1.3;4.57;0.38;90.15
3.3;0.13;0.65;0.88;4.14;0.31;90.59
3.0;0.13;0.75;0.88;4.64;0.4;90.19
2.86;0.22;0.62;0.89;4.21;0.28;90.92
4.67;0.12;0.89;1.43;4.75;0.3;87.84
2.94;0.17;0.55;0.97;4.1;0.17;91.09
5.33;0.11;1.2;1.0;4.63;0.41;87.32
5.41;0.13;1.09;1.22;4.15;0.45;87.55
19.32;0.02;8.8;9.91;7.11;2.78;52.06
2.38;0.06;0.61;1.38;3.4;0.21;91.95
2.34;0.02;1.07;1.22;3.37;0.79;91.2
20.41;0.02;19.53;0.55;11.5;3.71;44.29
20.9;0.03;27.19;1.53;6.19;15.94;28.22
15.2;0.03;42.22;1.16;5.57;19.55;16.26
36.13;0.05;21.75;0.76;6.4;8.07;26.83
28.67;0.04;22.46;1.06;5.78;10.96;31.03
20.0;0.03;40.64;0.9;4.24;9.3;24.89
6.75;0.05;27.17;10.78;5.37;3.66;46.22
18.28;0.02;33.47;0.57;4.46;6.79;36.41
12.47;0.02;25.05;0.41;2.85;4.51;54.69
8.28;0.01;22.42;0.41;3.31;4.36;61.2
8.67;0.02;14.01;0.41;3.65;2.42;70.83
9.55;0.03;8.5;0.49;5.3;1.84;74.29
15.47;0.02;14.4;0.36;4.75;3.39;61.61
5.73;0.01;6.02;0.31;1.99;1.95;84.0
10.87;0.01;8.18;0.21;4.3;1.25;75.17
7.02;0.01;4.98;0.22;2.77;1.29;83.7
12.47;0.01;11.09;0.26;3.71;3.69;68.78
8.09;0.1;6.24;1.62;4.79;7.73;71.42
2.86;0.07;1.08;1.28;3.26;0.42;91.02
2.15;0.06;0.63;1.57;4.45;0.08;91.05
2.27;0.29;0.9;2.31;4.66;0.16;89.41
1.99;0.05;0.46;1.07;2.01;0.19;94.23
1.81;0.06;0.55;0.99;3.08;0.27;93.24
2.13;0.02;0.64;0.8;3.35;0.31;92.76
1.86;0.02;0.57;0.91;2.11;0.3;94.24
2.55;0.05;0.84;0.84;3.19;0.39;92.13
17.97;0.04;28.23;14.9;5.85;3.27;29.74
1.43;0.01;0.72;1.6;1.52;0.37;94.36
0.96;0.04;0.62;0.9;2.12;0.43;94.92
1.26;0.02;0.64;1.08;1.83;0.54;94.64
1.48;0.02;0.7;0.6;1.68;0.34;95.18
0.98;0.01;0.53;0.49;1.3;0.22;96.47
1.28;0.01;1.14;0.56;1.36;0.44;95.21
1.35;0.01;1.32;0.83;2.07;0.79;93.63
1.39;0.01;1.1;0.48;1.32;0.72;94.97
1.77;0.01;1.45;0.45;1.9;1.83;92.59
2.47;0.01;1.53;0.38;2.26;0.92;92.44
2.2;0.02;1.12;0.31;1.49;0.75;94.11
2.34;0.01;1.2;0.4;2.08;0.46;93.5
3.82;0.11;1.57;1.67;6.63;0.28;85.92
1.85;0.33;0.66;0.81;2.87;0.06;93.42
3.11;0.3;1.48;1.8;4.32;0.07;88.93
2.45;0.04;1.03;0.57;3.12;0.04;92.74
3.71;0.02;1.49;0.66;2.62;0.1;91.41
2.33;0.01;0.99;0.91;1.09;0.16;94.51
4.07;0.04;1.58;0.73;3.01;0.13;90.44
3.37;0.19;1.6;1.84;5.1;0.05;87.84
1.78;0.02;0.75;0.84;1.97;0.04;94.6
2.58;0.02;1.41;0.67;2.57;0.07;92.68
2.61;0.03;2.76;0.31;2.52;0.77;91.0
13.7;0.7;2.16;1.47;8.16;0.22;73.58
14.11;4.2;6.27;6.57;16.81;0.58;51.47
13.32;2.71;10.05;3.01;11.76;0.31;58.83
10.83;0.55;22.47;0.88;8.43;0.43;56.4
13.33;0.85;15.25;0.94;12.02;0.29;57.33
18.69;0.55;21.21;2.22;18.1;0.98;38.24
11.87;2.4;7.43;1.26;41.85;0.47;34.72
28.01;2.12;14.61;1.31;21.17;0.67;32.11
14.79;0.51;11.05;0.6;23.09;0.85;49.1
12.76;0.41;16.99;0.82;15.54;0.79;52.69
7.11;0.13;32.73;1.97;12.27;1.53;44.25
5.11;0.17;36.51;1.4;10.62;1.64;44.55
8.04;0.49;40.54;0.58;19.32;2.37;28.66
10.53;0.53;38.85;0.79;13.41;2.69;33.19
17.66;1.11;21.92;0.85;25.24;2.52;30.7
33.11;0.94;15.7;0.94;18.46;0.9;29.95
42.41;1.11;24.18;0.75;12.75;1.91;16.88
36.14;3.1;28.35;1.28;14.75;3.8;12.58
31.86;4.07;34.17;1.51;11.26;6.73;10.4
20.92;3.08;43.28;0.88;14.76;4.86;12.22
31.77;2.66;34.57;0.89;13.07;4.32;12.72
29.87;0.79;30.7;1.35;17.35;3.21;16.73
51.95;3.51;20.15;0.66;11.91;2.04;9.76
25.39;1.57;38.2;1.55;13.54;8.34;11.4
32.49;2.69;33.78;1.91;8.92;7.17;13.04
29.25;2.33;38.89;1.22;8.84;8.37;11.1
12.39;0.53;49.88;1.25;8.66;13.48;13.8
37.91;1.4;39.64;0.75;7.58;2.7;10.01
39.73;2.58;38.55;0.33;7.21;1.4;10.21
32.42;2.83;41.84;0.37;11.02;1.55;9.97
13.23;0.02;23.54;10.17;3.93;3.67;45.43
35.56;2.71;34.03;0.31;9.5;1.22;16.67
26.41;4.17;39.53;0.42;12.08;1.06;16.34
10.27;0.02;29.71;7.81;4.29;4.35;43.55
10.01;0.41;61.25;0.54;6.46;5.08;16.24
8.75;0.4;62.66;0.55;5.37;3.92;18.36
9.81;0.54;51.03;0.47;8.72;2.36;27.08
5.26;0.09;47.13;0.83;6.46;6.82;33.41
23.99;0.89;45.0;0.5;8.35;1.86;19.41
27.98;0.81;49.82;0.24;8.27;1.3;11.56
10.47;0.02;32.68;12.03;4.89;3.56;36.36
14.86;0.02;33.49;12.9;4.85;3.08;30.8
10.54;0.01;24.62;12.04;3.49;3.88;45.42
12.91;0.01;28.21;12.89;4.34;2.82;38.81
11.46;0.02;24.38;12.28;3.53;3.83;44.49
13.59;0.02;27.47;15.53;4.47;4.16;34.75
14.27;0.02;30.56;14.48;5.0;3.23;32.44
12.77;0.03;27.87;16.1;5.71;4.29;33.23
11.46;0.01;23.81;12.63;3.49;3.32;45.27
12.0;0.01;26.75;11.45;3.67;3.35;42.77
10.93;0.01;25.53;10.3;3.55;3.14;46.54
13.11;0.02;24.43;10.09;3.56;3.61;45.18
9.95;0.01;21.3;10.77;3.5;2.93;51.54
10.97;0.02;19.47;11.55;2.8;3.17;52.02
12.22;0.01;25.71;11.12;3.7;3.15;44.08
11.9;0.02;23.09;11.18;3.63;3.85;46.34
8.29;0.03;22.82;15.33;4.54;4.72;44.26
10.46;0.02;24.35;14.42;3.75;5.13;41.87
12.59;0.02;27.15;13.74;3.79;4.23;38.48
10.54;0.01;27.66;11.96;3.11;3.23;43.48
11.22;0.03;28.02;14.99;4.57;4.77;36.4
12.01;0.02;22.52;12.98;3.18;4.58;44.72
13.09;0.03;24.47;15.18;4.14;4.19;38.89
12.98;0.03;24.48;14.56;3.88;4.16;39.92
10.83;0.02;24.36;16.26;3.23;3.66;41.63
12.55;0.02;26.29;12.17;3.98;3.86;41.13
11.25;0.03;29.69;13.89;5.93;4.01;35.2
11.17;0.03;26.84;14.05;5.33;3.6;38.98
9.89;0.02;24.88;12.0;3.58;4.81;44.83
11.11;0.05;22.23;12.2;5.03;5.62;43.77
12.35;0.02;21.81;11.46;3.45;4.37;46.55
13.12;0.01;24.22;9.64;4.26;3.35;45.39
20.06;0.28;38.83;0.49;14.94;1.61;23.79
13.37;0.03;26.22;12.89;5.26;3.61;38.62
13.39;0.04;32.96;12.06;7.04;4.15;30.37
10.34;0.44;53.64;0.69;17.16;0.93;16.8
19.49;1.66;52.83;0.4;12.68;1.26;11.69
13.38;0.02;33.53;9.66;5.65;3.6;34.15
13.64;0.03;33.63;10.96;5.57;3.34;32.83
14.84;0.05;29.25;21.65;7.62;4.11;22.49
15.72;0.06;30.7;18.93;8.57;3.89;22.12
10.07;0.5;54.16;0.93;6.98;2.09;25.27
7.37;0.29;57.16;1.31;5.96;2.93;24.99
14.85;0.03;27.83;12.64;5.06;4.23;35.36
12.39;1.82;62.02;1.45;7.51;2.58;12.23
16.67;2.08;56.19;2.36;8.43;3.07;11.19
10.91;1.97;57.88;1.82;10.53;4.34;12.55
13.33;0.05;25.74;20.47;7.46;3.41;29.54
22.34;0.1;26.67;16.74;8.39;3.04;22.71
7.51;0.07;28.11;19.58;3.92;14.96;25.87
6.14;0.0;20.83;8.42;3.56;13.41;47.64
2.09;0.45;2.09;1.7;9.61;0.11;83.95
4.23;0.59;3.83;1.28;18.63;0.12;71.32
3.76;0.99;2.89;1.4;17.32;0.09;73.55
2.32;1.2;2.64;1.68;14.63;0.18;77.34
4.04;0.17;3.35;1.22;20.26;0.31;70.66
6.89;0.2;4.11;1.19;9.34;0.43;77.85
3.83;0.12;3.06;1.73;4.06;0.42;86.8
6.15;0.06;2.65;0.8;4.55;0.42;85.37
5.03;0.07;2.6;0.54;3.42;0.72;87.63
5.8;0.05;3.07;0.4;3.79;0.76;86.12
6.58;0.06;3.7;1.18;4.03;1.09;83.35
9.04;0.12;4.74;0.8;4.22;2.2;78.87
8.48;0.13;3.86;1.2;4.1;1.97;80.26
6.79;0.03;3.26;1.37;3.2;2.48;82.87
6.89;0.04;2.87;0.94;2.48;2.0;84.78
8.01;0.08;4.34;1.66;2.84;2.87;80.21
14.27;0.06;7.92;1.17;5.64;6.53;64.42
7.42;0.06;4.96;0.95;3.17;3.63;79.81
6.55;0.06;3.66;1.24;3.31;3.44;81.74
2.97;0.06;2.83;1.72;2.17;2.87;87.38
5.75;0.09;3.57;1.81;2.66;3.72;82.4
4.01;0.08;3.6;1.85;2.6;4.33;83.53
3.68;0.1;3.28;1.31;3.26;3.76;84.61
3.77;0.08;2.8;1.4;3.02;4.57;84.37
9.98;0.09;9.53;1.59;5.26;6.31;67.23
7.57;0.1;5.18;1.89;3.75;5.44;76.06
3.91;0.08;1.94;1.29;2.48;3.05;87.25
2.02;0.08;2.69;2.07;2.05;4.21;86.87
1.35;0.05;2.31;1.65;2.23;2.87;89.55
3.26;0.06;3.88;2.32;2.95;5.04;82.5
2.09;0.06;3.19;1.84;2.44;4.54;85.84
3.34;0.05;5.28;2.12;2.96;4.56;81.68
2.45;0.06;4.19;1.25;2.66;4.73;84.67
1.63;0.04;3.2;1.71;2.42;3.23;87.76
2.0;0.05;3.03;1.7;2.12;3.23;87.87
2.06;0.07;2.86;1.85;2.32;2.76;88.08
4.79;0.08;3.52;1.23;3.45;3.41;83.52
5.19;0.12;4.36;1.63;3.4;3.53;81.77
12.23;0.18;4.76;1.97;3.85;3.82;73.18
6.32;0.24;2.93;1.54;2.67;3.32;82.98
9.12;0.19;2.81;1.42;3.64;2.62;80.21
4.71;0.13;3.92;1.65;4.02;2.87;82.69
5.22;0.14;3.28;0.96;3.83;3.12;83.45
10.35;0.26;4.77;1.25;5.65;2.86;74.85
4.78;0.1;2.96;1.01;4.2;1.84;85.11
4.67;0.08;2.67;0.97;3.99;1.85;85.77
6.03;0.11;2.93;0.98;5.11;1.79;83.06
3.75;0.11;1.74;0.75;1.99;0.79;90.88
7.37;0.18;2.08;0.59;3.22;1.8;84.76
6.3;0.14;3.43;0.73;3.38;0.8;85.23
4.87;0.07;1.8;0.68;2.11;1.16;89.33
6.15;0.17;4.02;0.85;3.89;0.57;84.35
7.25;0.17;4.28;0.79;4.58;0.7;82.24
5.52;0.14;4.12;0.58;3.29;0.74;85.62
6.63;0.12;2.75;0.65;2.94;0.91;85.99
4.76;0.13;4.1;0.64;3.42;0.65;86.31
3.3;0.05;2.44;0.45;2.34;0.58;90.84
4.46;0.06;3.33;0.57;2.09;1.53;87.97
2.43;0.02;1.91;0.31;1.87;0.79;92.67
2.71;0.02;1.82;0.32;1.97;0.52;92.64
3.93;0.08;1.89;0.53;2.92;0.35;90.3
6.32;0.07;3.68;0.53;3.76;0.4;85.23
5.65;0.13;1.95;0.41;3.16;0.2;88.5
4.14;0.07;1.28;0.69;2.58;0.14;91.09
3.17;0.03;1.38;0.36;1.64;0.26;93.16
1.96;0.01;1.41;0.32;1.28;0.34;94.66
2.51;0.02;1.4;0.26;1.71;0.25;93.85
1.97;0.01;1.98;0.29;1.47;0.52;93.76
1.42;0.0;0.93;0.17;0.86;0.4;96.22
1.88;0.03;1.52;0.28;1.47;0.41;94.42
2.08;0.03;1.32;0.2;1.93;0.25;94.21
3.13;0.04;1.81;0.24;2.27;0.54;91.98
2.9;0.03;1.56;0.24;1.89;0.9;92.47
1.85;0.03;1.26;0.2;1.39;0.22;95.05
2.85;0.04;2.58;0.34;2.1;0.62;91.46
1.89;0.03;1.54;0.22;1.56;0.41;94.35
2.14;0.01;1.92;0.21;1.62;0.71;93.38
4.09;0.03;2.72;0.44;2.68;0.59;89.46
3.9;0.03;2.96;0.29;2.77;0.62;89.43
4.79;0.05;5.15;0.28;3.58;1.31;84.84
5.35;0.05;4.04;0.58;3.18;0.7;86.12
3.79;0.03;4.4;0.38;2.65;0.73;88.02
4.16;0.03;4.42;0.34;3.09;0.72;87.24
4.77;0.02;3.89;0.42;2.41;0.76;87.73
5.83;0.05;6.52;0.5;3.36;1.46;82.27
6.37;0.05;5.74;0.36;3.77;1.01;82.72
3.21;0.01;6.2;0.61;2.45;1.19;86.32
2.93;0.01;4.6;0.68;2.4;1.37;88.01
5.87;0.02;6.62;0.66;3.08;2.05;81.71
6.05;0.04;6.09;0.5;3.64;1.14;82.53
5.33;0.01;5.13;0.54;2.6;1.37;85.02
4.97;0.03;7.23;0.6;4.19;1.17;81.8
7.42;0.05;10.25;0.91;4.6;1.94;74.83
8.19;0.04;8.87;0.99;6.35;1.79;73.78
6.03;0.02;5.84;0.76;4.24;1.26;81.86
62.98;0.07;9.22;6.28;13.84;0.14;7.47
8.68;0.04;26.77;17.02;5.3;3.89;38.31
9.24;0.03;31.25;13.77;5.09;3.35;37.28
7.13;0.01;16.76;0.63;4.08;2.96;68.43
8.95;0.03;25.5;15.36;4.24;4.73;41.18
6.1;0.01;18.01;0.87;3.25;3.09;68.68
14.72;0.05;29.79;14.6;5.36;3.8;31.67
1.99;0.01;5.88;0.36;2.49;0.47;88.81
4.67;0.01;12.14;0.49;2.78;3.74;76.16
2.54;0.0;5.2;0.55;1.83;3.19;86.7
3.93;0.0;3.46;0.46;2.61;1.92;87.62
24.49;0.42;32.9;10.08;20.48;0.35;11.29
3.87;0.07;1.97;0.32;2.75;0.1;90.9
4.75;0.04;2.3;0.53;1.91;0.18;90.28
6.76;0.04;5.05;0.4;2.45;0.37;84.93
6.06;0.01;1.97;0.39;1.8;0.61;89.15
5.69;0.01;2.45;0.33;2.04;0.54;88.94
7.3;0.01;2.88;0.28;2.92;0.72;85.89
10.56;0.02;4.31;0.29;3.21;0.85;80.76
3.94;0.01;3.7;0.51;3.74;1.56;86.54
4.51;0.01;3.19;0.32;3.29;1.64;87.04
3.08;0.01;2.12;0.19;2.53;0.84;91.24
5.4;0.01;3.01;0.52;2.53;1.88;86.65
7.54;0.01;3.57;0.36;2.16;2.28;84.09
7.49;0.0;4.62;0.26;2.46;4.48;80.69
8.84;0.0;5.56;0.2;2.88;3.88;78.64
7.19;0.0;4.41;0.23;2.2;3.17;82.79
7.5;0.0;5.82;0.22;3.16;7.57;75.73
8.23;0.0;4.72;0.25;3.16;3.01;80.63
11.86;0.01;10.1;0.3;5.74;6.4;65.58
7.98;0.03;24.55;14.17;3.28;4.71;45.27
7.19;0.02;11.56;0.52;4.33;7.46;68.93
9.36;0.03;24.97;14.46;3.57;4.19;43.43
13.79;0.05;23.6;13.64;3.48;4.78;40.66
2.75;0.0;7.56;0.6;1.75;10.71;76.62
4.44;0.01;9.14;0.38;2.84;8.72;74.47
5.91;0.02;8.82;0.63;2.26;7.85;74.52
8.03;0.02;6.08;0.33;2.46;6.91;76.18
11.04;0.02;17.27;0.49;4.76;10.53;55.89
11.62;0.02;14.83;0.6;4.81;14.7;53.42
12.67;0.02;11.48;0.44;5.23;4.71;65.45
12.76;0.04;9.35;0.73;4.43;3.34;69.35
4.72;0.07;1.46;0.65;3.49;0.1;89.52
10.65;0.08;2.08;0.57;4.92;0.2;81.5
9.98;0.05;3.51;0.61;4.96;0.54;80.36
6.84;0.05;1.61;0.61;3.44;0.09;87.37
8.68;0.01;6.15;0.33;3.79;0.56;80.47
9.47;0.02;3.47;0.42;3.03;1.2;82.39
7.79;1.51;4.66;1.15;11.65;1.37;71.87
17.4;0.59;6.3;1.93;17.24;0.24;56.31
8.97;0.02;24.93;9.4;3.24;3.85;49.58
21.79;0.22;30.0;0.48;10.89;6.15;30.46
8.91;0.01;22.61;9.84;3.35;3.49;51.79
12.36;0.03;21.75;13.6;3.54;4.85;43.87
43.32;9.84;25.01;0.63;5.6;7.85;7.75
38.45;26.44;12.59;0.98;4.17;6.69;10.67
26.65;24.29;10.85;0.98;5.86;5.03;26.34
32.03;31.47;11.77;0.79;5.44;1.93;16.56
13.04;13.92;22.3;11.65;16.7;6.26;16.13
19.83;4.19;9.8;32.45;9.47;6.33;17.94
5.97;0.0;12.17;8.46;3.19;19.66;50.54
11.86;0.06;4.05;74.5;1.77;3.16;4.6
8.22;0.0;13.85;8.64;3.32;10.72;55.25
7.08;0.0;14.55;7.72;3.78;15.93;50.93
4.69;0.0;12.43;5.37;2.85;21.9;52.76
4.92;0.0;14.5;5.42;3.49;21.92;49.74
5.47;0.0;13.92;5.24;3.41;20.75;51.2
18.83;0.05;12.15;16.33;13.92;1.53;37.19
26.53;0.02;8.27;19.07;8.35;1.19;36.57
4.75;0.01;32.72;5.65;5.85;4.35;46.68
27.41;1.2;13.4;11.67;6.58;1.48;38.27
24.58;1.84;13.77;11.65;7.99;1.73;38.44
19.45;4.16;13.26;22.71;7.85;1.17;31.4
22.66;1.8;14.55;8.57;12.46;1.44;38.53
9.24;0.01;26.34;5.44;4.9;7.79;46.26
6.71;0.0;15.76;5.52;3.91;19.95;48.15
5.81;0.0;15.15;5.24;3.66;21.38;48.75
7.29;0.01;13.57;7.2;4.17;18.42;49.34
6.66;0.01;14.25;6.6;4.13;16.35;52.0
22.06;0.03;29.43;11.93;4.35;3.41;28.79
15.65;0.04;39.9;9.74;5.38;3.62;25.67
9.38;0.01;31.92;8.79;3.71;3.85;42.34
20.01;0.03;41.78;9.91;5.05;2.43;20.78
6.29;0.01;17.74;5.43;4.41;17.46;48.66
13.94;0.12;1.97;76.21;1.42;1.85;4.48
18.92;0.08;3.22;67.06;3.26;2.03;5.41
15.29;0.18;19.94;26.19;5.8;5.71;26.89
12.99;0.02;27.51;10.49;4.62;4.17;40.2
6.64;0.0;17.25;5.54;4.5;17.97;48.09
5.87;0.0;18.28;5.64;4.18;18.3;47.72
1.97;0.02;0.54;84.55;1.17;1.11;10.64
15.75;1.11;4.66;39.98;13.34;0.54;24.63
9.71;3.1;5.62;32.97;9.89;1.13;37.57
6.49;2.3;4.35;28.51;13.65;1.46;43.24
3.03;2.02;5.59;24.36;9.99;1.82;53.19
5.99;3.14;2.69;15.15;18.28;1.35;53.4
3.74;0.43;3.77;22.6;7.18;2.33;59.96
2.87;0.61;7.05;22.81;8.8;2.47;55.38
3.63;0.4;6.2;22.43;7.76;1.43;58.14
4.22;0.34;4.23;14.79;6.85;1.46;68.11
2.08;0.12;3.45;9.82;3.62;1.52;79.39
4.09;0.22;3.69;6.74;5.29;1.56;78.41
2.8;0.13;6.39;8.23;5.98;2.2;74.27
5.06;0.31;9.33;8.94;8.06;3.61;64.69
3.91;0.15;8.09;11.68;6.85;3.39;65.94
4.13;0.26;6.29;12.98;5.64;5.44;65.27
5.03;0.45;17.5;20.27;5.12;11.74;39.89
5.02;1.06;7.03;47.18;6.58;2.93;30.19
5.51;0.69;8.61;15.74;17.72;5.01;46.72
9.38;6.54;6.55;42.19;7.54;4.77;23.01
7.19;2.11;11.07;29.96;18.51;4.85;26.32
4.1;0.37;5.95;31.52;20.9;4.03;33.14
5.63;0.77;9.56;21.66;35.95;2.17;24.26
3.81;0.69;7.82;32.3;25.03;2.57;27.78
7.29;0.65;7.3;35.46;22.46;2.31;24.54
4.74;0.73;6.88;39.72;23.12;2.3;22.5
6.29;0.75;7.9;33.37;23.11;2.55;26.03
5.71;1.66;5.22;30.1;31.83;1.54;23.93
4.26;0.76;4.88;24.0;39.75;1.63;24.72
3.53;0.58;3.48;22.0;32.41;0.63;37.38
5.37;1.66;4.82;24.11;32.59;1.21;30.25
5.08;0.87;4.37;19.9;43.39;1.34;25.05
3.89;0.34;4.1;19.75;17.76;1.78;52.38
8.65;0.78;4.73;14.45;20.06;2.15;49.18
5.63;0.71;6.78;20.09;17.17;3.87;45.75
28.22;0.28;24.69;18.0;11.86;4.56;12.39
4.2;0.61;6.77;23.2;16.89;4.79;43.54
4.32;0.43;6.29;28.63;13.43;5.35;41.55
4.9;0.48;8.08;16.79;17.23;6.5;46.02
4.35;0.43;8.25;11.78;15.39;5.76;54.03
5.04;0.7;6.4;27.86;7.99;6.93;45.09
7.93;2.92;7.73;23.36;9.96;6.37;41.73
5.11;2.08;7.1;16.17;7.82;7.05;54.67
4.37;1.15;6.22;27.23;7.67;7.49;45.87
17.81;3.71;14.44;15.6;11.77;5.45;31.22
5.97;1.15;10.71;25.88;8.95;6.24;41.1
7.82;2.45;9.3;19.27;6.9;5.8;48.47
5.95;0.83;9.02;19.5;7.55;6.51;50.64
8.4;0.41;8.41;7.83;6.35;12.04;56.56
10.54;0.23;9.67;10.6;7.08;18.25;43.62
5.11;0.35;7.03;8.72;6.41;4.76;67.62
6.96;0.3;8.98;8.99;8.36;9.44;56.97
9.26;3.56;24.65;2.61;19.93;11.1;28.88
8.51;0.75;3.1;16.35;17.02;0.84;53.42
5.36;1.08;3.25;9.59;19.79;1.0;59.93
8.38;2.43;3.17;5.64;28.04;0.42;51.92
6.58;1.09;3.53;6.79;27.18;0.31;54.52
6.61;1.77;3.05;3.27;22.44;0.36;62.5
4.43;0.31;2.28;2.92;18.66;0.23;71.18
6.81;0.88;2.79;7.11;14.36;0.44;67.6
3.08;0.15;1.89;3.93;14.34;0.31;76.3
4.03;0.53;2.04;3.53;15.98;0.18;73.72
5.45;0.41;2.0;2.5;10.04;0.41;79.18
4.17;0.07;2.41;3.73;5.24;1.35;83.03
5.12;0.1;2.99;3.47;8.99;1.85;77.47
2.6;0.05;1.32;2.47;3.8;0.71;89.05
2.44;0.4;1.02;5.74;7.65;0.14;82.61
4.88;0.41;2.75;6.94;15.67;0.29;69.06
7.8;0.52;3.12;2.58;12.5;0.47;73.0
5.49;0.11;2.62;3.34;11.59;0.47;76.39
5.08;0.22;3.23;2.51;7.22;0.85;80.9
6.73;0.34;5.89;3.8;5.88;0.84;76.52
4.97;0.07;3.04;1.69;3.87;0.91;85.45
5.99;0.07;3.96;1.61;4.39;1.5;82.48
4.78;0.06;4.31;2.58;3.47;1.49;83.3
2.9;0.02;1.88;1.55;2.32;0.8;90.53
10.46;0.16;11.56;1.66;5.19;2.84;68.13
5.45;0.06;3.89;1.73;4.95;0.89;83.04
14.6;0.01;33.2;7.54;4.36;2.06;38.22
4.22;0.02;3.97;1.18;3.08;1.1;86.43
4.79;0.04;5.16;1.16;5.78;1.23;81.83
2.79;0.02;2.01;1.26;2.98;0.93;90.01
4.06;0.05;3.51;1.3;8.67;0.78;81.62
4.28;0.04;3.39;1.22;9.55;0.78;80.75
3.92;0.19;1.15;1.58;8.19;0.16;84.83
3.69;0.14;0.9;1.59;7.81;0.09;85.77
2.25;0.05;1.2;1.6;4.82;0.16;89.92
2.99;0.03;1.69;1.49;6.03;0.44;87.33
2.23;0.04;1.9;1.74;5.34;0.5;88.25
4.11;0.04;2.02;1.51;5.28;0.6;86.44
2.7;0.02;1.41;1.2;3.27;0.35;91.05
2.21;0.01;1.3;0.97;2.84;0.34;92.32
3.74;0.04;2.37;1.78;5.14;0.53;86.41
3.06;0.02;1.28;1.35;3.3;0.42;90.58
2.9;0.02;1.9;1.06;3.74;0.59;89.79
3.56;0.01;2.03;1.47;4.05;1.1;87.78
3.53;0.02;4.35;2.44;5.41;2.4;81.86
3.04;0.02;3.07;1.29;4.53;1.3;86.74
2.78;0.02;2.97;1.02;3.43;1.79;88.0
3.2;0.04;3.49;1.96;4.67;2.2;84.44
2.67;0.01;2.99;1.42;3.75;1.55;87.6
3.19;0.02;3.29;1.35;3.16;1.98;87.0
3.44;0.02;3.05;1.35;4.54;2.13;85.47
3.39;0.02;3.28;1.25;3.13;2.09;86.84
3.36;0.01;3.6;1.19;3.45;3.09;85.31
2.65;0.02;3.99;1.76;4.44;2.51;84.62
2.36;0.03;2.58;1.56;2.75;2.06;88.65
2.87;0.01;4.2;1.43;4.28;2.86;84.35
3.44;0.02;3.46;1.98;4.08;3.14;83.89
2.67;0.05;2.89;1.73;5.18;1.17;86.31
5.22;0.09;3.43;2.78;10.05;0.72;77.69
6.72;0.08;5.65;0.85;16.17;0.64;69.89
6.63;0.09;4.18;0.85;15.05;0.51;72.7
4.87;0.1;4.06;1.94;12.82;0.72;75.5
4.32;0.09;3.32;1.8;8.78;0.48;81.21
5.57;0.11;5.0;1.49;11.38;0.67;75.78
4.46;0.13;3.11;1.84;14.53;0.33;75.6
5.16;0.22;4.07;1.54;15.9;0.4;72.72
5.21;0.15;3.25;1.63;14.64;0.4;74.72
4.68;0.07;2.11;1.45;12.81;0.27;78.6
3.27;0.06;1.44;0.98;9.15;0.21;84.9
7.36;7.12;16.48;4.69;12.05;19.73;32.56
6.3;0.18;1.98;1.82;13.03;0.2;76.49
5.06;0.11;1.6;2.76;10.7;0.18;79.59
6.57;0.18;3.4;2.08;12.5;0.32;74.95
6.19;0.15;2.72;1.19;9.26;0.41;80.08
9.33;0.06;3.32;1.22;8.49;0.98;76.62
10.82;0.41;22.02;3.95;16.46;13.3;33.05
4.86;0.02;2.12;0.92;4.74;0.62;86.72
5.1;0.07;2.06;1.4;6.81;0.37;84.18
4.18;0.37;2.51;1.6;18.74;0.17;72.43
3.09;1.42;1.53;1.78;18.72;0.16;73.29
4.41;1.7;2.81;1.91;32.45;0.25;56.47
4.52;4.29;2.49;3.87;25.28;0.24;59.32
3.79;2.9;2.06;3.5;22.9;0.21;64.64
4.0;2.07;2.06;3.97;19.58;0.17;68.15
2.17;1.59;1.12;2.72;10.96;0.15;81.3
3.22;1.88;1.85;2.91;13.47;0.32;76.36
20.5;0.3;11.32;41.08;16.04;0.34;10.43
6.55;0.97;2.29;4.85;8.97;0.17;76.21
4.42;0.12;1.25;2.27;2.3;0.12;89.52
10.59;0.08;4.49;0.95;4.63;0.54;78.72
12.9;0.07;3.64;1.02;4.75;0.92;76.7
8.49;0.02;4.01;0.9;4.09;1.59;80.89
5.93;0.02;2.29;0.72;2.98;1.09;86.96
6.18;0.01;2.55;0.86;2.77;1.16;86.46
4.7;0.01;2.29;0.6;1.74;1.24;89.42
6.32;0.02;3.1;0.76;2.26;2.04;85.49
6.66;0.02;2.5;0.58;1.86;1.18;87.2
3.96;0.01;2.68;0.57;2.2;1.21;89.38
2.8;0.0;1.74;0.37;1.2;0.42;93.47
3.51;0.0;1.33;0.4;1.26;0.38;93.11
2.71;0.0;1.98;0.72;1.17;0.8;92.62
5.36;0.0;2.05;0.28;1.86;0.59;89.86
4.47;0.01;2.34;0.39;2.09;0.81;89.89
4.84;0.01;4.49;0.51;2.05;1.79;86.31
7.37;0.01;2.3;0.75;2.11;0.42;87.03
2.75;0.0;1.06;0.67;1.2;0.4;93.91
15.19;0.03;30.32;10.78;4.04;2.8;36.84
3.28;0.03;0.88;7.46;1.4;1.13;85.83
2.97;0.04;1.96;11.05;2.79;1.88;79.31
3.77;0.04;2.01;29.82;3.64;1.94;58.78
2.81;0.02;1.45;22.08;1.62;1.65;70.36
2.87;0.03;1.58;33.99;1.76;1.49;58.28
3.12;0.03;1.63;32.9;2.05;1.05;59.21
2.61;0.05;2.22;21.98;2.71;1.48;68.96
2.56;0.03;1.88;40.51;2.25;1.35;51.43
4.14;0.05;2.46;22.57;3.21;2.98;64.6
6.16;0.09;3.0;28.1;5.23;3.12;54.29
4.86;0.16;3.77;25.12;8.36;2.11;55.62
4.52;0.3;3.09;16.87;7.95;2.23;65.03
5.52;0.29;4.96;23.48;8.19;2.44;55.11
3.71;0.09;2.82;16.36;5.78;1.4;69.84
4.11;0.08;2.44;22.91;7.93;1.14;61.38
4.88;0.14;2.67;18.75;7.87;1.28;64.41
4.75;0.1;2.32;16.24;3.96;1.32;71.32
2.75;0.09;1.65;28.76;3.23;1.26;62.26
2.85;0.1;2.0;25.36;4.68;0.78;64.24
2.69;0.13;2.1;26.2;4.11;0.88;63.88
1.84;0.07;2.31;30.35;3.48;1.11;60.84
2.73;0.11;1.48;20.47;4.26;0.86;70.1
2.99;0.06;1.17;16.87;2.88;0.78;75.27
2.53;0.08;1.54;15.42;3.31;0.76;76.35
