angry;disgust;scared;happy;sad;surprised;neutral
1.31;0.04;8.08;3.58;29.93;0.03;57.03
1.22;0.01;5.49;4.24;20.0;0.03;69.01
0.58;0.02;4.92;3.07;22.91;0.02;68.49
0.91;0.02;7.01;4.55;21.75;0.02;65.74
0.86;0.01;9.11;3.67;38.19;0.03;48.13
0.6;0.01;9.39;3.78;34.28;0.03;51.91
0.48;0.01;10.17;6.46;25.81;0.07;57.01
0.41;0.0;8.55;4.1;31.93;0.06;54.96
0.44;0.01;8.86;4.78;32.3;0.07;53.53
0.41;0.01;8.14;2.77;38.47;0.04;50.17
0.58;0.03;7.73;3.44;51.58;0.02;36.62
0.4;0.02;5.51;4.21;35.59;0.02;54.26
0.47;0.01;7.13;3.09;37.87;0.02;51.41
0.6;0.01;8.69;2.63;40.39;0.04;47.64
0.76;0.01;10.73;2.19;35.72;0.05;50.54
0.82;0.01;10.34;3.07;39.47;0.05;46.25
0.43;0.0;7.73;2.81;28.71;0.04;60.29
0.57;0.01;8.24;3.8;32.82;0.03;54.54
0.72;0.01;9.6;3.2;35.06;0.04;51.37
0.73;0.01;10.46;2.13;38.36;0.03;48.28
0.64;0.01;7.36;2.78;29.39;0.03;59.79
0.91;0.01;10.25;2.78;36.06;0.04;49.95
0.97;0.01;10.76;2.92;38.82;0.05;46.46
0.78;0.01;6.31;3.13;26.62;0.02;63.14
0.69;0.02;7.49;2.52;34.66;0.03;54.59
0.91;0.03;8.71;3.81;34.03;0.04;52.48
0.88;0.01;10.91;3.64;34.34;0.05;50.16
0.68;0.01;6.61;4.93;29.9;0.03;57.84
1.27;0.01;9.0;3.17;28.58;0.06;57.9
0.78;0.04;3.39;7.21;29.58;0.04;58.96
1.35;0.02;5.75;2.93;37.24;0.03;52.69
1.0;0.03;4.19;2.84;21.17;0.02;70.74
1.86;0.02;5.64;2.12;24.62;0.04;65.71
2.57;0.02;11.36;1.93;34.36;0.06;49.71
2.54;0.03;9.42;2.14;28.86;0.06;56.95
2.48;0.01;7.59;1.78;25.8;0.03;62.29
1.2;0.0;5.32;1.73;17.16;0.06;74.53
1.86;0.01;7.06;2.65;23.33;0.03;65.05
2.39;0.02;10.26;1.9;29.01;0.05;56.38
1.58;0.01;6.76;1.15;24.28;0.03;66.18
1.41;0.01;6.37;1.21;21.84;0.05;69.11
2.09;0.01;8.48;1.24;27.42;0.06;60.7
1.34;0.01;8.72;2.75;28.59;0.06;58.54
1.05;0.01;10.41;2.23;32.6;0.08;53.63
1.5;0.01;10.85;2.17;34.32;0.05;51.08
1.91;0.02;11.78;3.33;33.76;0.08;49.11
1.46;0.02;10.68;2.71;34.05;0.06;51.02
0.96;0.01;8.87;3.0;25.5;0.06;61.61
1.0;0.01;7.94;2.89;32.38;0.05;55.73
1.49;0.03;4.55;4.9;32.06;0.05;56.93
1.06;0.08;3.88;3.47;31.09;0.03;60.38
1.17;0.02;3.94;5.15;25.81;0.04;63.87
1.09;0.01;5.28;1.66;23.09;0.02;68.85
1.07;0.0;5.87;1.38;19.81;0.04;71.83
0.54;0.01;4.67;4.89;11.19;0.03;78.67
1.73;0.01;8.04;5.91;19.55;0.05;64.71
3.43;0.01;12.48;5.49;21.88;0.11;56.61
3.49;0.01;12.91;6.56;29.2;0.2;47.63
3.49;0.01;14.18;4.72;30.43;0.51;46.67
3.0;0.0;11.08;3.43;32.32;0.24;49.93
2.88;0.0;10.97;8.06;22.39;0.23;55.47
2.52;0.0;15.96;9.01;27.13;0.43;44.96
2.45;0.0;9.8;11.2;19.75;0.31;56.48
1.92;0.0;9.24;10.8;20.11;0.15;57.78
2.22;0.0;8.64;13.4;19.87;0.11;55.75
2.5;0.0;13.19;4.97;20.73;0.17;58.44
1.31;0.0;8.39;13.9;18.07;0.23;58.1
2.42;0.0;9.76;12.08;18.72;0.42;56.59
3.09;0.0;17.93;4.42;19.48;1.13;53.95
2.1;0.01;10.34;6.83;26.81;0.67;53.24
4.14;0.0;20.2;3.31;28.18;0.38;43.79
1.78;0.05;7.12;8.15;39.52;0.26;43.11
2.76;0.13;11.47;5.61;44.08;0.49;35.46
3.98;0.03;10.38;7.75;38.12;0.19;39.55
7.91;0.03;8.42;4.68;25.5;0.24;53.22
4.96;0.02;7.65;5.3;28.18;0.12;53.77
3.5;0.01;6.69;3.61;29.47;0.09;56.63
2.38;0.02;7.67;1.76;37.73;0.05;50.38
5.01;0.01;7.26;2.84;36.18;0.1;48.6
1.83;0.01;6.05;2.28;36.89;0.03;52.91
2.46;0.03;9.4;0.72;58.0;0.11;29.28
2.74;0.02;11.39;1.24;53.67;0.19;30.76
3.18;0.02;10.02;1.6;43.97;0.15;41.05
3.42;0.01;8.32;1.38;37.38;0.13;49.36
2.4;0.0;8.06;1.48;31.15;0.26;56.65
4.63;0.0;13.89;1.21;46.02;0.64;33.6
5.59;0.0;12.73;0.68;48.4;0.65;31.94
4.93;0.0;18.13;1.07;50.06;1.03;24.78
3.43;0.0;14.01;0.78;41.44;0.62;39.71
3.6;0.0;13.23;0.9;42.22;0.35;39.68
1.22;0.06;7.7;3.1;42.58;0.09;45.25
1.56;0.21;6.06;1.15;51.76;0.08;39.2
2.05;0.03;11.06;3.15;47.88;0.08;35.75
1.44;0.01;9.97;2.36;34.99;0.19;51.03
1.42;0.0;6.48;5.25;20.59;0.09;66.16
1.72;0.01;6.93;9.43;19.86;0.11;61.94
1.45;0.01;6.27;18.26;14.85;0.11;59.06
1.85;0.01;8.78;10.48;19.27;0.22;59.4
1.78;0.0;9.66;12.97;15.88;0.19;59.52
2.12;0.0;11.35;11.12;22.44;0.19;52.78
2.65;0.0;10.76;9.25;20.48;0.15;56.71
1.08;0.0;5.03;25.59;11.45;0.08;56.78
2.36;0.0;9.79;22.01;15.77;0.32;49.76
0.88;0.0;4.9;35.4;8.89;0.1;49.83
1.91;0.0;6.0;18.11;13.9;0.11;59.96
1.37;0.0;6.64;11.95;17.09;0.22;62.73
2.05;0.0;11.05;6.05;25.36;0.31;55.17
1.83;0.0;13.1;6.54;29.15;0.27;49.11
2.41;0.0;13.14;5.22;25.3;0.64;53.29
1.41;0.0;10.12;3.44;24.96;0.32;59.74
1.87;0.0;10.9;10.4;21.02;0.34;55.47
2.18;0.0;14.67;3.77;27.14;0.59;51.65
1.66;0.0;9.08;18.2;15.45;0.18;55.43
2.46;0.0;18.37;3.72;28.02;0.69;46.74
2.33;0.0;14.59;2.22;28.93;0.7;51.23
1.76;0.0;10.42;9.62;21.14;0.36;56.69
2.57;0.0;14.27;3.12;26.77;0.63;52.64
2.09;0.0;14.0;2.49;23.63;0.89;56.9
1.03;0.0;9.2;12.81;15.2;0.45;61.31
2.29;0.0;13.87;2.84;25.74;0.97;54.28
2.22;0.0;14.76;3.07;25.04;0.4;54.51
3.29;0.0;13.83;4.45;24.58;0.54;53.31
3.01;0.0;19.15;3.5;29.27;1.37;43.69
3.47;0.0;15.94;7.01;25.25;0.51;47.82
2.96;0.0;18.57;5.06;26.09;0.78;46.53
2.49;0.0;14.92;2.97;31.32;1.25;47.06
2.53;0.0;18.85;7.09;28.47;0.62;42.43
2.45;0.0;19.13;7.63;25.17;0.96;44.66
2.92;0.0;16.89;1.94;29.05;0.69;48.5
1.81;0.07;8.64;2.48;40.21;0.05;46.75
2.02;0.18;6.3;1.28;47.69;0.05;42.48
1.83;0.05;7.93;1.12;43.96;0.11;45.0
2.16;0.01;9.76;3.85;23.98;0.07;60.17
5.31;0.01;14.42;3.31;27.99;0.13;48.84
4.03;0.0;13.01;2.04;29.97;0.44;50.51
5.99;0.0;17.91;3.52;28.5;0.4;43.68
5.54;0.0;15.49;2.31;32.03;0.38;44.26
3.66;0.0;13.26;3.84;26.91;0.4;51.93
3.7;0.0;15.18;3.13;30.45;0.46;47.08
5.73;0.0;17.89;2.09;33.98;0.6;39.72
4.74;0.0;17.57;2.6;37.13;0.66;37.29
3.08;0.0;13.99;2.81;26.82;0.92;52.37
5.48;0.0;19.07;2.43;32.5;0.68;39.83
3.95;0.0;19.96;1.44;34.38;1.39;38.88
7.38;0.0;26.29;2.01;32.53;2.76;29.04
4.96;0.0;17.0;1.53;34.29;1.55;40.66
5.71;0.0;16.61;1.43;24.86;4.29;47.09
3.73;0.0;11.92;1.8;28.08;1.85;52.62
4.94;0.0;17.55;1.1;24.82;4.26;47.33
4.13;0.0;13.68;1.35;23.51;4.88;52.44
3.5;0.0;13.98;0.77;32.53;2.28;46.95
3.08;0.0;13.29;2.31;20.08;1.56;59.67
6.01;0.01;18.92;1.91;30.61;1.07;41.48
3.59;0.0;10.44;1.29;28.79;1.07;54.82
3.32;0.01;9.65;1.47;23.05;0.83;61.66
6.96;0.0;13.65;1.67;29.61;0.52;47.58
4.48;0.01;16.68;1.06;32.42;0.88;44.46
5.34;0.0;14.23;2.46;29.47;0.38;48.12
3.08;0.0;10.8;2.74;36.77;0.34;46.26
3.22;0.07;7.39;1.84;41.96;0.1;45.41
2.19;0.02;8.91;1.67;33.67;0.21;53.32
2.87;0.01;11.05;1.1;32.12;0.28;52.57
2.51;0.0;5.4;1.0;26.19;0.48;64.41
3.4;0.0;8.06;0.73;34.54;0.5;52.78
4.2;0.0;14.02;1.52;40.39;0.81;39.07
2.54;0.0;9.11;2.22;22.31;0.4;63.43
1.74;0.0;6.59;1.93;18.57;0.5;70.66
2.69;0.0;8.88;1.72;22.77;0.39;63.55
2.07;0.0;12.59;3.18;27.61;0.59;53.96
2.08;0.0;8.59;2.3;25.43;0.5;61.1
2.16;0.0;12.59;1.96;30.38;0.91;52.0
2.7;0.0;9.9;1.65;30.8;0.41;54.54
2.45;0.0;11.97;1.3;33.86;0.61;49.81
1.99;0.0;13.96;2.0;35.32;0.84;45.89
3.99;0.0;18.62;1.3;35.92;1.58;38.59
3.28;0.0;15.56;1.47;36.16;1.34;42.19
2.44;0.0;12.43;1.46;36.87;0.78;46.01
3.26;0.0;15.72;1.36;39.58;0.97;39.11
2.78;0.0;15.39;0.66;39.38;1.06;40.73
2.54;0.0;11.32;0.78;35.89;0.54;48.93
3.08;0.0;11.2;0.99;33.55;0.83;50.34
2.93;0.0;9.9;1.91;37.28;0.18;47.8
4.24;0.0;13.18;0.85;44.68;0.55;36.51
3.57;0.0;13.84;1.02;37.39;1.46;42.73
3.94;0.0;11.46;0.99;34.04;1.75;47.82
2.88;0.0;16.06;1.56;29.39;2.02;48.08
1.14;0.0;7.97;1.64;26.38;0.48;62.38
1.8;0.01;5.29;1.73;36.63;0.1;54.44
2.82;0.11;6.55;1.7;38.69;0.06;50.07
4.37;0.01;8.45;1.71;31.34;0.1;54.02
2.22;0.01;5.05;1.64;25.08;0.06;65.93
1.43;0.0;3.77;0.8;22.75;0.14;71.11
2.18;0.0;6.39;1.12;28.63;0.26;61.41
3.71;0.0;10.28;1.3;34.54;0.25;49.91
1.97;0.0;6.16;1.19;25.61;0.39;64.69
2.36;0.0;7.57;1.05;27.19;0.62;61.21
2.9;0.0;12.46;0.81;32.89;0.42;50.51
1.35;0.0;6.47;0.67;30.93;0.23;60.34
2.59;0.0;8.81;1.4;24.8;0.85;61.55
3.28;0.0;7.92;1.4;24.55;0.32;62.53
1.52;0.0;7.04;1.13;23.2;0.54;66.57
2.77;0.01;9.49;0.54;26.38;0.36;60.46
3.1;0.0;8.21;0.91;26.97;0.25;60.55
2.51;0.01;10.86;0.64;36.76;0.48;48.73
3.2;0.0;12.24;1.65;33.12;0.45;49.34
3.04;0.01;9.91;1.01;33.23;0.41;52.4
2.67;0.0;9.53;0.55;33.72;0.35;53.16
2.68;0.0;8.38;0.76;28.61;0.33;59.24
2.31;0.0;7.22;0.61;21.9;0.37;67.58
2.55;0.0;7.03;0.84;20.75;0.35;68.49
1.96;0.0;8.39;2.37;20.99;0.5;65.8
3.3;0.01;8.36;1.71;17.57;0.43;68.62
2.28;0.01;7.08;1.14;16.3;0.56;72.64
3.06;0.01;7.41;1.3;16.94;0.4;70.89
2.61;0.0;9.99;1.14;22.21;1.32;62.73
2.55;0.0;9.26;1.29;24.08;0.41;62.41
2.46;0.01;7.52;2.47;18.91;0.14;68.49
3.95;0.12;8.04;1.33;25.85;0.08;60.63
7.23;0.15;10.83;1.03;32.73;0.11;47.93
5.11;0.04;6.66;1.25;19.4;0.07;67.48
2.84;0.01;4.91;1.34;11.76;0.09;79.05
2.6;0.01;4.88;1.58;8.61;0.08;82.26
2.35;0.01;5.89;1.18;9.38;0.1;81.1
2.01;0.01;5.32;1.17;8.57;0.1;82.82
3.86;0.01;8.16;1.17;11.3;0.21;75.29
3.06;0.01;6.98;1.28;11.26;0.15;77.27
1.46;0.0;5.3;1.61;8.78;0.21;82.63
2.73;0.01;6.53;1.18;10.24;0.23;79.09
3.47;0.01;6.3;0.62;13.46;0.16;75.98
2.19;0.0;4.61;2.35;7.95;0.18;82.73
4.08;0.0;10.82;1.49;12.75;0.37;70.49
3.2;0.01;6.91;1.34;9.43;0.31;78.8
1.92;0.0;6.24;1.66;8.63;0.17;81.37
2.9;0.0;5.96;1.21;10.07;0.25;79.6
2.47;0.0;5.84;1.54;8.73;0.23;81.19
4.4;0.0;8.77;0.99;12.94;0.41;72.5
2.28;0.0;5.55;1.74;9.6;0.31;80.52
2.18;0.0;5.31;1.18;9.09;0.34;81.89
2.64;0.0;6.68;1.72;8.61;0.32;80.03
2.25;0.0;6.91;1.18;10.2;0.4;79.05
2.68;0.01;6.29;1.9;7.72;0.27;81.14
4.21;0.01;7.38;1.16;13.63;0.13;73.47
3.34;0.01;7.06;0.78;10.43;0.34;78.05
3.46;0.01;5.59;1.35;10.28;0.25;79.07
4.21;0.01;7.39;1.69;11.66;0.21;74.83
3.81;0.01;6.84;1.46;12.33;0.29;75.26
2.83;0.01;6.16;1.05;11.94;0.19;77.82
4.57;0.01;7.7;1.11;14.06;0.22;72.32
6.27;0.0;11.16;1.81;17.92;0.66;62.19
8.58;0.01;12.49;2.49;16.43;0.56;59.44
2.68;0.0;9.61;1.54;11.48;0.65;74.03
4.02;0.0;8.78;1.55;13.49;0.98;71.18
5.76;0.0;10.17;1.2;15.15;0.73;66.98
3.68;0.01;7.7;1.01;13.4;1.23;72.97
3.48;0.0;11.59;1.03;19.35;0.55;63.99
2.98;0.0;6.77;1.22;13.05;0.65;75.33
2.52;0.0;7.42;0.78;11.06;0.85;77.37
3.07;0.01;9.93;1.37;12.73;1.71;71.18
2.73;0.0;7.5;0.9;12.29;0.55;76.03
4.29;0.0;9.19;0.86;17.45;0.48;67.73
4.58;0.01;12.31;1.3;23.24;1.52;57.05
4.18;0.0;12.88;0.86;23.01;2.12;56.94
4.24;0.01;15.44;0.86;24.85;1.05;53.55
4.18;0.01;9.43;1.62;17.6;0.39;66.77
6.86;0.07;7.51;1.36;21.53;0.18;62.5
6.05;0.52;3.68;2.25;18.5;0.09;68.91
5.01;0.05;9.49;2.08;23.57;0.1;59.71
6.03;0.03;7.48;1.7;21.9;0.1;62.76
3.89;0.01;7.83;1.45;15.77;0.07;70.97
5.16;0.01;9.16;1.32;23.57;0.09;60.69
4.34;0.02;6.38;1.35;15.96;0.09;71.87
3.63;0.01;8.81;1.48;18.03;0.11;67.94
3.5;0.01;7.11;0.83;19.18;0.09;69.27
4.58;0.04;7.03;1.37;22.28;0.07;64.63
3.9;0.04;5.68;1.34;20.1;0.03;68.91
2.28;0.03;6.16;1.55;20.8;0.08;69.1
2.56;0.02;5.62;1.47;17.07;0.03;73.23
1.78;0.01;7.02;1.75;14.92;0.04;74.48
1.6;0.01;6.83;1.17;17.21;0.07;73.1
2.53;0.01;8.89;0.95;18.79;0.09;68.73
1.99;0.01;6.38;1.55;16.28;0.08;73.72
2.28;0.0;8.47;1.34;19.6;0.16;68.14
3.18;0.0;9.45;1.46;18.54;0.17;67.19
3.15;0.01;6.74;1.33;16.09;0.14;72.53
3.78;0.01;6.6;0.94;17.99;0.27;70.41
2.94;0.01;6.52;1.3;17.44;0.24;71.56
2.68;0.0;6.01;0.93;16.71;0.19;73.47
4.11;0.05;12.43;2.22;26.52;0.25;54.42
6.48;0.02;12.63;1.84;28.06;0.41;50.56
4.76;0.02;13.46;1.04;28.9;0.39;51.42
3.29;0.01;11.56;1.8;21.39;0.12;61.83
5.91;0.03;13.87;1.96;26.59;0.28;51.37
5.77;0.05;8.39;1.25;27.57;0.3;56.67
5.2;0.03;14.74;1.42;26.08;0.24;52.28
3.97;0.02;6.84;1.09;29.84;0.34;57.89
4.27;0.04;10.28;1.74;27.72;0.08;55.86
5.56;0.02;12.83;1.28;30.17;0.19;49.94
4.98;0.03;7.16;1.06;23.75;0.08;62.94
2.16;0.01;4.53;0.99;18.21;0.05;74.05
2.7;0.01;3.93;1.07;17.36;0.11;74.82
1.54;0.0;4.96;1.72;16.49;0.15;75.14
2.79;0.01;4.33;0.84;15.84;0.04;76.13
2.04;0.12;3.13;1.73;25.24;0.02;67.72
1.58;0.82;2.18;1.7;14.38;0.01;79.33
2.13;0.14;4.21;2.82;20.96;0.02;69.73
2.02;0.03;4.18;2.08;19.82;0.01;71.86
2.58;0.05;3.98;3.2;27.93;0.04;62.21
4.04;0.48;4.97;2.56;27.74;0.03;60.19
2.4;0.07;4.73;1.04;23.32;0.05;68.39
3.1;0.02;3.65;1.04;12.75;0.03;79.41
2.46;0.03;3.26;1.83;10.67;0.04;81.7
2.15;0.02;3.06;1.11;12.17;0.03;81.46
1.52;0.01;3.54;1.66;10.84;0.04;82.39
2.81;0.01;4.83;0.73;23.58;0.04;68.0
2.91;0.01;3.32;0.57;16.49;0.04;76.65
2.27;0.01;2.66;0.64;11.62;0.04;82.76
3.22;0.01;4.05;0.47;18.43;0.05;73.76
2.62;0.02;3.95;0.61;20.73;0.07;72.01
1.86;0.02;3.98;1.07;15.77;0.07;77.23
3.51;0.02;5.21;0.62;22.81;0.1;67.73
2.03;0.01;3.57;1.03;15.39;0.05;77.92
3.95;0.01;5.69;0.55;24.03;0.09;65.67
4.73;0.01;5.88;0.39;26.87;0.11;62.0
3.8;0.01;5.7;0.63;21.71;0.07;68.08
4.28;0.01;5.21;0.74;18.26;0.2;71.29
2.34;0.01;4.54;0.66;17.21;0.19;75.05
3.29;0.0;4.34;0.83;12.34;0.21;78.99
3.28;0.02;6.82;1.02;20.36;0.28;68.22
2.84;0.02;6.5;0.77;21.24;0.1;68.53
2.19;0.01;3.98;1.53;9.94;0.14;82.21
2.03;0.01;4.0;1.35;10.57;0.06;81.96
2.06;0.01;5.25;0.89;16.76;0.11;74.93
1.99;0.0;7.58;1.22;15.39;0.17;73.64
4.03;0.02;8.67;0.63;19.72;0.17;66.76
2.98;0.03;7.77;0.53;24.27;0.12;64.31
2.33;0.01;3.82;1.32;8.43;0.14;83.94
3.47;0.01;7.24;0.37;22.22;0.15;66.53
2.49;0.01;4.33;0.66;13.0;0.07;79.43
2.34;0.01;3.19;0.71;14.18;0.08;79.5
3.27;0.02;4.12;0.7;11.71;0.22;79.95
3.48;0.01;3.86;1.09;10.68;0.13;80.74
4.06;0.01;4.54;1.78;12.58;0.09;76.94
1.85;0.02;3.26;1.06;11.71;0.09;82.0
2.48;0.0;6.85;2.34;13.7;0.19;74.44
3.38;0.08;2.83;1.2;18.85;0.02;73.65
2.99;0.25;3.26;2.15;15.41;0.04;75.9
5.67;0.06;6.25;1.36;24.58;0.07;62.01
3.49;0.02;4.89;0.89;20.64;0.05;70.02
2.98;0.03;3.67;1.01;13.64;0.04;78.64
3.08;0.03;3.14;1.29;10.8;0.03;81.64
4.02;0.02;3.98;1.18;13.49;0.07;77.25
2.96;0.03;4.35;0.85;12.59;0.04;79.17
2.67;0.01;5.63;1.11;16.94;0.09;73.55
1.58;0.02;3.53;1.08;10.13;0.1;83.57
2.75;0.02;4.49;0.83;14.3;0.06;77.56
2.78;0.01;5.34;0.69;12.96;0.11;78.11
1.67;0.01;3.89;1.16;9.01;0.07;84.18
1.81;0.01;4.72;0.83;10.33;0.11;82.2
1.98;0.01;4.75;1.07;7.21;0.13;84.85
1.84;0.01;5.11;1.05;8.25;0.13;83.6
2.11;0.0;6.9;0.53;14.11;0.09;76.27
2.87;0.01;4.88;1.29;12.01;0.08;78.86
1.89;0.0;6.28;1.31;7.89;0.14;82.49
2.14;0.01;7.91;0.59;17.27;0.05;72.04
2.57;0.01;6.82;0.59;16.95;0.05;73.03
1.9;0.0;16.6;3.08;14.81;0.1;63.5
1.9;0.01;11.89;4.92;18.27;0.07;62.92
1.18;0.01;16.54;3.36;20.33;0.12;58.46
3.31;0.0;20.52;2.41;25.46;0.15;48.15
2.18;0.01;18.01;4.46;20.34;0.21;54.8
1.18;0.0;16.44;8.68;21.41;0.21;52.07
0.96;0.0;13.04;16.77;17.55;0.21;51.47
1.39;0.0;17.62;6.44;31.29;0.39;42.87
1.12;0.01;15.78;6.69;26.8;0.28;49.32
1.08;0.0;17.67;5.1;29.69;0.31;46.14
0.86;0.0;11.82;10.61;21.54;0.09;55.1
1.03;0.0;14.09;2.68;19.43;0.16;62.62
1.0;0.0;13.8;2.76;17.14;0.22;65.07
0.85;0.0;10.96;4.01;12.67;0.21;71.3
1.04;0.0;10.52;3.69;14.43;0.08;70.24
1.29;0.0;11.61;2.93;19.45;0.17;64.53
0.83;0.0;19.31;2.19;25.9;0.33;51.45
1.44;0.0;14.69;3.3;13.42;0.26;66.89
0.93;0.0;15.71;3.25;20.25;0.35;59.5
1.4;0.0;19.14;1.58;23.12;0.28;54.48
1.47;0.0;16.35;1.47;15.98;0.18;64.56
1.14;0.0;17.28;1.38;19.28;0.19;60.73
0.97;0.0;9.53;1.48;13.18;0.1;74.74
1.03;0.0;13.84;1.94;17.77;0.11;65.3
1.82;0.0;14.72;2.42;20.11;0.1;60.82
1.33;0.0;16.9;1.3;17.86;0.11;62.51
1.34;0.0;16.25;1.89;22.53;0.14;57.85
1.69;0.02;8.33;4.29;26.7;0.02;58.96
1.26;0.09;8.44;2.35;20.79;0.02;67.04
1.76;0.02;7.76;3.54;20.96;0.02;65.92
0.86;0.01;10.18;1.78;23.58;0.04;63.56
0.71;0.0;5.44;2.38;9.9;0.04;81.53
1.08;0.0;12.32;0.91;21.52;0.06;64.11
0.66;0.0;7.07;2.45;10.07;0.07;79.68
1.06;0.0;9.5;2.77;16.65;0.06;69.95
0.83;0.0;10.52;1.74;16.53;0.1;70.27
0.96;0.0;10.46;2.37;24.07;0.04;62.09
2.68;0.11;10.0;2.47;36.69;0.01;48.04
1.39;0.01;8.88;3.1;23.5;0.02;63.1
1.37;0.01;10.79;2.73;15.43;0.04;69.64
1.03;0.0;10.38;2.41;13.89;0.07;72.23
0.6;0.0;10.19;2.0;15.47;0.08;71.66
0.95;0.0;5.84;1.49;15.2;0.04;76.47
1.12;0.0;11.35;1.04;25.86;0.04;60.59
0.8;0.0;11.15;1.86;17.72;0.08;68.39
1.07;0.0;13.48;2.19;17.68;0.11;65.46
1.4;0.0;11.63;1.76;23.9;0.16;61.15
0.68;0.0;5.54;3.19;7.98;0.16;82.45
0.94;0.0;9.67;1.93;14.64;0.09;72.74
0.9;0.0;16.59;1.61;19.38;0.16;61.35
1.13;0.0;17.12;2.26;17.26;0.23;62.0
0.78;0.0;14.74;2.71;16.49;0.26;65.02
0.82;0.0;13.71;1.56;18.16;0.14;65.61
0.84;0.0;14.77;1.54;17.68;0.14;65.04
0.91;0.0;17.55;1.5;26.95;0.12;52.97
1.15;0.0;12.78;1.55;26.43;0.08;58.0
0.81;0.0;11.07;2.46;14.46;0.23;70.96
1.36;0.01;15.27;1.98;22.17;0.17;59.03
0.95;0.01;14.05;1.24;25.87;0.12;57.77
0.86;0.0;9.29;2.1;12.9;0.2;74.65
0.88;0.0;9.47;1.4;13.71;0.12;74.42
1.62;0.01;9.98;1.63;15.31;0.13;71.32
2.37;0.0;13.06;1.94;19.3;0.13;63.2
2.18;0.0;9.82;1.94;17.26;0.13;68.68
0.81;0.01;8.05;3.45;14.26;0.08;73.36
2.54;0.15;6.67;2.1;28.7;0.01;59.83
2.14;0.04;8.23;2.15;29.47;0.02;57.94
2.31;0.04;10.19;2.51;21.07;0.02;63.85
2.38;0.02;9.93;2.85;19.7;0.03;65.08
1.5;0.01;9.15;2.01;15.9;0.05;71.38
0.92;0.01;4.62;2.06;12.7;0.05;79.64
1.71;0.0;8.03;2.39;18.53;0.11;69.22
1.14;0.01;7.85;1.96;14.21;0.04;74.79
1.26;0.0;8.84;1.69;17.24;0.07;70.89
1.97;0.01;9.05;1.89;20.23;0.05;66.79
2.05;0.01;10.43;2.41;17.61;0.08;67.4
2.06;0.01;10.48;2.23;14.51;0.12;70.6
2.06;0.01;12.17;1.89;24.79;0.12;58.97
2.84;0.01;15.2;1.63;22.76;0.16;57.4
2.51;0.0;12.91;2.15;22.17;0.11;60.15
1.3;0.01;14.9;2.1;17.8;0.27;63.63
2.14;0.01;12.8;3.28;24.08;0.11;57.58
3.77;0.03;16.16;2.78;27.32;0.18;49.77
1.61;0.01;13.5;2.23;19.88;0.16;62.61
1.39;0.01;11.8;1.2;20.58;0.22;64.8
2.33;0.01;13.63;1.79;30.93;0.12;51.19
2.06;0.01;21.08;1.28;35.76;0.34;39.48
2.18;0.01;11.26;2.45;24.15;0.21;59.73
2.93;0.28;8.61;2.56;31.03;0.04;54.55
3.5;0.1;12.01;1.45;34.66;0.1;48.18
1.25;0.01;7.07;2.59;21.51;0.06;67.51
2.43;0.01;9.55;2.03;19.91;0.06;66.0
2.28;0.01;8.07;1.98;17.85;0.08;69.73
2.5;0.0;11.42;1.95;28.54;0.27;55.32
2.26;0.01;9.43;2.17;19.19;0.15;66.8
1.81;0.01;10.0;2.01;19.45;0.14;66.58
2.3;0.01;8.7;1.58;21.36;0.15;65.9
3.42;0.01;11.99;1.61;28.7;0.36;53.91
2.83;0.0;11.25;1.18;29.66;0.16;54.91
2.63;0.02;13.28;1.93;24.17;0.19;57.77
3.29;0.01;14.92;1.66;24.36;0.29;55.48
3.51;0.01;14.62;1.52;24.7;0.33;55.31
2.68;0.01;9.68;1.46;23.38;0.22;62.57
2.78;0.0;10.65;1.77;22.89;0.31;61.59
4.04;0.0;13.44;2.04;30.0;0.38;50.09
2.27;0.0;9.32;1.67;22.75;0.35;63.65
3.41;0.0;11.75;2.14;24.3;0.35;58.04
5.87;0.01;19.18;2.3;27.1;0.61;44.93
4.79;0.0;15.99;1.64;31.51;0.42;45.64
3.55;0.01;12.51;2.05;25.07;0.42;56.39
3.35;0.11;8.15;1.34;35.04;0.06;51.94
3.81;0.03;12.52;1.93;36.54;0.1;45.07
3.74;0.02;11.89;2.54;23.96;0.15;57.71
4.17;0.01;13.51;1.97;25.41;0.23;54.7
4.54;0.01;15.19;2.07;25.69;0.28;52.22
4.65;0.01;14.6;2.2;33.68;0.54;44.32
2.27;0.01;13.13;1.64;23.27;0.2;59.48
3.58;0.01;16.0;1.83;27.41;0.22;50.95
3.33;0.01;12.94;1.82;30.99;0.41;50.5
2.89;0.01;7.03;2.61;17.47;0.31;69.67
3.25;0.02;9.8;2.32;22.97;0.17;61.45
2.73;0.0;10.45;2.15;20.12;0.36;64.19
2.57;0.01;9.77;2.29;18.77;0.48;66.12
2.76;0.0;10.3;2.04;20.05;0.51;64.33
6.46;0.0;12.85;2.85;28.94;0.72;48.17
4.2;0.0;12.41;3.74;22.8;1.35;55.51
2.29;0.0;12.01;1.35;18.31;0.37;65.67
2.48;0.0;9.38;2.15;19.97;0.82;65.19
4.04;0.0;14.81;3.17;22.6;1.6;53.77
4.21;0.0;14.91;2.87;30.42;1.85;45.75
3.48;0.0;11.73;2.65;19.83;0.96;61.35
2.89;0.0;10.37;2.42;20.91;0.58;62.83
4.7;0.0;15.12;2.65;25.21;1.07;51.24
4.16;0.0;14.45;1.56;29.32;0.95;49.55
7.05;0.01;20.7;3.07;28.34;3.47;37.37
6.31;0.01;16.11;2.99;27.24;1.58;45.76
4.4;0.08;8.0;1.25;38.53;0.1;47.63
3.64;0.24;6.04;3.32;29.73;0.11;56.92
3.9;0.08;9.87;2.26;33.04;0.3;50.54
3.59;0.02;7.71;1.61;24.84;0.19;62.03
5.6;0.01;12.03;1.78;29.25;0.27;51.07
5.02;0.01;11.45;1.09;32.42;0.27;49.74
5.16;0.01;10.92;1.98;23.9;0.18;57.84
4.54;0.01;15.41;3.7;22.62;0.49;53.24
4.8;0.01;12.85;5.23;24.62;0.75;51.74
5.78;0.01;11.14;3.99;28.32;0.67;50.09
6.09;0.01;12.31;2.84;26.12;0.67;51.96
4.24;0.01;9.95;1.56;25.57;0.64;58.03
5.58;0.01;13.66;1.1;29.08;0.32;50.25
4.48;0.0;12.4;1.66;25.09;0.3;56.06
5.95;0.01;16.28;1.51;29.25;0.49;46.51
6.48;0.0;14.95;2.11;30.01;1.22;45.23
4.45;0.01;11.51;1.64;27.13;0.41;54.86
4.72;0.0;19.58;1.7;31.88;1.25;40.87
4.35;0.0;15.63;1.08;45.14;0.79;33.0
2.74;0.01;11.12;1.8;25.86;0.33;58.15
2.8;0.01;11.51;1.04;24.22;0.16;60.26
1.69;0.0;7.2;0.76;21.25;0.15;68.95
2.12;0.01;7.92;0.9;25.55;0.18;63.34
1.2;0.0;6.07;1.04;26.44;0.05;65.19
1.73;0.0;7.98;1.17;33.19;0.1;55.83
2.3;0.0;9.73;1.18;38.14;0.25;48.39
1.69;0.0;7.99;1.23;30.2;0.26;58.63
1.85;0.0;6.6;1.03;25.39;0.13;65.0
2.5;0.01;7.36;0.89;26.71;0.31;62.22
2.75;0.01;7.23;1.11;27.08;0.3;61.53
2.29;0.01;7.14;0.72;29.72;0.09;60.03
1.85;0.01;9.12;0.84;27.64;0.18;60.37
1.68;0.01;7.17;0.62;33.08;0.07;57.37
1.7;0.0;6.57;0.91;35.75;0.12;54.95
1.18;0.0;5.75;0.59;27.0;0.09;65.39
1.31;0.01;7.15;0.52;34.72;0.08;56.22
1.34;0.01;5.36;0.28;37.24;0.09;55.68
1.5;0.0;6.16;0.55;29.28;0.14;62.36
1.21;0.0;6.3;0.67;34.69;0.18;56.95
1.69;0.0;4.86;0.69;24.27;0.13;68.36
2.1;0.0;7.24;0.84;28.14;0.15;61.53
1.6;0.0;12.22;0.4;43.72;0.22;41.84
1.53;0.0;10.14;0.48;38.35;0.21;49.27
0.87;0.02;5.64;1.31;38.53;0.09;53.55
1.0;0.22;7.41;0.92;41.27;0.03;49.15
1.24;0.02;5.37;1.1;41.09;0.04;51.13
1.19;0.02;7.29;0.46;36.27;0.1;54.67
2.24;0.01;8.75;0.49;39.85;0.17;48.48
2.35;0.01;12.21;0.5;44.06;0.12;40.75
2.26;0.01;10.22;0.48;40.78;0.1;46.15
2.09;0.0;13.54;0.56;36.73;0.13;46.95
1.83;0.0;12.27;0.66;29.54;0.2;55.49
1.64;0.0;7.42;0.54;34.6;0.17;55.62
2.25;0.01;9.1;0.63;35.78;0.18;52.06
0.96;0.01;8.63;0.39;40.25;0.12;49.64
1.21;0.0;6.82;0.5;34.9;0.31;56.25
1.65;0.0;7.58;0.91;25.1;0.4;64.36
1.48;0.01;6.1;1.49;26.78;0.53;63.61
2.46;0.01;7.82;1.63;26.85;0.62;60.61
4.36;0.01;7.24;1.48;32.11;0.27;54.53
3.56;0.01;4.65;2.93;27.93;0.16;60.77
1.64;0.0;1.98;6.73;15.9;0.11;73.65
2.1;0.0;2.49;6.92;21.11;0.1;67.28
2.44;0.01;4.85;5.49;20.0;0.21;67.0
2.14;0.03;3.99;25.19;10.09;0.19;58.37
1.88;0.01;3.59;38.43;8.09;0.19;47.81
1.48;0.01;2.42;54.31;7.37;0.22;34.19
1.83;0.01;3.38;17.12;10.29;0.13;67.25
3.21;0.03;4.52;9.48;10.7;0.14;71.92
1.09;0.0;2.65;12.05;3.64;0.21;80.36
0.73;0.0;2.63;22.37;3.34;0.31;70.61
0.83;0.02;2.22;21.66;4.64;0.24;70.39
0.99;0.04;3.64;15.14;7.56;0.39;72.24
1.11;0.01;2.8;10.42;10.32;0.18;75.16
1.14;0.01;2.17;8.57;9.87;0.15;78.1
2.08;0.01;3.04;7.48;18.12;0.13;69.14
2.6;0.0;2.33;8.37;19.54;0.06;67.09
3.72;0.01;2.02;9.52;19.09;0.1;65.54
3.68;0.1;2.56;10.42;14.64;0.05;68.55
2.17;0.45;3.57;7.73;28.03;0.03;58.02
3.37;0.1;6.38;2.35;37.22;0.04;50.54
1.43;0.01;4.54;4.46;26.73;0.06;62.77
0.48;0.01;4.08;32.06;10.28;0.05;53.05
0.34;0.0;3.38;61.87;6.23;0.03;28.14
0.63;0.0;5.13;45.72;11.22;0.07;37.23
0.81;0.0;4.96;40.73;11.53;0.07;41.9
0.51;0.01;8.49;30.23;25.46;0.06;35.23
1.1;0.02;12.11;16.08;28.61;0.14;41.95
0.53;0.01;3.56;28.55;17.06;0.05;50.25
0.46;0.0;4.02;30.87;10.06;0.03;54.56
0.54;0.0;6.28;41.25;22.12;0.08;29.72
0.61;0.01;8.53;20.65;26.12;0.2;43.88
0.89;0.02;7.69;20.89;24.07;0.14;46.31
0.65;0.01;6.65;33.29;21.45;0.07;37.88
0.62;0.01;4.92;25.86;18.42;0.08;50.08
0.88;0.0;2.77;36.82;16.62;0.03;42.86
1.39;0.01;3.47;38.29;21.47;0.07;35.3
1.24;0.01;5.06;21.61;27.4;0.09;44.6
1.13;0.01;3.41;32.21;20.0;0.07;43.17
1.07;0.01;4.1;22.01;29.28;0.06;43.48
1.3;0.02;6.5;25.09;22.11;0.13;44.85
1.31;0.01;4.14;27.98;20.23;0.07;46.27
1.7;0.01;8.67;25.23;27.31;0.1;36.98
1.1;0.0;5.56;22.21;29.34;0.09;41.7
1.23;0.01;6.21;19.2;20.42;0.14;52.79
1.29;0.01;7.45;14.9;21.84;0.19;54.32
2.09;0.01;10.4;12.8;27.64;0.19;46.86
1.51;0.0;7.46;29.14;10.75;0.17;50.97
1.55;0.0;6.3;33.96;7.24;0.36;50.59
1.86;0.0;9.5;23.06;10.28;0.47;54.82
2.25;0.0;9.77;29.7;9.29;0.36;48.62
1.38;0.0;6.89;26.17;8.13;0.35;57.08
1.47;0.0;6.34;24.21;8.99;0.29;58.7
1.86;0.0;9.13;12.41;12.94;0.4;63.25
1.72;0.0;7.5;22.53;8.43;0.53;59.29
1.63;0.0;6.72;16.91;9.97;0.43;64.34
1.47;0.0;6.99;19.86;8.78;0.71;62.19
1.59;0.0;8.54;18.04;13.84;1.35;56.63
1.38;0.0;7.11;9.3;14.54;0.71;66.96
2.08;0.0;10.24;12.11;18.92;1.01;55.64
1.84;0.0;8.99;15.17;12.77;0.88;60.34
1.75;0.0;8.35;6.22;14.94;0.57;68.17
1.8;0.0;10.15;6.48;17.74;0.57;63.26
1.65;0.0;8.11;4.74;15.37;0.21;69.92
1.01;0.01;4.17;29.82;23.99;0.03;40.97
0.61;0.19;3.91;7.64;34.92;0.02;52.71
1.21;0.03;6.52;13.53;36.5;0.04;42.18
0.67;0.0;4.18;3.99;11.76;0.02;79.38
1.62;0.06;3.49;34.0;24.37;0.05;36.41
1.52;0.05;4.25;16.5;28.87;0.05;48.75
0.9;0.01;4.77;2.91;14.2;0.04;77.17
0.93;0.0;4.87;2.15;13.09;0.07;78.88
1.87;0.0;6.9;2.91;18.25;0.15;69.91
2.33;0.0;12.34;2.62;26.26;0.28;56.15
1.61;0.0;9.66;1.62;24.59;0.2;62.32
1.27;0.0;5.29;3.12;12.19;0.15;77.99
1.6;0.0;11.22;2.24;23.23;0.27;61.45
1.49;0.0;5.71;2.85;13.43;0.08;76.43
0.97;0.0;6.72;1.98;16.63;0.06;73.64
1.88;0.0;6.63;3.8;13.63;0.12;73.95
2.18;0.0;6.76;2.56;14.03;0.21;74.26
1.84;0.0;7.4;3.5;15.06;0.13;72.07
1.76;0.0;8.0;2.85;15.13;0.12;72.14
1.91;0.0;8.12;3.35;18.6;0.09;67.92
1.25;0.0;5.19;7.57;10.75;0.12;75.11
1.39;0.0;6.41;3.22;17.77;0.12;71.1
1.03;0.0;7.17;1.76;15.5;0.09;74.44
1.4;0.0;11.08;1.99;21.6;0.35;63.58
1.59;0.0;6.51;3.23;15.1;0.13;73.44
1.15;0.0;5.37;2.96;10.52;0.13;79.88
1.1;0.0;7.92;2.46;14.86;0.14;73.53
0.99;0.0;4.73;2.67;10.66;0.19;80.75
1.29;0.0;7.67;3.09;13.99;0.19;73.78
1.5;0.0;7.06;2.34;16.88;0.22;72.0
1.13;0.0;6.67;2.44;15.55;0.07;74.15
1.0;0.0;8.18;6.25;12.72;0.29;71.55
1.11;0.0;5.91;8.01;14.43;0.24;70.3
1.81;0.0;6.14;2.64;10.84;0.25;78.31
0.87;0.0;7.41;6.98;12.81;0.23;71.69
1.21;0.0;7.37;3.1;16.84;0.16;71.32
1.55;0.0;7.7;2.85;10.24;0.31;77.34
1.6;0.0;10.32;3.51;18.58;0.44;65.55
1.48;0.0;10.46;1.14;19.38;0.19;67.34
1.65;0.0;11.36;2.29;17.37;0.15;67.17
0.91;0.01;6.82;3.06;25.66;0.1;63.44
0.62;0.09;7.11;2.99;30.61;0.02;58.56
0.7;0.05;4.03;4.1;26.31;0.02;64.77
0.65;0.01;7.06;1.24;20.3;0.04;70.69
0.94;0.01;6.33;1.08;20.57;0.03;71.04
0.95;0.0;7.64;2.06;18.72;0.05;70.58
1.53;0.0;12.98;2.1;21.7;0.1;61.58
1.25;0.01;8.0;1.19;17.54;0.04;71.96
1.04;0.0;7.54;2.61;15.25;0.08;73.48
0.79;0.0;5.49;1.98;16.73;0.03;74.97
1.46;0.01;7.42;1.25;23.47;0.03;66.35
1.16;0.0;7.23;2.5;13.68;0.09;75.35
0.7;0.0;6.67;1.27;16.05;0.05;75.25
0.97;0.0;5.58;2.82;14.83;0.07;75.72
1.25;0.01;6.52;1.52;18.39;0.06;72.25
0.89;0.0;4.74;1.01;15.88;0.08;77.41
1.06;0.01;6.48;1.78;18.14;0.05;72.47
1.08;0.01;6.4;2.11;17.2;0.04;73.16
1.26;0.01;5.73;0.93;16.5;0.03;75.55
1.24;0.01;7.89;1.77;17.7;0.06;71.34
1.15;0.0;8.28;3.91;18.4;0.35;67.91
1.78;0.01;9.51;1.11;19.42;0.57;67.6
2.1;0.0;12.34;2.11;21.49;0.77;61.18
2.0;0.01;7.1;2.97;15.1;0.95;71.88
2.71;0.01;10.91;1.8;19.31;0.36;64.91
1.59;0.0;11.56;2.18;21.39;0.84;62.45
2.71;0.01;12.75;0.86;29.86;0.6;53.22
2.69;0.0;10.9;1.28;21.35;0.44;63.34
2.02;0.0;7.93;3.51;16.37;1.11;69.06
2.31;0.01;11.01;1.49;23.48;1.24;60.47
2.43;0.01;7.61;4.15;14.44;1.78;69.58
2.54;0.01;14.36;3.96;18.02;1.44;59.67
2.72;0.01;11.65;1.85;20.96;0.86;61.95
3.75;0.01;13.03;1.47;24.5;0.78;56.47
1.43;0.14;3.07;7.07;27.58;0.05;60.66
0.94;0.04;6.79;3.17;31.01;0.02;58.03
1.71;0.03;5.28;2.04;26.16;0.08;64.7
0.89;0.01;5.14;1.42;15.73;0.04;76.77
1.77;0.02;7.98;1.12;22.12;0.12;66.88
2.0;0.01;8.18;2.07;17.25;0.17;70.33
2.12;0.01;6.12;1.86;15.21;0.17;74.51
3.32;0.01;9.87;1.93;21.5;0.27;63.09
3.05;0.02;8.45;2.1;16.56;0.2;69.62
2.83;0.01;10.04;1.68;20.58;0.37;64.5
2.89;0.02;10.39;1.0;26.67;0.5;58.54
2.94;0.01;9.84;2.06;24.49;0.3;60.36
3.17;0.02;10.14;1.77;20.88;0.54;63.48
2.57;0.01;8.61;1.02;21.76;0.44;65.58
4.27;0.02;9.72;1.48;20.88;0.52;63.12
3.58;0.01;10.84;1.87;22.34;0.41;60.95
1.13;0.0;8.91;2.94;11.04;0.67;75.31
3.03;0.01;7.04;2.46;16.81;0.43;70.22
3.47;0.02;8.48;2.27;20.81;0.81;64.15
3.14;0.01;8.25;2.58;14.18;0.87;70.97
4.69;0.03;10.56;1.96;18.38;1.03;63.36
1.58;0.0;8.94;3.42;14.89;0.62;70.56
1.8;0.01;6.8;3.06;14.92;0.4;73.01
2.54;0.01;8.16;2.07;16.65;0.39;70.17
2.48;0.01;9.26;1.57;23.78;0.42;62.49
3.02;0.01;8.48;2.77;18.66;0.47;66.59
2.69;0.01;6.86;2.27;14.43;0.98;72.76
2.63;0.01;7.41;4.42;12.02;1.39;72.12
2.17;0.01;6.5;2.14;13.88;0.9;74.39
2.28;0.01;8.25;3.28;12.61;0.98;72.6
0.67;0.01;6.19;5.34;13.72;0.42;73.64
1.08;0.14;3.67;1.87;26.28;0.02;66.94
1.48;0.07;4.78;2.97;29.99;0.08;60.63
1.12;0.02;5.9;1.49;16.74;0.06;74.68
1.96;0.01;7.25;1.95;16.1;0.19;72.53
3.71;0.02;8.43;2.02;15.58;0.23;70.01
1.67;0.01;7.54;2.53;15.55;0.41;72.29
1.29;0.0;5.94;2.46;12.2;0.21;77.9
1.67;0.17;4.42;4.2;31.05;0.05;58.43
1.51;0.13;5.45;2.19;32.53;0.03;58.17
1.22;0.04;4.4;1.08;24.28;0.04;68.95
2.16;0.05;6.48;1.87;15.74;0.13;73.57
2.87;0.03;7.3;1.59;18.47;0.19;69.55
2.68;0.03;9.01;1.19;15.69;0.23;71.16
2.13;0.01;9.79;1.52;19.53;0.51;66.52
3.08;0.02;7.5;1.7;18.54;0.43;68.73
3.91;0.02;8.05;1.21;16.93;0.44;69.43
1.72;0.01;7.53;5.63;12.61;0.53;71.98
2.16;0.07;3.29;6.68;35.65;0.04;52.1
1.1;0.13;2.78;1.67;21.4;0.01;72.9
2.5;0.11;3.97;1.52;26.54;0.07;65.3
2.89;0.07;7.36;1.87;20.13;0.25;67.42
2.15;0.02;8.33;2.59;18.67;0.2;68.04
2.08;0.18;2.2;8.0;30.68;0.03;56.83
1.53;0.2;2.74;3.26;25.08;0.01;67.18
1.91;0.1;4.45;3.73;25.45;0.12;64.24
1.82;0.07;4.23;2.54;32.4;0.19;58.75
1.27;0.35;3.04;2.97;25.86;0.01;66.49
2.27;0.07;3.34;3.16;27.56;0.06;63.55
2.06;0.05;6.47;1.56;26.91;0.08;62.87
1.75;0.02;7.73;1.87;24.18;0.08;64.37
1.7;0.05;8.56;0.81;31.53;0.04;57.33
1.12;0.04;5.71;0.79;25.79;0.06;66.49
0.93;0.01;6.08;2.0;16.81;0.06;74.12
0.97;0.03;6.56;1.21;26.78;0.04;64.4
1.6;0.04;7.98;0.98;29.12;0.05;60.24
0.67;0.03;6.75;1.8;21.87;0.08;68.8
0.94;0.11;4.67;3.15;37.72;0.03;53.38
0.62;0.15;3.72;1.3;30.8;0.01;63.4
0.93;0.05;6.82;1.05;31.87;0.02;59.25
0.96;0.05;5.28;2.36;29.62;0.02;61.71
0.77;0.04;4.45;1.42;23.02;0.03;70.27
0.94;0.04;5.29;0.85;25.35;0.03;67.5
0.75;0.03;4.13;1.63;30.43;0.03;62.99
0.68;0.26;2.06;2.84;21.19;0.01;72.96
1.97;0.08;3.63;1.29;36.73;0.02;56.27
1.37;0.02;4.07;1.09;23.82;0.03;69.6
0.82;0.01;6.82;1.47;21.15;0.05;69.67
1.44;0.02;7.51;1.33;24.89;0.08;64.73
1.63;0.01;3.92;1.21;21.52;0.04;71.68
2.18;0.01;7.16;2.19;20.9;0.12;67.44
2.19;0.02;6.47;1.2;27.51;0.13;62.49
2.58;0.03;6.28;2.14;26.48;0.08;62.41
2.73;0.01;10.29;2.2;31.67;0.11;52.99
2.68;0.01;4.75;2.77;21.82;0.1;67.86
2.99;0.01;7.06;2.17;23.22;0.1;64.45
0.97;0.01;6.19;2.26;18.67;0.12;71.78
1.81;0.02;5.02;1.42;20.56;0.12;71.05
1.97;0.01;5.39;2.4;21.54;0.15;68.54
1.86;0.01;6.35;1.63;24.55;0.12;65.48
3.27;0.02;6.67;2.22;24.65;0.13;63.04
0.94;0.0;7.52;1.65;16.15;0.24;73.49
1.34;0.01;5.42;1.2;25.02;0.15;66.86
2.79;0.02;8.93;2.31;23.9;0.17;61.89
0.89;0.0;5.4;1.84;11.89;0.12;79.85
1.66;0.01;5.01;1.38;17.62;0.13;74.19
2.22;0.01;6.9;1.43;18.18;0.12;71.15
1.85;0.01;6.66;2.4;16.86;0.13;72.09
2.06;0.01;5.78;0.84;20.57;0.14;70.6
1.09;0.01;8.74;1.55;15.94;0.37;72.3
0.94;0.01;4.85;1.42;17.6;0.24;74.94
2.31;0.01;7.15;1.07;23.56;0.3;65.6
1.29;0.01;9.97;1.86;23.26;0.25;63.36
1.71;0.01;5.66;1.37;16.67;0.25;74.33
2.42;0.01;7.66;1.42;24.41;0.16;63.92
2.67;0.01;6.93;2.08;21.31;0.23;66.76
1.01;0.01;5.61;1.74;16.46;0.22;74.96
1.78;0.01;7.01;1.74;19.06;0.28;70.12
1.59;0.12;2.73;4.18;33.41;0.03;57.93
0.9;0.1;4.11;2.02;25.92;0.02;66.94
1.2;0.1;3.1;1.3;24.86;0.02;69.42
1.77;0.04;6.46;1.1;24.71;0.05;65.87
1.5;0.01;9.15;0.6;31.55;0.08;57.1
2.5;0.02;5.49;1.08;19.53;0.07;71.29
1.53;0.01;4.75;0.79;19.12;0.09;73.72
1.66;0.02;6.21;0.69;20.64;0.11;70.66
1.98;0.01;5.01;1.16;18.44;0.1;73.29
1.77;0.01;5.64;1.1;18.97;0.11;72.41
1.42;0.01;5.38;1.46;16.71;0.14;74.88
1.18;0.01;8.92;0.92;22.48;0.15;66.34
1.23;0.03;6.15;1.06;26.82;0.08;64.62
1.42;0.02;6.53;0.73;28.81;0.17;62.32
1.09;0.01;6.0;0.78;19.76;0.07;72.29
1.24;0.01;6.5;1.33;23.32;0.22;67.38
1.58;0.06;7.45;1.13;25.33;0.18;64.26
1.01;0.03;5.13;0.88;22.76;0.06;70.14
0.8;0.02;5.52;1.03;19.23;0.17;73.24
1.28;0.02;6.28;1.39;24.64;0.24;66.15
2.06;0.01;4.56;1.08;22.85;0.14;69.29
2.24;0.02;7.57;0.83;23.29;0.17;65.88
1.23;0.01;11.2;1.56;19.23;0.64;66.14
1.99;0.01;7.38;1.67;19.9;0.35;68.7
1.38;0.02;6.2;2.62;15.69;0.37;73.72
1.3;0.01;7.32;1.26;15.75;0.39;73.97
2.0;0.01;7.79;1.65;17.77;0.44;70.34
2.81;0.02;8.29;1.81;19.32;0.5;67.25
2.11;0.01;7.05;3.05;15.76;0.46;71.56
0.92;0.01;6.04;1.71;14.17;0.21;76.95
2.04;0.01;8.76;1.66;24.47;0.33;62.72
1.52;0.01;7.6;2.86;14.11;0.37;73.54
1.2;0.01;7.81;1.32;21.11;0.16;68.4
1.18;0.07;1.99;5.61;24.67;0.02;66.45
1.14;0.25;3.02;2.03;30.37;0.02;63.17
1.78;0.17;4.05;1.66;33.63;0.07;58.64
1.9;0.06;5.54;1.08;23.44;0.05;67.93
2.05;0.02;7.09;0.91;24.72;0.06;65.14
3.11;0.02;6.89;1.28;23.04;0.11;65.55
2.79;0.03;9.07;1.27;29.29;0.1;57.46
1.76;0.02;6.78;1.74;23.15;0.1;66.45
0.94;0.01;5.21;2.19;16.15;0.09;75.41
2.15;0.03;5.59;1.69;20.9;0.18;69.45
1.3;0.02;5.83;1.3;21.09;0.21;70.25
1.31;0.02;8.47;1.01;22.44;0.16;66.59
1.8;0.02;6.49;0.98;26.16;0.21;64.34
2.85;0.01;8.15;1.03;23.32;0.19;64.44
2.18;0.01;6.87;2.32;17.18;0.38;71.06
2.94;0.02;5.78;1.06;19.34;0.58;70.28
2.39;0.02;9.75;0.87;32.35;0.43;54.18
3.37;0.01;9.76;1.66;22.91;0.41;61.88
4.2;0.01;6.49;1.35;22.46;0.68;64.81
4.77;0.01;7.38;2.58;16.48;0.56;68.21
4.29;0.01;7.1;1.98;21.26;1.34;64.02
4.64;0.01;7.61;2.19;20.62;0.93;64.0
3.12;0.02;6.05;3.11;11.29;0.63;75.78
2.96;0.01;9.13;3.0;20.79;1.42;62.69
2.54;0.01;5.55;1.57;18.82;0.85;70.65
1.57;0.01;5.63;3.69;13.56;1.65;73.89
2.92;0.01;6.34;1.14;27.27;0.75;61.58
2.31;0.01;7.41;1.74;20.09;0.81;67.63
2.31;0.02;7.02;1.92;18.36;0.93;69.44
2.55;0.01;10.0;2.41;18.44;1.3;65.28
2.9;0.02;5.37;1.57;17.93;0.95;71.27
1.2;0.01;7.89;4.99;14.07;0.99;70.85
2.56;0.01;6.27;2.87;15.52;1.36;71.4
3.16;0.01;5.18;1.4;16.09;0.78;73.38
2.81;0.01;7.93;2.59;16.94;0.58;69.14
3.93;0.02;7.37;2.25;15.67;0.45;70.31
2.29;0.01;10.74;2.71;17.12;0.91;66.22
1.53;0.01;8.01;1.6;18.23;0.61;70.01
1.44;0.12;2.95;2.38;28.66;0.02;64.43
1.22;0.62;2.84;1.73;22.81;0.02;70.76
0.73;0.05;5.2;1.31;32.77;0.02;59.93
1.41;0.07;7.23;0.79;32.65;0.03;57.82
0.89;0.08;6.25;0.72;30.63;0.02;61.41
0.37;0.02;2.71;0.98;14.8;0.01;81.11
0.62;0.08;3.44;0.9;21.26;0.02;73.69
0.49;0.08;3.45;0.95;19.8;0.02;75.21
1.09;0.05;4.25;0.65;27.37;0.02;66.56
0.34;0.05;2.56;1.07;14.56;0.01;81.42
0.69;0.03;7.03;1.06;30.2;0.02;60.97
0.82;0.07;3.37;0.81;25.12;0.01;69.8
1.15;0.33;3.88;1.59;28.44;0.01;64.59
1.29;0.07;3.67;2.77;27.8;0.04;64.35
2.13;0.12;7.86;0.73;30.74;0.05;58.37
1.27;0.02;5.68;0.7;17.87;0.04;74.41
1.38;0.02;5.16;1.34;13.5;0.03;78.56
1.7;0.02;6.61;1.09;16.36;0.05;74.17
1.81;0.02;6.05;2.13;12.87;0.1;77.02
1.85;0.02;7.49;1.15;16.76;0.1;72.63
3.98;0.02;9.88;0.63;27.42;0.09;57.98
2.0;0.01;7.51;2.31;16.57;0.14;71.46
1.69;0.01;6.39;1.96;13.77;0.22;75.96
1.06;0.0;4.68;3.27;10.44;0.26;80.29
1.45;0.01;8.9;1.6;17.5;0.32;70.23
1.2;0.01;3.14;2.33;9.46;0.1;83.76
1.52;0.02;5.58;3.31;9.25;0.34;79.99
1.91;0.01;6.7;1.19;22.53;0.33;67.33
2.21;0.01;11.31;1.3;24.14;1.32;59.7
1.83;0.03;9.98;2.36;13.71;0.57;71.52
2.06;0.0;9.13;1.28;21.85;0.85;64.82
2.12;0.01;8.41;1.38;18.83;0.28;68.97
2.66;0.01;10.2;2.3;21.24;0.41;63.17
2.37;0.02;8.7;1.06;21.18;0.13;66.55
1.95;0.15;3.91;2.36;33.34;0.02;58.28
1.29;0.05;3.16;3.07;27.4;0.02;65.01
2.57;0.02;4.59;1.14;25.61;0.04;66.03
3.79;0.02;4.33;0.51;23.28;0.06;68.02
3.01;0.01;4.27;0.73;21.43;0.09;70.47
2.24;0.01;6.83;0.83;22.36;0.16;67.58
3.84;0.01;8.08;0.9;26.95;0.19;60.03
3.34;0.01;5.74;0.86;27.98;0.27;61.81
3.14;0.01;5.24;0.74;25.8;0.59;64.49
3.54;0.0;7.83;0.63;27.41;0.62;59.97
4.28;0.01;12.08;1.39;23.66;1.62;56.97
2.77;0.01;7.21;1.6;27.61;0.53;60.27
3.93;0.01;12.25;1.31;31.42;1.85;49.23
7.69;0.01;13.16;1.39;28.09;1.66;48.01
5.0;0.01;13.22;1.44;30.05;2.78;47.5
4.73;0.01;10.44;1.28;31.85;1.54;50.15
4.6;0.01;11.52;2.01;27.83;2.76;51.26
4.52;0.0;12.82;1.36;31.22;5.04;45.03
4.73;0.0;17.9;2.31;28.96;4.64;41.46
3.63;0.01;10.35;2.56;29.08;2.49;51.87
3.7;0.0;7.31;1.34;26.86;1.3;59.48
3.09;0.0;10.23;3.64;23.78;1.63;57.64
3.48;0.01;9.71;3.24;30.65;2.07;50.83
3.59;0.01;6.6;2.1;26.65;0.55;60.5
2.74;0.04;5.63;1.18;34.18;0.13;56.1
3.02;0.17;4.17;1.38;32.82;0.06;58.38
2.49;0.03;5.18;1.82;27.79;0.17;62.53
2.45;0.02;4.82;0.74;24.64;0.08;67.25
3.03;0.03;7.71;0.69;34.16;0.11;54.27
3.19;0.02;7.59;0.34;36.84;0.14;51.88
2.11;0.0;5.65;1.3;24.35;0.22;66.36
3.34;0.02;9.27;1.17;32.9;0.28;53.02
3.79;0.0;8.41;0.84;27.75;0.43;58.78
3.79;0.0;11.2;0.91;33.75;0.47;49.87
5.94;0.0;9.31;0.7;33.91;0.31;49.82
4.8;0.0;13.93;0.9;34.57;0.53;45.26
3.19;0.0;11.66;0.99;29.26;0.44;54.45
4.54;0.02;15.75;0.95;36.94;0.55;41.25
3.53;0.02;13.12;0.61;33.77;0.32;48.62
4.98;0.02;10.63;0.64;34.6;0.32;48.81
4.8;0.01;12.74;1.09;28.54;0.49;52.33
3.64;0.01;8.62;0.81;30.04;0.57;56.3
3.79;0.0;8.57;0.62;27.25;0.52;59.25
3.41;0.01;11.88;1.69;24.92;0.42;57.66
4.9;0.01;8.69;0.72;27.59;0.24;57.85
2.44;0.09;7.29;1.09;24.11;0.05;64.93
4.32;0.06;7.85;1.39;29.94;0.05;56.38
2.1;0.01;4.88;2.47;20.2;0.03;70.31
1.75;0.0;3.1;4.86;17.42;0.02;72.85
2.39;0.01;5.42;1.89;23.69;0.06;66.53
3.35;0.01;5.92;1.14;29.39;0.08;60.1
4.38;0.02;9.34;1.81;31.62;0.12;52.7
3.18;0.01;8.65;2.36;23.5;0.12;62.18
3.0;0.0;5.15;1.55;17.37;0.11;72.82
2.77;0.01;7.36;2.04;22.05;0.23;65.54
4.13;0.01;7.95;1.67;22.79;0.22;63.24
4.77;0.02;11.64;1.72;23.99;0.19;57.66
3.32;0.03;8.24;2.22;16.32;0.15;69.73
3.28;0.0;6.3;2.49;14.01;0.25;73.66
2.81;0.0;8.84;3.25;16.16;0.52;68.42
3.62;0.0;7.82;2.49;17.12;0.21;68.74
3.48;0.01;11.52;2.01;14.82;0.18;67.97
3.35;0.03;9.29;1.94;11.46;0.26;73.67
3.67;0.02;10.48;1.94;12.98;0.3;70.6
4.51;0.03;10.77;1.84;22.38;0.22;60.25
3.29;0.02;10.31;3.22;12.39;0.42;70.35
4.84;0.02;13.62;2.81;19.28;0.31;59.12
6.78;0.08;14.8;1.44;21.52;0.22;55.17
4.63;0.02;14.03;1.58;22.85;0.52;56.38
4.65;0.03;10.7;2.11;23.08;0.12;59.32
5.72;0.01;11.44;4.26;18.83;0.35;59.39
3.93;0.01;15.49;3.49;17.47;0.77;58.84
4.8;0.01;13.33;1.58;18.66;0.82;60.82
3.88;0.02;9.78;2.67;18.5;0.23;64.91
2.89;0.05;5.4;4.1;21.0;0.08;66.48
6.52;0.89;7.56;1.72;32.61;0.06;50.63
3.71;0.07;6.07;7.12;24.4;0.05;58.6
2.52;0.01;4.43;3.17;14.37;0.06;75.44
4.58;0.02;6.75;1.6;17.49;0.09;69.49
2.83;0.01;7.12;2.32;18.1;0.1;69.52
3.8;0.01;5.87;3.04;17.97;0.1;69.22
3.01;0.01;4.8;1.8;16.76;0.05;73.57
4.51;0.01;7.18;2.78;16.13;0.17;69.22
3.62;0.01;8.04;1.43;22.85;0.13;63.91
4.43;0.01;7.75;1.68;21.4;0.18;64.56
2.92;0.01;7.47;5.27;15.37;0.27;68.7
4.7;0.01;8.19;1.77;17.35;0.26;67.71
4.4;0.01;9.68;2.81;16.31;0.34;66.45
3.98;0.0;7.13;2.78;15.58;0.23;70.3
2.53;0.01;5.5;3.09;14.79;0.21;73.86
2.18;0.05;6.2;7.26;22.96;0.05;61.3
1.94;0.16;5.37;10.76;19.01;0.03;62.73
3.39;0.42;5.77;5.43;22.26;0.03;62.69
2.09;0.18;4.06;5.6;16.67;0.03;71.37
2.27;0.15;5.64;5.88;20.91;0.03;65.11
2.02;0.1;5.42;6.02;20.95;0.03;65.45
1.75;0.17;4.84;6.34;20.07;0.02;66.8
3.98;0.61;4.94;2.82;26.12;0.04;61.49
4.72;0.6;5.97;1.66;29.72;0.1;57.24
3.04;0.09;5.65;3.58;25.23;0.05;62.36
4.49;0.09;5.0;2.44;23.93;0.06;63.99
6.84;0.33;11.28;1.4;34.96;0.11;45.07
4.88;0.08;6.79;3.66;25.84;0.1;58.66
3.99;0.05;5.5;1.38;17.64;0.07;71.37
2.91;0.01;4.91;2.58;14.95;0.11;74.53
2.43;0.01;5.76;2.11;17.96;0.06;71.68
2.93;0.08;5.87;2.13;13.32;0.06;75.6
2.64;0.03;7.07;3.07;11.8;0.08;75.31
3.39;0.07;7.89;1.5;14.0;0.08;73.06
3.35;0.01;6.87;1.69;18.35;0.18;69.55
3.02;0.01;7.5;1.46;14.81;0.12;73.08
3.25;0.03;10.7;1.9;12.86;0.22;71.04
3.66;0.02;8.67;1.17;17.66;0.21;68.62
4.27;0.03;11.29;1.1;23.64;0.4;59.28
3.97;0.03;9.19;1.68;20.03;0.22;64.88
4.43;0.01;8.89;1.74;18.53;0.23;66.17
4.78;0.01;10.12;1.65;22.76;0.33;60.35
4.61;0.01;9.05;1.74;19.01;0.25;65.31
4.64;0.36;6.7;6.74;24.15;0.07;57.33
3.67;1.34;6.57;1.49;24.85;0.04;62.04
4.25;0.56;3.96;1.58;17.82;0.06;71.77
5.89;0.26;8.15;3.02;30.71;0.1;51.87
3.54;0.08;5.96;3.53;22.57;0.05;64.28
2.65;0.01;4.07;2.31;16.03;0.05;74.88
3.98;0.01;4.77;1.31;19.63;0.07;70.23
3.91;0.01;4.1;1.01;19.99;0.07;70.91
2.84;0.01;3.3;5.83;10.14;0.14;77.75
4.02;0.01;5.22;3.35;16.01;0.13;71.25
1.98;0.01;6.32;4.57;15.03;0.21;71.88
1.85;0.01;4.21;6.45;11.71;0.1;75.67
7.48;0.02;7.39;2.03;24.44;0.15;58.51
5.05;0.01;5.69;1.81;20.31;0.24;66.9
4.4;0.01;7.02;2.18;19.67;0.22;66.49
3.47;0.01;7.33;4.53;15.07;0.29;69.3
3.97;0.01;5.82;1.82;19.23;0.1;69.04
3.98;0.01;6.71;2.0;19.17;0.12;68.01
3.5;0.01;6.02;1.5;18.77;0.06;70.13
4.69;0.01;7.9;2.53;20.64;0.15;64.09
4.82;0.01;8.98;2.49;28.88;0.14;54.67
6.61;0.0;14.15;2.35;25.12;0.29;51.46
3.8;0.0;6.87;2.77;20.1;0.14;66.3
5.12;0.01;8.12;2.33;19.27;0.27;64.89
5.16;0.01;6.24;2.04;20.26;0.1;66.19
5.39;0.01;8.82;1.57;24.9;0.11;59.2
5.63;0.01;7.98;1.68;22.95;0.12;61.63
4.45;0.01;6.3;1.54;22.27;0.09;65.34
5.94;0.01;8.64;1.92;19.18;0.24;64.06
5.37;0.01;5.96;2.64;14.88;0.41;70.73
5.54;0.01;5.86;2.44;17.1;0.2;68.86
6.82;0.01;10.41;2.95;22.38;0.21;57.21
6.34;0.01;9.6;1.79;21.88;0.47;59.9
4.76;0.02;5.48;2.56;12.01;0.13;75.04
5.65;0.26;8.22;4.06;28.92;0.16;52.73
5.88;0.44;9.75;2.95;27.61;0.12;53.26
3.23;0.04;7.17;6.47;20.82;0.07;62.2
4.01;0.01;6.08;3.06;23.56;0.15;63.13
