angry;disgust;scared;happy;sad;surprised;neutral
14.5;0.39;5.7;34.82;14.17;0.39;30.03
12.8;0.08;4.75;43.29;11.79;0.74;26.56
19.91;0.1;5.21;24.0;11.09;0.51;39.18
11.98;0.17;6.12;27.97;19.48;1.93;32.34
16.14;0.09;3.71;32.65;11.12;0.49;35.79
7.15;0.03;3.85;39.47;4.61;1.45;43.43
10.49;0.06;4.77;39.14;6.67;1.19;37.68
7.02;0.11;3.51;44.45;9.11;0.55;35.25
16.98;0.2;5.38;35.15;14.68;0.44;27.16
14.12;0.14;3.18;45.55;6.95;0.3;29.76
22.44;0.14;4.23;34.65;9.45;0.41;28.68
14.58;0.08;7.14;32.23;8.96;1.61;35.41
19.79;0.19;4.59;24.96;12.67;0.67;37.14
7.67;0.07;3.38;53.35;9.31;0.66;25.57
19.74;0.23;4.08;32.46;7.8;0.63;35.07
15.55;0.03;3.68;43.19;7.47;0.42;29.65
16.5;0.19;4.81;32.94;10.01;0.65;34.91
8.42;0.22;5.87;49.46;14.07;0.62;21.33
10.84;0.1;6.77;26.95;13.04;0.84;41.47
20.74;0.19;4.59;25.71;12.09;0.28;36.39
12.75;0.11;3.19;31.98;7.47;0.58;43.92
7.21;0.06;3.9;57.28;7.73;0.58;23.23
8.03;0.08;7.29;41.5;10.31;0.54;32.26
2.81;0.22;2.96;71.81;12.26;0.14;9.8
3.08;0.19;3.94;65.83;15.26;0.42;11.27
3.26;0.12;3.27;66.47;7.65;0.58;18.65
5.44;0.22;4.49;62.92;10.48;0.53;15.92
5.08;0.18;3.92;66.96;8.61;0.51;14.74
3.97;0.12;2.68;68.0;9.3;0.5;15.43
9.41;0.16;3.74;54.49;13.79;0.77;17.63
12.52;0.1;6.39;28.89;11.98;0.65;39.47
16.68;0.09;5.67;33.26;14.91;0.55;28.84
9.75;0.05;6.16;25.78;12.32;0.85;45.11
5.54;0.13;2.84;66.25;9.5;0.43;15.31
4.99;0.09;2.68;68.4;7.87;0.27;15.69
14.53;0.16;6.3;26.78;17.06;0.33;34.85
12.89;0.05;2.9;37.31;7.62;0.26;38.98
9.77;0.03;3.38;30.24;8.76;0.38;47.44
6.64;0.03;3.3;46.0;7.49;0.55;35.99
4.99;0.11;2.52;65.31;6.12;0.59;20.37
10.75;0.05;3.61;23.29;7.17;0.42;54.71
16.31;0.12;4.18;27.48;14.16;0.26;37.5
13.78;0.09;3.97;16.01;9.41;0.42;56.32
11.09;0.02;3.38;26.87;7.8;0.42;50.43
12.89;0.06;2.61;32.38;13.2;0.28;38.58
7.69;0.12;3.89;45.44;11.63;0.44;30.78
3.71;0.2;1.96;72.71;9.56;0.25;11.61
8.05;0.28;7.08;40.73;17.31;0.74;25.81
9.93;0.04;3.7;43.04;9.82;0.39;33.08
4.43;0.12;2.07;74.24;5.68;0.23;13.24
5.59;0.32;4.29;47.29;20.48;0.56;21.46
4.29;0.25;1.83;74.69;10.0;0.21;8.73
5.77;0.06;2.2;59.85;7.1;0.33;24.69
4.75;0.13;3.98;44.42;10.48;0.91;35.32
8.54;0.2;7.33;39.36;15.04;0.73;28.81
8.49;0.17;3.87;23.68;8.77;0.46;54.56
7.3;0.16;6.01;38.42;14.33;0.61;33.17
7.8;0.04;2.99;41.49;9.44;0.36;37.87
9.56;0.45;6.79;35.58;19.85;0.74;27.04
7.17;0.31;3.91;59.58;10.96;0.43;17.64
18.11;0.1;5.38;19.24;12.44;0.55;44.18
11.23;0.59;8.2;38.97;19.34;0.63;21.03
13.63;0.1;6.28;18.59;14.12;0.7;46.58
4.05;0.04;4.92;60.81;9.13;0.62;20.43
6.36;0.41;4.39;67.06;13.12;0.49;8.17
2.89;0.14;3.87;73.9;7.36;0.63;11.22
20.88;0.31;8.06;24.54;17.3;0.52;28.4
3.3;0.04;4.87;66.22;8.49;0.46;16.62
7.0;0.04;12.45;47.04;15.58;0.78;17.11
11.59;0.01;3.57;42.5;10.47;0.84;31.01
11.11;0.1;7.14;42.9;18.03;0.54;20.17
11.21;0.08;6.27;52.99;14.29;0.3;14.86
10.76;0.24;5.89;35.11;18.63;0.49;28.89
1.88;0.06;4.64;68.82;13.33;0.45;10.81
7.09;0.2;11.69;47.2;18.35;0.55;14.93
10.69;0.52;12.74;34.89;19.51;0.5;21.16
5.95;0.66;6.28;61.8;10.77;0.35;14.17
13.08;0.54;6.75;34.87;11.22;0.53;33.0
7.5;0.16;10.2;49.35;16.33;0.22;16.24
14.93;0.32;11.9;21.49;13.65;0.94;36.76
25.55;0.17;9.55;16.14;13.28;0.36;34.94
15.93;0.19;15.4;22.18;11.73;2.42;32.14
12.63;0.09;4.73;31.78;9.81;0.54;40.42
23.31;0.16;6.7;18.78;9.49;0.94;40.61
13.57;0.19;8.97;24.98;9.1;1.13;42.07
15.92;0.14;7.83;23.66;8.28;1.08;43.09
9.13;0.07;7.29;18.73;8.13;0.69;55.97
23.97;0.09;5.81;26.73;8.67;0.55;34.18
11.71;0.15;6.02;34.6;13.44;0.48;33.6
17.52;0.2;4.44;23.71;7.88;0.51;45.74
15.9;0.88;4.6;49.26;16.83;0.15;12.39
7.04;1.03;7.58;49.78;22.94;0.29;11.35
4.09;0.77;3.66;58.4;25.15;0.28;7.67
2.51;0.5;3.93;56.34;24.6;0.31;11.81
4.33;0.33;2.59;66.6;19.23;0.12;6.8
3.37;0.43;2.4;65.52;22.34;0.21;5.74
2.67;0.51;3.67;60.9;24.85;0.33;7.06
3.91;0.21;2.59;70.08;16.99;0.33;5.9
25.21;0.12;4.0;16.04;9.73;0.94;43.96
25.16;0.11;6.03;24.49;9.91;0.56;33.76
30.7;0.15;3.47;27.97;11.58;0.47;25.66
16.65;0.09;4.06;21.77;6.98;0.27;50.18
12.45;0.05;5.84;32.3;10.23;0.31;38.83
7.6;0.07;5.3;42.7;6.03;0.84;37.46
13.3;0.04;4.32;16.49;9.5;0.31;56.04
15.67;0.04;5.47;26.21;14.76;0.31;37.53
29.57;0.07;5.29;20.75;12.77;0.56;30.99
11.7;0.07;9.5;17.55;15.72;0.87;44.6
10.11;0.02;8.66;15.2;12.97;1.23;51.81
17.29;0.04;4.92;25.72;19.72;0.28;32.02
17.62;0.07;8.95;18.27;11.54;0.47;43.06
12.64;0.04;2.96;43.75;10.81;0.38;29.42
17.14;0.04;6.39;20.76;13.14;0.72;41.8
14.97;0.04;5.07;33.78;10.43;0.69;35.02
13.51;0.06;5.89;37.26;6.95;0.59;35.74
9.4;0.02;7.13;16.26;12.48;0.51;54.2
17.39;0.04;3.92;35.84;11.24;0.46;31.11
18.21;0.04;4.14;38.31;15.12;0.25;23.93
19.01;0.11;6.13;23.85;13.92;0.33;36.66
15.91;0.17;2.52;44.9;9.93;0.23;26.35
14.23;0.06;5.43;44.5;9.04;0.36;26.37
20.6;0.1;5.53;22.75;13.76;0.2;37.06
12.84;0.11;3.27;46.59;11.15;0.19;25.85
13.74;0.05;9.12;37.68;10.47;0.52;28.42
17.02;0.05;3.13;40.4;9.75;0.25;29.4
13.3;0.34;5.55;38.66;11.5;0.41;30.24
14.83;0.16;4.34;50.81;8.98;0.3;20.59
5.29;0.08;3.56;72.79;6.06;0.12;12.11
12.3;0.08;4.71;45.9;7.32;0.47;29.22
12.34;0.04;5.22;48.75;6.6;0.3;26.75
15.9;0.14;5.69;54.34;8.53;0.44;14.96
7.09;0.08;2.58;72.27;4.42;0.3;13.26
14.38;0.1;4.41;56.54;6.79;0.5;17.29
20.08;0.04;7.67;16.78;10.44;0.33;44.66
17.27;0.03;4.9;13.67;10.16;0.35;53.62
14.12;0.03;5.44;37.32;6.87;0.47;35.74
10.5;0.03;4.4;47.22;6.73;0.53;30.59
25.8;0.1;5.25;31.02;7.62;0.51;29.71
17.91;0.06;6.36;34.69;10.8;0.63;29.55
16.47;0.05;5.48;31.03;11.45;0.23;35.29
21.65;0.09;8.04;24.17;7.71;0.39;37.95
15.98;0.12;6.18;24.98;9.8;0.38;42.56
26.61;0.11;7.54;16.71;8.2;0.32;40.51
10.64;0.15;2.98;54.7;7.74;0.28;23.51
11.51;0.02;8.2;36.45;11.72;0.48;31.61
11.89;0.04;4.87;46.64;8.93;0.39;27.24
19.76;0.16;4.81;41.17;8.85;0.28;24.98
5.1;0.07;3.21;78.38;4.45;0.24;8.55
2.46;0.05;2.65;75.38;4.31;0.32;14.82
7.83;0.13;5.49;56.02;8.62;0.76;21.15
4.83;0.09;5.65;68.44;5.56;0.51;14.92
14.23;0.11;6.58;44.38;10.08;0.69;23.93
4.88;0.18;4.27;70.9;7.68;0.3;11.8
12.4;0.44;3.34;59.79;10.7;0.15;13.18
24.27;0.2;3.62;31.96;12.4;0.11;27.45
11.47;0.07;1.84;66.26;7.62;0.11;12.63
24.07;0.05;8.03;26.41;9.26;0.34;31.83
19.85;0.02;4.45;39.81;11.72;0.24;23.91
10.51;0.05;5.16;54.28;8.26;0.36;21.38
11.25;0.05;6.45;48.23;8.41;0.46;25.15
20.87;0.04;7.37;19.17;12.63;0.27;39.65
17.71;0.04;10.59;24.18;10.85;0.59;36.04
15.13;0.03;4.64;51.27;7.47;0.46;20.99
24.86;0.1;5.54;28.57;16.5;0.19;24.23
23.79;0.06;8.1;17.49;11.43;0.4;38.73
19.45;0.06;6.51;44.41;6.26;0.34;22.97
29.36;0.07;7.4;33.0;6.33;0.5;23.34
18.42;0.06;7.14;29.28;9.13;0.84;35.12
17.66;0.03;5.57;40.11;7.74;0.51;28.37
24.36;0.09;4.2;34.97;8.91;0.19;27.28
20.07;0.03;5.0;39.32;7.29;0.3;28.0
21.36;0.03;9.65;20.73;12.17;0.61;35.45
31.28;0.07;5.92;20.54;8.82;0.66;32.71
22.33;0.23;4.77;27.72;20.37;0.34;24.23
27.09;0.05;5.05;18.27;9.96;0.34;39.24
15.46;0.02;3.37;50.07;7.65;0.31;23.13
24.83;0.02;5.79;18.74;9.47;0.23;40.92
13.74;0.07;4.33;29.47;8.41;0.36;43.62
15.88;0.02;4.16;29.31;7.2;0.75;42.68
28.76;0.05;5.73;20.63;9.29;0.36;35.18
16.75;0.04;2.56;38.1;6.47;0.43;35.65
21.76;0.09;3.91;30.34;8.17;0.61;35.13
16.04;0.02;3.46;51.11;6.61;0.19;22.56
15.58;0.11;4.1;52.92;10.61;0.41;16.28
20.21;0.08;3.07;29.55;10.49;0.23;36.37
29.3;0.07;6.81;29.15;17.33;0.3;17.05
36.16;0.08;4.42;20.45;13.29;0.26;25.35
21.28;0.09;5.89;34.87;11.84;0.47;25.57
18.87;0.13;7.45;25.64;17.0;0.73;30.17
21.4;0.14;9.26;27.35;13.04;0.98;27.84
26.41;0.14;8.09;20.84;11.94;0.88;31.7
18.35;0.09;8.01;35.48;10.6;0.85;26.62
7.47;0.05;3.97;55.25;9.09;0.43;23.73
7.34;0.01;5.33;56.84;5.2;1.04;24.23
24.05;0.03;6.22;18.28;10.48;0.27;40.66
27.84;0.05;6.72;12.52;11.54;0.32;41.01
18.34;0.02;4.41;20.32;7.25;0.23;49.44
19.49;0.03;5.21;15.09;7.79;0.26;52.13
13.6;0.01;3.38;52.16;6.44;0.31;24.1
22.34;0.11;6.29;36.41;9.48;0.42;24.96
18.05;0.03;3.4;39.23;6.78;0.31;32.21
23.58;0.03;3.32;41.24;8.24;0.14;23.46
20.17;0.11;6.18;41.83;7.0;0.55;24.17
26.54;0.28;8.12;35.22;7.23;0.32;22.3
32.87;0.23;7.51;22.79;6.65;0.38;29.56
25.15;0.06;4.71;32.75;9.41;0.36;27.55
22.33;0.09;6.49;28.42;8.14;0.34;34.19
34.37;0.15;6.82;21.36;9.06;0.48;27.75
35.15;0.3;8.31;28.69;7.22;0.4;19.92
35.02;0.23;4.66;34.17;7.11;0.28;18.52
25.77;0.08;6.27;28.96;8.94;0.27;29.72
30.9;0.08;7.67;23.83;9.5;0.55;27.46
34.17;0.49;8.78;17.53;7.67;0.35;31.0
22.28;0.08;7.01;24.91;9.44;0.6;35.67
20.86;0.06;3.4;43.48;13.44;0.34;18.41
21.49;0.09;7.07;22.25;9.96;0.46;38.67
33.37;0.59;8.72;21.2;8.28;0.31;27.54
39.5;1.76;9.56;10.69;10.42;0.2;27.87
25.08;0.26;8.85;22.54;6.94;0.35;35.98
41.02;0.21;4.54;21.22;6.66;0.1;26.26
31.23;0.72;10.73;18.97;9.3;0.33;28.72
29.48;0.81;11.3;15.11;10.12;0.4;32.79
24.65;0.19;6.25;37.67;5.04;0.26;25.94
17.48;0.06;4.34;29.1;6.63;0.34;42.06
35.7;0.55;10.49;19.8;8.57;0.36;24.52
29.17;0.44;9.63;22.02;9.58;0.36;28.8
28.53;0.31;11.88;20.67;7.18;0.43;31.0
29.28;0.38;8.75;28.46;8.02;0.4;24.71
38.34;0.52;8.2;25.88;5.36;0.32;21.38
36.97;0.61;9.47;23.68;8.08;0.27;20.93
37.91;0.55;6.49;28.12;5.52;0.1;21.32
40.27;0.54;8.82;27.12;6.61;0.28;16.35
29.73;0.2;8.64;30.44;8.33;0.35;22.31
19.82;0.18;5.34;37.2;5.93;0.31;31.23
33.44;0.29;7.65;26.17;8.9;0.24;23.3
38.6;0.14;6.43;21.75;4.98;0.22;27.88
34.78;0.4;7.35;25.03;4.68;0.16;27.61
35.96;0.95;10.54;23.57;7.01;0.23;21.74
27.33;0.79;14.45;17.18;10.94;0.4;28.91
30.82;0.95;10.96;25.38;6.93;0.23;24.73
31.27;0.81;9.43;29.99;6.25;0.22;22.04
29.96;0.58;7.57;33.87;5.47;0.18;22.36
30.81;1.01;5.2;35.04;5.93;0.16;21.85
27.39;0.63;8.74;33.85;5.41;0.22;23.77
38.11;0.38;6.8;26.59;4.72;0.2;23.2
33.79;0.2;7.2;29.43;5.41;0.4;23.56
35.63;0.29;7.41;26.39;5.44;0.24;24.6
29.82;0.65;9.86;26.12;5.99;0.22;27.32
23.63;0.31;8.75;22.44;6.88;0.4;37.6
24.43;0.59;10.45;28.61;7.11;0.45;28.37
34.81;0.57;10.29;19.82;9.9;0.26;24.34
26.44;0.31;8.95;34.24;6.35;0.34;23.38
25.96;0.14;5.74;41.44;4.85;0.32;21.56
29.27;0.59;9.89;14.66;6.25;0.54;38.79
17.29;0.17;8.13;45.42;6.16;0.44;22.39
25.37;1.08;7.98;18.85;7.85;0.35;38.52
29.19;1.1;9.25;28.43;7.42;0.25;24.37
23.81;0.28;5.59;32.58;5.75;0.23;31.76
25.52;1.1;7.61;23.98;7.67;0.29;33.83
22.59;0.95;7.72;26.69;7.19;0.33;34.53
24.27;0.53;9.43;33.0;7.95;0.29;24.53
27.82;0.67;8.25;29.29;7.04;0.34;26.59
29.89;0.96;9.03;25.52;7.81;0.24;26.55
29.28;0.67;9.31;27.13;7.9;0.25;25.46
17.92;0.04;6.11;31.9;7.27;0.44;36.32
22.2;0.14;3.51;35.35;6.77;0.45;31.59
34.57;0.19;5.26;27.98;5.64;0.51;25.86
35.3;0.21;4.84;30.74;5.66;0.36;22.88
26.1;0.22;5.44;26.48;11.03;0.38;30.36
13.33;0.14;4.86;30.04;8.25;0.67;42.71
23.07;0.38;10.45;27.51;7.47;0.45;30.68
31.05;0.16;10.7;26.84;7.52;0.37;23.35
25.45;0.32;6.95;39.12;4.88;0.27;23.01
26.16;0.34;5.72;41.38;4.85;0.13;21.41
17.1;0.4;5.35;54.56;4.45;0.27;17.87
23.21;0.85;7.74;34.48;7.72;0.19;25.81
12.26;0.05;4.55;40.26;6.0;0.29;36.6
25.2;0.37;7.12;30.2;4.83;0.44;31.85
20.75;0.13;4.61;32.48;7.67;0.33;34.02
21.15;0.36;7.83;27.71;6.58;0.54;35.83
12.82;0.11;4.66;35.76;6.91;0.45;39.29
15.38;0.03;4.01;27.36;8.25;0.33;44.64
14.58;0.11;4.36;34.03;7.71;0.79;38.42
11.04;0.03;3.18;51.34;5.04;0.38;28.99
10.39;0.03;3.0;54.2;5.32;0.33;26.74
12.34;0.05;3.44;47.54;6.12;0.48;30.04
25.58;0.09;3.71;40.51;4.48;0.47;25.15
19.45;0.19;4.54;28.6;7.39;0.67;39.16
7.04;0.03;2.59;47.59;5.01;0.32;37.42
19.13;0.13;4.73;34.83;6.84;0.45;33.89
19.53;0.1;3.19;34.11;6.97;0.4;35.7
24.31;0.47;5.9;24.25;10.36;0.5;34.22
20.31;0.22;6.7;28.01;7.09;0.64;37.03
19.4;0.15;3.46;31.57;8.09;0.62;36.73
20.18;0.23;5.43;24.06;8.31;0.98;40.81
19.96;0.58;6.39;31.74;8.38;0.35;32.6
16.35;0.07;4.31;32.39;6.64;0.42;39.82
22.9;0.19;5.42;34.73;9.11;0.46;27.18
20.34;0.41;3.47;52.15;4.48;0.21;18.95
28.12;0.49;3.8;48.73;4.66;0.19;14.02
18.35;0.21;7.99;35.19;6.88;0.37;31.01
11.51;0.09;2.93;45.62;5.14;0.33;34.37
21.82;0.08;4.58;31.19;5.58;0.61;36.14
33.63;0.89;8.19;25.38;4.09;0.16;27.67
12.17;0.03;4.36;52.55;5.44;0.33;25.12
27.39;0.17;9.36;28.89;6.01;0.58;27.61
22.74;0.27;11.43;29.43;7.91;0.73;27.48
10.66;0.1;3.44;51.62;5.76;0.38;28.03
23.46;0.09;3.76;43.41;5.93;0.42;22.94
11.97;0.08;4.99;43.39;6.14;0.38;33.04
14.95;0.12;4.01;40.5;7.94;0.38;32.11
23.76;0.61;7.56;37.2;5.58;0.3;24.98
28.01;0.86;9.03;26.53;6.44;0.4;28.73
9.8;0.09;5.01;49.68;5.2;0.47;29.76
25.58;0.22;5.86;37.76;6.08;0.29;24.22
29.1;0.73;5.93;25.71;4.39;0.19;33.95
25.66;0.28;5.61;41.91;5.54;0.25;20.76
15.18;0.39;13.53;26.7;8.59;0.57;35.04
39.87;1.38;8.86;25.39;3.9;0.2;20.4
17.61;0.46;6.72;36.34;7.24;0.19;31.45
25.72;0.26;8.86;38.11;5.25;0.34;21.45
12.18;0.12;5.12;46.16;8.27;0.43;27.71
27.23;1.11;11.07;26.4;8.27;0.34;25.57
28.99;0.81;8.6;27.28;5.14;0.3;28.89
20.47;0.42;4.88;51.32;6.63;0.24;16.04
21.44;1.33;7.62;25.06;7.93;0.19;36.43
20.0;0.48;4.74;51.3;6.77;0.31;16.4
30.52;1.02;7.75;32.25;6.22;0.19;22.06
31.0;0.22;5.04;31.01;7.55;0.47;24.71
28.26;0.6;7.33;38.26;5.1;0.42;20.03
18.35;0.22;6.02;33.28;8.87;0.45;32.81
19.81;0.37;4.04;59.24;3.69;0.23;12.62
38.31;1.65;7.13;22.71;5.88;0.19;24.13
35.25;1.17;6.75;23.74;5.49;0.17;27.41
32.53;1.03;10.57;18.1;8.75;0.11;28.91
36.3;1.54;6.66;23.03;5.43;0.17;26.87
17.76;0.16;5.27;36.32;13.18;0.35;26.96
39.68;0.92;7.62;20.02;9.46;0.19;22.11
39.27;0.29;5.81;30.31;4.79;0.4;19.14
38.98;0.31;8.98;21.66;4.43;0.26;25.38
49.11;0.18;8.32;15.26;5.47;0.18;21.49
32.26;0.34;6.53;19.1;7.25;0.06;34.46
34.81;0.17;7.79;16.66;7.79;0.56;32.22
22.02;0.1;8.92;23.74;8.87;1.33;35.02
30.63;0.19;5.3;17.15;2.47;0.61;43.65
18.97;0.24;5.37;39.47;8.8;0.48;26.67
14.84;0.14;4.64;35.25;23.32;0.2;21.61
18.49;0.03;30.67;21.68;9.7;3.63;15.81
20.23;0.09;24.51;25.69;12.99;3.72;12.77
24.0;0.06;23.62;18.27;12.34;4.75;16.97
24.85;0.05;19.37;7.97;6.74;4.99;36.04
18.45;0.02;26.42;20.29;11.78;3.65;19.39
18.72;0.01;31.72;11.76;12.39;3.81;21.57
16.36;0.04;29.0;22.69;10.91;2.45;18.56
13.48;0.02;37.49;14.72;13.09;3.55;17.65
19.03;0.02;21.65;7.56;5.77;5.41;40.55
12.88;0.06;36.47;17.85;13.33;2.71;16.7
19.08;0.01;25.52;19.89;8.53;2.17;24.8
18.53;0.01;22.1;24.89;6.25;1.61;26.62
20.75;0.04;29.99;18.67;12.72;1.87;15.97
27.66;0.01;17.76;20.42;10.37;1.8;21.99
26.33;0.04;24.59;13.43;9.3;1.75;24.56
6.48;0.07;29.37;31.69;15.63;3.25;13.51
20.06;0.02;26.13;18.88;10.15;1.73;23.03
24.26;0.0;27.73;15.91;10.26;1.32;20.51
17.35;0.02;25.31;24.36;9.5;1.48;21.98
19.58;0.02;32.77;16.87;10.35;3.28;17.12
10.96;0.0;17.78;8.7;2.62;4.38;55.56
13.37;0.02;21.88;9.16;5.78;8.17;41.62
14.98;0.04;21.42;7.07;6.28;7.78;42.44
17.72;0.02;14.43;7.44;3.24;9.52;47.64
2.95;0.93;3.95;49.56;31.58;0.51;10.52
2.16;0.23;2.12;73.58;7.78;0.92;13.21
0.39;0.02;1.14;76.76;11.34;0.09;10.26
0.57;0.03;3.45;57.26;25.03;0.26;13.4
0.27;0.01;0.96;75.97;8.83;0.15;13.8
0.64;0.02;2.02;73.13;13.52;0.25;10.41
1.17;0.14;3.78;70.15;18.92;0.4;5.43
1.37;0.74;3.21;58.49;19.09;0.5;16.6
0.81;0.08;3.21;64.33;13.19;0.14;18.23
17.66;0.13;4.45;42.21;10.4;0.66;24.47
