angry;disgust;scared;happy;sad;surprised;neutral
31.78;0.75;6.23;10.27;20.04;1.24;29.7
26.97;0.71;6.78;14.17;18.04;1.01;32.32
31.18;0.47;7.51;10.16;18.29;1.02;31.37
31.5;0.58;7.06;10.58;19.0;1.14;30.14
32.5;0.41;6.12;13.49;19.0;0.72;27.77
39.2;0.44;7.81;7.62;19.15;0.83;24.95
40.35;1.24;6.73;8.76;18.73;1.0;23.18
35.13;1.14;7.18;11.4;19.14;1.15;24.87
33.4;0.93;5.69;10.19;20.85;1.2;27.74
32.33;0.63;4.54;9.25;20.7;0.93;31.61
31.52;0.56;4.39;13.26;18.7;1.11;30.47
29.67;0.36;5.17;9.33;26.87;0.56;28.05
40.32;0.56;6.53;5.09;21.8;0.8;24.9
38.43;0.64;6.07;6.64;22.05;1.39;24.77
40.74;0.48;6.94;4.69;23.38;0.61;23.15
38.21;0.66;7.57;3.75;21.26;1.16;27.39
38.54;0.47;7.52;3.32;22.12;0.99;27.03
37.94;0.55;7.38;2.89;26.09;0.81;24.33
44.63;0.43;8.28;3.72;22.17;0.83;19.94
40.85;0.36;9.19;3.92;22.99;1.21;21.46
41.84;0.46;5.8;3.14;25.44;0.72;22.61
42.96;0.99;7.84;5.01;23.9;0.86;18.45
47.49;0.99;6.67;2.56;22.83;0.91;18.56
43.77;0.32;5.84;3.95;22.83;0.77;22.51
40.32;0.63;8.73;5.37;25.35;0.73;18.87
44.6;0.63;7.98;5.21;19.52;0.8;21.26
39.05;0.74;6.15;8.02;22.2;0.69;23.14
31.73;1.03;6.63;9.74;19.13;0.87;30.87
38.37;0.96;6.07;8.03;21.79;0.73;24.05
36.81;0.25;6.15;8.11;19.08;0.89;28.71
33.2;0.44;6.19;8.65;18.53;1.19;31.8
32.31;0.23;6.56;7.23;20.94;0.89;31.84
31.09;0.32;4.88;7.95;19.28;0.86;35.61
35.5;0.24;5.43;5.82;18.99;0.84;33.19
37.19;0.26;6.53;5.91;22.17;0.91;27.02
36.02;0.33;5.46;8.32;18.48;0.86;30.53
39.72;0.25;5.9;5.35;18.09;0.99;29.7
35.74;0.21;6.37;5.49;22.13;0.79;29.29
31.46;0.33;5.8;5.4;22.22;1.01;33.77
27.89;0.5;5.84;7.76;19.31;0.8;37.91
32.45;0.49;5.73;7.76;22.53;0.84;30.21
28.47;0.24;3.85;5.27;20.82;0.82;40.52
28.09;0.39;3.39;5.66;20.98;0.66;40.82
32.34;0.32;4.18;7.0;16.77;0.67;38.71
28.65;0.55;4.59;6.41;20.13;0.71;38.97
33.96;0.59;4.58;4.38;20.12;0.8;35.57
26.59;0.68;3.99;3.77;17.86;0.88;46.23
26.93;0.36;3.91;6.11;18.9;0.74;43.07
25.2;0.43;4.08;4.43;19.65;0.74;45.47
28.07;0.54;4.16;3.99;18.78;0.78;43.67
28.61;0.37;4.33;4.14;21.04;0.6;40.9
24.61;0.37;3.58;5.84;18.1;0.85;46.66
25.57;0.36;2.85;5.15;18.04;0.74;47.29
23.0;0.49;3.01;5.79;17.07;0.8;49.84
17.97;0.35;3.13;4.19;19.68;1.07;53.62
25.38;0.45;3.57;4.17;17.13;0.91;48.39
23.25;0.33;2.8;3.21;19.81;0.89;49.71
19.52;0.28;3.17;2.2;22.16;0.59;52.1
26.32;0.34;6.26;5.38;22.76;1.13;37.8
35.28;0.28;5.86;3.15;21.23;0.82;33.37
33.49;0.45;4.57;6.38;20.22;0.69;34.2
27.35;0.36;3.08;3.5;20.56;0.51;44.65
25.2;0.36;3.82;5.43;22.06;0.73;42.4
20.55;0.43;4.48;5.24;28.25;0.59;40.46
26.62;0.4;5.03;4.96;24.92;0.95;37.13
23.82;0.88;6.01;8.28;27.21;0.68;33.12
24.73;0.59;5.88;5.27;31.47;0.51;31.56
21.1;0.4;4.36;4.97;25.48;0.73;42.96
25.28;0.42;4.67;4.36;29.74;0.64;34.89
23.42;0.31;5.74;5.44;29.76;0.68;34.65
23.73;0.24;3.74;3.94;20.95;0.85;46.55
22.05;0.46;4.6;7.34;22.21;0.88;42.46
23.73;0.46;4.9;7.03;24.57;0.67;38.63
23.23;0.39;5.05;6.75;25.36;1.0;38.22
24.16;0.33;4.01;5.83;20.76;0.89;44.03
31.26;0.53;4.78;6.09;24.63;0.75;31.97
21.91;0.18;5.1;6.97;21.07;0.87;43.89
27.42;0.36;4.86;3.92;22.56;0.76;40.11
26.88;0.39;6.02;6.75;27.49;1.02;31.46
27.2;0.55;5.8;5.63;27.68;0.83;32.3
23.76;0.49;5.42;5.72;27.54;0.94;36.13
29.31;0.85;5.02;6.32;22.84;0.92;34.73
30.94;1.07;4.86;8.01;24.28;0.79;30.05
23.53;1.03;5.7;10.27;26.88;0.92;31.67
23.86;0.85;5.25;8.78;32.31;0.8;28.15
22.02;1.01;5.43;10.65;24.33;1.23;35.33
22.93;0.88;4.25;9.52;28.66;0.67;33.09
25.96;0.42;4.62;6.84;23.51;1.04;37.61
18.74;0.29;4.38;5.94;20.84;0.9;48.91
23.21;0.32;4.5;6.09;18.2;0.75;46.94
28.47;0.64;4.06;5.05;20.97;0.88;39.93
21.26;0.84;4.24;8.2;26.4;1.08;37.98
29.57;0.95;4.91;10.98;24.23;0.63;28.74
32.09;0.97;5.9;9.75;22.45;0.93;27.91
31.08;0.64;5.0;8.61;20.07;0.61;33.99
28.58;0.93;4.22;9.6;21.02;0.66;34.99
29.31;0.78;4.09;8.31;23.46;0.77;33.28
31.38;0.55;4.02;10.97;20.43;0.57;32.07
27.15;0.5;4.16;9.42;22.04;0.59;36.14
23.0;0.31;3.88;5.29;19.75;0.7;47.08
23.92;0.55;3.92;9.5;26.32;0.73;35.07
22.63;0.53;3.94;8.82;26.94;1.07;36.05
23.44;0.77;3.84;8.92;25.58;1.13;36.32
26.9;1.36;4.95;10.43;28.45;1.02;26.89
27.26;0.79;3.58;6.18;27.48;0.75;33.96
27.53;0.68;3.36;6.85;23.45;0.5;37.63
25.89;1.03;3.93;11.2;26.36;0.57;31.02
33.66;0.8;3.47;6.31;21.39;0.6;33.76
30.01;0.36;5.15;3.3;28.2;0.57;32.41
33.8;0.49;4.66;3.88;22.94;0.48;33.75
36.4;0.32;4.87;3.69;25.65;0.6;28.47
33.7;0.3;3.93;3.39;25.34;0.84;32.5
31.11;0.3;2.77;5.04;24.27;0.63;35.88
26.71;0.32;4.18;7.72;24.82;0.56;35.7
21.23;0.6;4.01;10.03;23.27;0.77;40.09
25.42;0.27;3.93;6.66;25.18;0.72;37.83
26.87;0.48;3.58;6.11;24.94;0.65;37.36
26.14;0.38;3.29;5.73;27.32;0.67;36.47
23.56;0.45;3.53;9.19;24.24;0.56;38.48
21.32;0.57;4.36;7.34;24.02;0.82;41.57
31.54;0.88;3.62;5.63;24.24;0.6;33.49
28.71;0.28;3.31;6.61;24.09;0.59;36.43
22.72;0.44;3.07;9.22;23.25;0.75;40.55
31.56;0.59;3.83;5.73;25.39;0.79;32.1
24.18;0.63;4.65;6.47;25.8;1.26;37.0
31.58;1.09;4.53;7.14;22.53;1.18;31.95
25.04;0.69;4.68;10.15;27.79;1.06;30.58
26.45;0.63;4.91;8.88;27.56;0.82;30.76
32.16;0.74;4.24;6.04;24.82;1.01;30.99
18.49;0.29;3.63;6.58;21.42;0.88;48.72
37.46;1.29;5.85;8.39;30.17;0.77;16.07
34.27;0.89;5.84;12.92;25.32;0.93;19.83
43.86;0.97;6.0;7.62;23.73;0.71;17.1
43.54;0.71;5.39;8.35;19.19;0.8;22.03
43.04;0.41;4.89;6.59;28.93;0.51;15.64
43.19;0.58;4.89;6.51;24.05;0.71;20.07
54.36;0.7;4.69;5.23;16.78;0.66;17.57
51.47;0.25;4.88;5.67;18.67;0.6;18.47
44.08;0.44;4.56;6.05;24.39;0.52;19.97
46.61;0.51;5.44;5.91;24.3;0.42;16.82
48.07;0.48;4.52;4.13;23.5;0.48;18.82
40.88;0.3;5.07;6.85;27.84;0.51;18.56
48.24;0.68;5.59;5.97;20.5;0.68;18.34
51.96;0.95;5.16;6.79;16.82;0.64;17.67
49.16;0.49;5.43;6.25;18.94;0.52;19.21
53.32;0.41;4.73;4.68;21.86;0.3;14.7
48.5;0.58;6.99;4.73;26.37;0.3;12.53
45.05;0.18;6.44;3.55;26.38;0.21;18.2
49.65;0.14;6.86;2.69;22.5;0.3;17.86
48.47;0.36;7.76;4.27;22.6;0.49;16.05
53.73;0.17;5.5;3.61;22.04;0.35;14.61
36.41;0.35;5.98;3.63;29.41;0.43;23.79
47.24;0.22;5.07;4.21;21.82;0.46;20.99
34.52;0.38;6.25;5.13;28.5;0.96;24.27
54.99;0.34;5.8;5.01;19.13;0.39;14.34
34.02;0.41;5.59;5.78;32.23;0.6;21.38
49.43;0.31;4.45;4.54;23.55;0.44;17.29
37.31;0.58;4.89;8.3;23.7;0.78;24.43
32.63;0.62;5.53;8.02;28.97;0.61;23.63
32.04;0.41;5.75;11.96;24.05;0.78;25.0
31.72;0.56;4.06;7.78;26.29;0.75;28.84
27.62;0.84;5.59;8.74;29.54;0.99;26.68
27.91;0.46;6.54;8.21;31.19;0.75;24.94
36.98;0.61;4.7;8.11;25.72;0.68;23.2
25.56;1.14;5.86;4.58;33.97;0.92;27.98
27.81;0.86;3.59;7.3;25.86;0.67;33.92
22.73;0.54;5.14;6.0;32.84;1.05;31.71
19.07;0.7;5.39;7.29;34.71;0.78;32.06
18.45;0.43;5.04;6.08;35.24;1.18;33.58
23.09;0.59;5.35;3.92;33.67;0.87;32.51
23.26;0.56;5.52;6.38;33.36;0.8;30.12
27.36;0.72;5.72;9.27;25.75;0.82;30.37
32.22;0.51;7.27;8.15;26.88;0.81;24.16
21.74;0.42;6.48;7.9;31.24;1.06;31.14
25.8;0.49;7.34;7.28;30.66;0.92;27.51
25.2;0.48;7.15;6.24;31.68;0.87;28.37
21.81;0.57;6.66;8.52;29.85;0.94;31.65
24.89;0.46;6.16;5.74;29.7;1.02;32.04
19.66;0.42;4.57;4.48;36.1;0.82;33.95
18.83;0.48;5.03;4.81;33.7;0.81;36.33
19.36;0.31;4.9;7.98;31.68;0.83;34.94
21.41;0.31;5.57;4.23;35.29;0.84;32.35
15.22;0.41;6.71;6.25;37.01;1.42;32.98
16.27;0.44;6.57;9.36;31.2;1.57;34.6
25.57;0.55;6.25;4.78;33.95;0.88;28.02
23.14;0.73;6.29;6.28;34.7;1.0;27.86
14.92;0.3;6.6;6.96;38.42;0.78;32.02
23.43;0.36;6.64;6.67;35.71;1.15;26.03
24.85;0.44;6.11;6.5;33.34;0.84;27.91
15.87;0.27;6.65;4.97;37.58;0.75;33.91
24.92;0.57;5.78;8.75;29.75;0.78;29.46
10.75;0.41;4.28;4.46;45.95;0.75;33.4
15.47;0.28;5.6;5.02;43.52;0.93;29.19
13.14;0.45;8.1;7.03;43.21;1.03;27.04
24.3;0.39;5.84;5.02;32.92;0.69;30.84
34.09;0.32;6.07;5.5;28.69;0.48;24.85
28.13;0.38;5.51;5.89;30.21;0.68;29.21
36.39;0.2;4.3;5.47;31.48;0.4;21.76
24.0;0.27;4.85;6.43;28.01;0.87;35.57
38.68;0.35;6.18;7.09;27.59;0.63;19.48
33.85;0.09;6.35;5.28;30.39;0.51;23.53
37.98;0.09;5.76;9.53;25.42;0.48;20.74
39.29;0.19;5.01;11.79;22.62;0.7;20.39
31.44;0.19;4.29;13.24;24.39;0.62;25.84
30.74;0.18;3.99;8.58;26.74;0.55;29.23
32.68;0.2;3.63;11.92;24.02;0.65;26.9
30.71;0.37;5.15;7.83;28.21;0.54;27.19
34.63;0.33;5.72;8.0;28.7;0.61;22.01
36.94;0.57;4.87;6.21;27.25;0.81;23.34
32.12;0.58;4.23;6.07;30.28;0.67;26.04
19.47;0.32;5.5;7.46;40.48;0.95;25.82
18.82;0.5;5.16;7.81;44.49;0.87;22.36
35.0;1.04;6.31;5.92;29.76;0.74;21.24
17.83;0.44;6.22;7.2;42.71;0.53;25.08
26.37;0.54;6.55;7.98;34.37;0.96;23.23
21.99;0.65;6.85;8.74;36.5;0.78;24.49
25.74;0.52;7.7;4.28;38.79;0.88;22.09
29.31;0.43;5.5;7.77;27.0;0.79;29.19
32.6;0.65;4.82;7.07;29.25;0.67;24.95
32.42;0.62;5.43;5.7;24.38;0.81;30.63
36.7;0.41;5.1;6.34;25.54;0.87;25.04
28.76;0.29;4.73;8.22;27.94;0.81;29.25
22.79;0.34;6.5;5.7;36.01;1.08;27.58
31.65;0.47;6.34;7.31;29.64;0.55;24.04
37.83;0.33;6.0;7.99;23.45;0.68;23.72
31.38;0.49;4.38;4.41;28.6;0.75;30.01
37.56;0.46;5.88;4.0;27.54;0.68;23.89
31.19;0.23;5.08;9.88;25.88;0.58;27.17
36.78;0.23;5.52;10.63;24.58;0.69;21.58
41.4;0.19;5.34;7.6;21.03;0.61;23.83
30.05;0.31;5.53;8.75;21.61;0.69;33.07
30.55;0.31;5.65;8.7;25.72;0.77;28.3
30.52;0.31;5.48;8.44;23.96;0.83;30.46
27.27;0.32;3.26;12.83;24.41;0.69;31.23
27.53;0.42;4.08;8.18;31.42;0.9;27.47
42.21;0.22;4.49;6.45;20.91;0.32;25.4
28.75;0.26;5.14;12.4;28.38;0.54;24.53
26.19;0.22;6.04;4.14;33.4;0.66;29.35
30.94;0.51;6.56;5.46;27.37;0.56;28.6
28.96;0.61;7.1;4.0;34.18;0.52;24.63
26.17;0.34;6.29;4.45;33.55;0.62;28.58
27.14;0.54;8.79;5.16;36.79;0.53;21.05
26.32;0.43;7.14;3.32;37.7;0.6;24.49
28.42;0.54;6.25;3.34;36.2;0.45;24.79
27.73;0.58;7.21;2.33;35.29;0.62;26.24
27.94;0.35;6.7;2.06;38.03;0.49;24.43
26.83;0.73;9.21;3.35;34.37;0.81;24.7
26.53;0.34;4.67;2.95;41.15;0.43;23.94
22.1;0.58;4.93;7.43;31.09;0.95;32.91
27.97;0.31;4.05;8.46;28.89;0.95;29.38
25.51;0.66;4.74;10.25;21.91;1.11;35.83
23.7;0.69;4.15;8.61;27.6;0.99;34.27
24.41;0.58;3.34;11.57;18.19;1.1;40.8
22.25;0.27;3.74;9.05;22.86;0.86;40.98
22.17;0.39;5.18;10.13;24.24;0.69;37.2
27.86;0.26;3.51;5.23;25.58;0.66;36.9
23.62;0.35;4.29;8.57;23.56;0.85;38.76
25.19;0.41;3.88;9.14;21.09;0.71;39.58
25.12;0.56;3.64;8.0;20.67;0.83;41.17
25.12;0.4;3.57;7.46;23.07;0.88;39.5
22.81;0.59;3.85;9.74;21.95;1.36;39.69
26.12;0.39;4.32;8.07;22.1;0.88;38.11
24.8;0.39;3.61;8.92;20.45;1.11;40.71
22.69;0.45;3.51;9.4;20.25;1.3;42.41
24.26;0.52;3.41;8.38;20.5;1.53;41.39
28.53;0.45;3.99;8.25;25.64;1.11;32.03
27.52;0.34;4.54;6.52;23.21;1.05;36.82
25.6;0.47;5.68;6.79;24.96;1.27;35.23
26.86;0.28;5.42;6.03;23.95;0.99;36.46
26.59;0.34;4.61;8.01;20.87;1.18;38.38
28.74;0.38;4.62;6.33;21.96;0.98;36.98
25.34;0.43;5.04;8.38;21.58;1.06;38.17
27.64;0.4;4.6;3.47;25.05;0.86;37.98
26.91;0.34;3.75;4.07;23.36;0.77;40.81
28.87;0.54;4.96;4.79;25.61;0.83;34.4
19.71;0.57;4.79;6.53;23.94;1.59;42.87
24.26;0.69;4.17;6.61;25.25;0.89;38.14
26.03;0.67;4.24;4.5;25.61;0.82;38.12
25.55;0.44;5.1;6.39;25.37;0.88;36.26
22.78;0.61;3.79;5.78;25.55;0.81;40.68
22.2;0.57;3.16;6.61;20.93;1.07;45.46
24.61;0.37;4.89;5.58;23.62;1.08;39.85
21.43;0.42;4.92;6.09;23.61;1.1;42.44
26.52;0.41;4.07;5.36;24.82;0.87;37.95
19.99;0.46;5.41;8.75;20.83;1.05;43.51
19.77;0.46;5.55;9.25;25.51;1.0;38.46
31.47;0.48;4.63;5.41;22.21;0.87;34.93
24.22;0.55;5.31;4.7;23.58;1.1;40.54
29.29;0.24;4.6;4.02;26.0;0.77;35.08
27.11;0.29;4.93;4.74;25.93;0.81;36.18
27.71;0.27;5.25;4.44;25.44;0.85;36.04
30.98;0.45;5.21;4.99;25.89;0.79;31.68
18.54;0.43;4.43;7.81;23.85;0.89;44.05
22.34;0.36;4.45;8.29;23.26;1.06;40.23
21.05;0.33;4.06;5.06;23.58;1.3;44.6
22.5;0.38;4.47;5.85;22.34;1.12;43.34
23.76;0.54;3.71;5.15;23.91;0.64;42.3
18.5;0.64;4.32;6.71;24.16;0.71;44.95
18.95;0.69;4.75;6.51;24.1;0.78;44.22
24.17;0.55;4.47;7.62;27.97;0.83;34.38
22.89;0.4;4.75;4.48;25.92;0.81;40.76
19.93;0.71;4.52;6.52;23.17;0.7;44.46
19.69;0.46;3.96;7.43;28.23;0.62;39.62
28.84;0.5;3.85;6.73;24.95;0.91;34.22
20.75;0.23;4.44;10.44;26.7;0.62;36.81
25.03;0.5;4.98;8.59;28.52;0.78;31.6
27.21;0.28;5.39;8.42;28.11;0.6;29.99
27.75;1.79;6.51;12.13;23.76;1.09;26.96
11.82;4.03;6.13;42.39;13.08;1.66;20.89
16.95;3.7;6.91;9.52;31.5;0.51;30.91
16.71;5.54;7.1;13.48;27.63;0.69;28.85
18.49;4.98;9.69;3.3;39.13;0.49;23.91
22.07;2.43;9.71;2.18;28.09;0.49;35.03
12.42;7.62;9.4;0.82;28.12;0.1;41.52
10.37;0.42;5.27;1.21;19.15;0.09;63.48
8.09;0.29;5.07;1.34;12.82;0.07;72.32
7.72;0.09;5.07;0.47;23.6;0.03;63.01
5.79;0.16;12.01;0.29;19.69;0.04;62.02
3.6;0.07;6.56;0.23;13.8;0.04;75.69
4.06;0.03;11.93;0.12;15.72;0.06;68.07
6.2;0.05;11.59;0.28;10.96;0.08;70.84
2.51;0.03;6.56;0.13;6.3;0.08;84.38
3.44;0.12;6.77;0.13;8.24;0.03;81.28
2.71;0.13;5.23;0.31;7.38;0.05;84.21
3.39;0.14;2.93;0.27;8.98;0.01;84.28
2.21;0.14;2.45;0.41;3.56;0.02;91.21
1.47;0.06;1.86;0.26;3.17;0.01;93.17
1.38;0.1;0.77;0.58;2.47;0.01;94.69
5.29;0.16;2.03;0.71;5.25;0.07;86.49
8.55;0.11;0.44;12.03;4.51;0.15;74.21
7.43;0.14;0.89;7.94;7.27;0.25;76.09
22.67;0.79;2.9;7.33;11.2;0.75;54.36
19.7;0.9;2.49;6.07;11.03;0.61;59.2
13.64;0.49;1.72;2.55;11.58;0.23;69.79
22.34;0.1;3.61;1.23;16.92;0.28;55.51
19.18;0.26;2.74;1.49;11.75;0.38;64.21
20.69;0.06;4.72;0.88;12.84;0.28;60.53
19.61;0.18;7.39;1.4;14.25;0.71;56.45
18.13;0.14;4.92;0.92;12.03;0.42;63.44
14.05;0.15;5.45;0.72;8.24;0.4;70.99
10.51;0.33;4.51;0.51;12.88;0.33;70.93
18.02;0.35;6.16;0.57;13.14;0.51;61.23
15.7;0.19;6.84;0.48;16.46;0.3;60.03
31.89;0.46;10.51;2.35;10.86;0.35;43.58
15.08;1.72;20.33;25.29;11.82;10.66;15.09
11.76;0.67;5.67;49.61;3.08;0.84;28.37
4.77;4.3;2.09;60.91;3.33;1.19;23.41
7.57;1.08;8.58;5.08;10.75;0.17;66.77
6.21;0.4;6.08;1.02;6.42;0.08;79.79
6.52;1.86;4.7;1.31;7.39;0.08;78.14
10.22;2.18;7.55;2.33;6.41;0.14;71.16
4.16;1.23;2.89;1.12;4.22;0.04;86.33
3.56;0.24;4.49;0.54;4.15;0.13;86.88
11.86;1.22;5.76;47.09;4.38;1.25;28.45
7.11;0.3;5.48;72.08;2.91;1.45;10.66
20.94;0.33;5.54;44.33;4.96;0.48;23.43
29.04;0.7;4.47;21.62;5.27;0.25;38.64
14.4;0.18;3.48;40.07;5.41;0.29;36.18
15.83;0.26;8.99;1.96;11.67;0.07;61.24
15.72;0.83;9.13;2.98;13.89;0.32;57.14
14.11;0.78;8.43;2.99;13.74;0.15;59.81
16.08;0.65;12.35;2.01;13.92;0.26;54.73
17.67;1.73;9.42;1.23;11.48;0.17;58.3
14.53;1.47;9.07;1.52;9.69;0.13;63.58
14.48;1.23;8.17;0.68;12.7;0.13;62.61
7.91;0.33;12.28;0.96;10.73;0.17;67.62
6.8;0.27;8.31;0.31;15.66;0.04;68.62
9.51;0.36;9.95;0.81;15.52;0.08;63.76
11.71;0.41;9.47;0.21;17.47;0.03;60.69
16.55;0.74;8.07;0.45;14.78;0.02;59.39
15.78;0.66;9.37;0.53;19.15;0.02;54.49
11.75;0.81;11.44;0.67;14.73;0.04;60.56
17.18;0.55;10.35;1.55;12.12;0.09;58.16
13.44;0.33;9.65;0.66;9.92;0.1;65.9
21.22;0.62;9.9;0.69;14.39;0.19;53.0
23.19;1.01;8.53;0.59;14.9;0.16;51.62
13.95;0.23;8.01;0.83;10.49;0.3;66.19
18.98;0.34;8.54;0.74;10.54;0.26;60.6
20.54;1.69;9.66;2.19;12.22;0.29;53.42
14.44;0.71;7.62;0.73;12.46;0.19;63.85
11.03;1.25;5.39;1.1;17.44;0.03;63.76
8.89;1.99;6.37;1.53;24.57;0.03;56.62
9.12;0.62;6.13;1.23;16.15;0.04;66.72
13.73;2.16;5.73;0.91;21.27;0.04;56.16
11.33;0.31;5.59;1.46;14.12;0.05;67.14
9.48;0.19;4.65;0.47;10.7;0.06;74.46
14.52;0.84;9.84;0.56;13.74;0.27;60.24
16.15;0.53;10.79;0.89;14.03;0.36;57.24
13.57;0.49;13.81;0.77;13.47;0.36;57.53
11.87;0.55;9.75;0.74;12.07;0.43;64.59
9.06;0.59;6.34;0.89;7.91;0.22;74.98
10.22;0.29;9.4;0.58;10.7;0.36;68.46
12.26;0.33;8.96;1.21;10.16;0.33;66.75
7.62;0.29;8.68;0.49;8.52;0.19;74.2
14.79;0.48;9.8;1.28;9.44;0.35;63.86
14.98;0.85;10.03;1.02;14.38;0.24;58.5
9.85;0.53;8.24;1.17;8.83;0.28;71.1
10.63;0.99;8.72;0.77;15.64;0.25;63.0
12.94;0.84;10.53;1.09;14.32;0.3;59.98
10.81;0.61;10.34;0.76;16.47;0.28;60.73
9.07;0.29;13.83;0.64;8.66;0.71;66.79
11.3;0.43;9.58;0.35;10.77;0.39;67.17
13.34;0.24;12.58;0.97;8.33;0.48;64.06
11.15;0.37;11.46;1.04;7.24;0.39;68.33
15.61;0.93;9.25;1.19;16.09;0.51;56.42
23.39;1.13;9.05;1.48;11.97;0.42;52.56
11.68;0.41;11.2;1.74;9.72;0.58;64.67
13.41;0.68;7.89;0.48;10.9;0.37;66.26
11.58;0.42;14.53;0.42;8.43;0.4;64.21
9.94;0.17;14.39;0.3;7.67;0.61;66.91
7.37;0.08;15.16;0.54;5.55;1.22;70.08
7.02;0.11;11.3;0.72;5.48;1.15;74.23
10.66;0.29;19.03;0.81;5.46;1.86;61.9
11.89;0.18;14.83;0.4;6.85;0.97;64.89
9.56;0.29;19.0;0.53;6.38;1.87;62.38
6.6;0.12;13.1;0.49;7.31;0.81;71.55
10.4;0.5;23.95;0.46;7.41;1.67;55.61
7.45;0.14;13.97;0.48;4.01;1.7;72.25
10.17;0.33;18.69;0.39;6.64;1.59;62.19
7.51;0.15;16.06;0.4;5.55;1.38;68.95
9.19;0.06;9.5;0.19;6.78;0.23;74.05
12.59;0.08;13.59;0.18;8.65;0.38;64.53
8.8;0.04;9.95;0.16;5.8;0.19;75.05
11.57;0.11;16.15;0.28;6.78;0.52;64.6
8.43;0.27;13.73;0.29;7.91;0.65;68.73
9.78;0.15;12.85;0.22;7.55;0.38;69.08
7.41;0.08;9.37;0.22;5.74;0.19;76.99
12.81;0.38;20.28;0.17;12.52;0.42;53.41
8.58;0.03;9.53;0.27;6.29;0.15;75.16
5.87;0.05;9.44;0.25;4.44;0.18;79.77
9.29;0.35;14.23;0.28;10.1;0.37;65.38
9.55;0.02;8.36;0.32;5.17;0.21;76.37
7.73;0.02;7.44;0.37;3.92;0.23;80.3
5.34;0.02;6.3;0.13;3.07;0.22;84.93
15.37;0.13;11.34;0.2;8.59;0.28;64.09
17.16;0.21;14.63;0.25;11.75;0.27;55.72
11.86;0.4;13.35;0.62;13.31;0.11;60.35
14.89;1.08;6.46;0.48;24.88;0.02;52.18
9.05;0.61;6.15;0.64;23.02;0.02;60.52
12.34;0.6;8.72;1.05;14.09;0.09;63.12
9.84;0.18;9.72;0.77;12.4;0.16;66.93
12.09;0.32;12.18;0.2;16.25;0.23;58.72
11.85;0.09;11.51;0.22;12.01;0.82;63.49
14.87;0.23;15.6;0.52;9.81;1.95;57.03
8.65;0.03;17.04;0.23;8.2;2.33;63.52
7.82;0.05;19.58;0.38;9.62;0.94;61.61
11.23;0.06;18.75;0.67;7.24;5.46;56.6
10.22;0.06;18.91;0.74;7.26;4.13;58.68
12.96;0.07;17.35;0.41;9.13;3.47;56.62
13.53;0.1;23.69;0.83;7.31;4.08;50.46
14.0;0.09;18.61;0.31;12.39;3.76;50.84
11.11;0.08;16.64;0.7;6.96;3.0;61.51
11.87;0.14;16.08;0.27;10.73;3.54;57.38
22.26;0.15;14.69;0.37;11.32;4.87;46.34
22.42;0.24;17.12;0.29;17.64;3.21;39.08
13.3;0.1;15.72;0.77;12.01;1.74;56.35
22.03;0.64;15.54;0.79;14.96;1.87;44.17
17.91;0.28;17.38;0.71;13.46;4.11;46.15
14.69;0.29;18.79;1.46;11.96;0.52;52.29
15.51;0.34;6.66;0.63;26.45;0.04;50.37
13.9;0.86;6.93;0.68;28.76;0.05;48.83
7.43;0.39;5.82;0.91;25.46;0.02;59.97
7.74;0.41;6.96;0.77;25.92;0.02;58.18
7.16;0.12;5.79;0.83;13.82;0.03;72.25
8.12;0.19;8.01;0.53;12.32;0.07;70.77
9.02;0.12;9.85;0.91;16.02;0.13;63.96
9.62;0.19;7.92;3.4;10.16;0.32;68.4
11.61;0.09;11.57;2.67;10.92;0.58;62.56
8.62;0.21;9.44;2.3;10.75;0.18;68.5
9.5;0.24;9.9;1.42;8.71;0.24;69.99
8.7;0.34;12.28;2.08;7.84;0.36;68.4
8.35;0.26;18.55;1.51;13.27;0.46;57.6
10.57;0.07;10.99;1.16;10.82;0.21;66.17
6.37;0.14;9.55;1.7;8.21;0.24;73.79
6.69;0.11;6.49;0.8;7.84;0.11;77.96
7.51;0.16;10.49;1.46;9.96;0.08;70.34
6.02;0.12;8.03;2.2;8.26;0.07;75.29
9.77;0.33;13.43;2.26;11.17;0.18;62.85
11.46;0.28;12.63;3.07;7.83;0.22;64.51
10.38;0.23;12.35;2.5;12.03;0.27;62.24
8.59;0.37;13.61;1.62;13.01;0.11;62.69
8.74;0.23;12.37;1.09;8.56;0.11;68.89
9.6;0.23;12.34;2.33;12.2;0.23;63.07
13.53;0.3;11.47;2.83;14.24;0.37;57.26
10.92;0.2;11.56;2.65;11.3;0.35;63.02
11.58;0.27;12.92;3.27;14.58;0.42;56.97
10.93;0.76;13.51;1.89;15.87;0.1;56.94
12.54;0.34;16.4;1.83;16.6;0.16;52.12
12.92;0.26;14.37;1.27;17.05;0.1;54.02
13.07;0.22;21.61;0.93;15.65;0.23;48.29
12.52;0.22;16.45;0.79;12.23;0.14;57.65
11.29;0.3;22.08;1.12;18.94;0.27;46.0
12.47;0.45;12.03;1.54;16.06;0.13;57.32
11.91;0.4;13.88;1.41;17.36;0.18;54.86
12.35;0.31;12.65;2.18;12.46;0.11;59.94
11.38;0.41;12.36;1.98;14.21;0.17;59.48
10.71;0.5;14.58;1.89;12.41;0.13;59.8
9.92;0.18;15.42;1.08;13.47;0.3;59.64
8.85;0.45;15.19;4.26;8.9;0.17;62.18
9.07;0.43;15.15;2.5;11.45;0.24;61.17
10.98;0.31;12.23;2.37;11.97;0.38;61.76
11.88;0.16;13.67;1.17;11.19;0.42;61.51
10.2;0.25;12.1;1.63;11.07;0.37;64.39
8.29;0.26;14.43;3.18;9.64;0.33;63.88
9.69;0.45;17.47;2.94;11.39;0.36;57.7
12.49;0.52;14.92;4.68;11.72;0.26;55.41
7.65;0.27;20.17;2.76;9.3;0.4;59.47
9.19;0.32;15.71;4.81;9.09;0.4;60.48
9.67;0.31;10.94;2.15;8.01;0.26;68.66
10.27;0.18;13.75;1.75;7.87;0.24;65.93
14.87;0.29;17.47;1.67;13.86;0.42;51.42
12.88;0.33;26.47;1.28;12.73;0.88;45.44
9.93;0.34;17.3;1.9;12.18;0.38;57.97
9.53;0.32;17.61;2.04;11.57;0.4;58.53
10.95;0.23;20.5;3.05;10.86;0.59;53.81
9.9;0.18;16.96;1.91;10.12;0.64;60.3
11.46;0.15;11.2;1.35;8.05;0.33;67.47
20.29;0.44;14.95;1.44;16.06;0.11;46.71
20.02;0.5;16.33;1.99;19.89;0.09;41.18
14.62;0.7;13.73;2.36;24.31;0.06;44.2
13.46;0.14;9.51;1.55;9.48;0.15;65.72
7.64;0.19;9.81;1.39;8.69;0.12;72.17
9.11;0.18;13.16;1.28;8.72;0.36;67.18
9.07;0.22;14.72;1.48;9.97;0.6;63.94
11.21;0.43;17.05;1.31;14.03;0.99;54.99
11.57;0.2;18.32;1.01;15.07;1.05;52.78
9.38;0.2;16.7;1.74;10.81;1.24;59.93
8.42;0.18;14.49;1.17;11.47;0.35;63.93
8.7;0.2;17.57;1.46;11.25;0.73;60.09
11.06;0.11;15.94;3.29;6.8;2.58;60.21
10.54;0.06;18.49;1.94;9.0;2.21;57.76
17.49;0.16;11.08;1.61;7.51;0.54;61.61
16.31;0.33;10.83;2.18;21.11;0.08;49.15
12.59;0.32;10.95;2.52;20.76;0.06;52.81
13.95;0.18;7.19;2.85;15.53;0.05;60.24
12.55;0.19;8.28;1.63;8.74;0.14;68.47
12.07;0.23;15.79;2.52;10.6;0.65;58.13
9.12;0.19;13.74;1.14;11.32;0.53;63.96
9.03;0.24;17.29;0.95;13.08;0.71;58.7
14.91;0.08;20.51;1.62;7.53;4.33;51.02
14.86;0.07;19.92;1.83;7.31;3.02;52.99
12.91;0.11;12.27;1.36;6.93;0.57;65.86
12.66;0.44;7.11;0.76;20.0;0.08;58.94
13.68;0.26;9.23;0.86;18.71;0.05;57.22
15.92;0.84;11.39;0.48;22.55;0.05;48.76
16.12;0.43;6.97;0.7;14.52;0.05;61.21
14.09;0.33;9.59;0.82;14.31;0.13;60.73
13.2;0.29;14.54;0.66;16.5;0.24;54.56
15.15;0.18;17.1;0.42;16.52;0.59;50.04
13.44;0.27;11.08;0.6;12.93;0.27;61.42
15.37;0.37;13.49;0.65;15.98;0.36;53.77
11.51;0.19;13.77;1.18;9.13;0.72;63.5
11.45;0.2;14.54;0.71;14.06;0.53;58.5
15.14;0.12;14.95;0.6;9.64;0.66;58.88
17.02;0.27;12.76;1.18;10.82;0.82;57.13
14.0;0.16;17.74;0.94;14.62;1.08;51.45
11.26;0.13;15.62;0.63;10.1;0.68;61.58
8.8;0.09;14.46;0.39;8.81;1.05;66.39
15.13;0.29;18.46;0.38;12.44;1.05;52.26
11.78;0.29;16.33;0.6;9.38;1.08;60.55
8.9;0.06;20.0;0.25;9.68;1.8;59.31
9.09;0.11;12.09;0.36;7.11;1.22;70.02
14.07;0.12;12.4;1.36;9.23;1.3;61.51
12.1;0.19;15.23;0.91;12.27;1.01;58.29
15.43;0.14;14.77;1.32;9.83;2.63;55.89
14.29;0.12;15.42;1.07;11.3;2.78;55.01
13.23;0.09;17.18;1.5;9.0;3.83;55.16
14.73;0.08;20.01;0.77;9.46;3.32;51.63
12.37;0.16;11.86;1.0;8.66;1.35;64.6
15.03;0.24;8.84;0.61;16.97;0.16;58.15
10.11;0.28;7.52;0.7;16.18;0.06;65.15
11.03;0.25;11.7;0.86;19.85;0.05;56.26
11.88;0.45;9.62;0.64;24.59;0.04;52.78
12.28;0.79;9.23;0.7;19.3;0.03;57.67
11.34;0.43;7.57;0.7;10.9;0.06;69.0
9.84;0.19;4.72;0.39;9.0;0.08;75.79
9.59;0.26;9.91;0.66;14.25;0.18;65.15
9.07;0.21;10.91;0.72;16.17;0.22;62.71
8.47;0.18;11.31;0.77;14.34;0.39;64.53
10.22;0.32;11.93;0.5;7.56;0.62;68.85
9.31;0.31;12.37;0.41;9.45;0.69;67.47
9.01;0.16;10.92;0.43;11.0;0.5;67.97
12.36;0.23;14.63;0.41;13.56;0.68;58.13
11.38;0.23;14.13;0.61;13.57;0.61;59.47
7.0;0.12;10.53;0.76;11.15;0.42;70.01
10.46;0.26;13.11;0.71;17.82;0.37;57.27
9.98;0.17;15.67;0.63;12.8;0.39;60.35
13.64;0.87;12.27;0.93;11.53;0.46;60.31
10.43;0.26;12.42;0.52;11.66;0.38;64.31
10.93;0.21;11.64;0.46;8.38;0.32;68.06
11.32;0.28;12.05;1.05;8.2;0.63;66.46
13.77;0.31;13.35;0.83;11.24;1.0;59.5
15.32;0.15;9.97;0.7;8.17;1.15;64.53
11.33;0.1;10.48;0.56;8.31;1.3;67.92
15.99;0.06;16.49;1.47;6.94;5.01;54.04
17.52;0.08;18.06;1.16;6.34;5.4;51.46
16.54;0.14;18.25;3.77;7.63;3.15;50.53
20.83;0.03;16.17;1.6;7.16;6.04;48.17
10.0;0.05;11.57;1.48;3.49;3.49;69.92
9.11;0.08;4.74;1.49;10.36;0.19;74.04
9.45;0.77;7.52;2.15;24.5;0.12;55.49
7.72;0.38;9.61;1.11;18.16;0.06;62.96
6.17;0.48;8.36;0.91;12.92;0.06;71.1
8.25;1.63;10.81;1.3;26.91;0.09;51.02
7.25;0.33;8.22;2.82;12.57;0.06;68.76
11.6;0.22;6.08;0.79;11.25;0.1;69.95
13.0;0.15;13.0;0.35;9.98;0.22;63.31
15.65;0.17;13.34;0.84;8.49;0.49;61.02
16.35;0.08;14.07;0.27;10.14;1.03;58.06
19.59;0.12;22.66;0.79;10.46;2.31;44.07
19.56;0.06;20.22;0.27;10.4;2.65;46.84
22.77;0.17;26.05;0.64;11.5;3.51;35.36
19.9;0.13;26.8;0.64;10.63;3.32;38.59
14.75;0.09;26.31;0.89;13.23;4.02;40.71
16.64;0.12;26.92;1.09;11.54;4.37;39.32
22.17;0.15;23.89;0.74;13.95;5.37;33.72
22.39;0.25;22.09;0.63;9.24;7.0;38.41
21.92;0.18;21.43;0.9;10.71;6.51;38.34
17.42;0.1;16.44;0.84;8.7;2.9;53.59
13.53;0.06;14.99;0.45;8.99;1.81;60.17
18.27;0.16;12.31;2.02;6.82;1.54;58.89
20.44;0.13;11.53;0.71;10.47;2.53;54.19
31.26;0.16;13.85;3.3;6.84;2.64;41.95
18.58;0.1;13.09;1.1;9.81;3.82;53.49
18.7;0.12;10.96;4.49;7.6;2.31;55.82
19.37;0.12;9.69;4.86;4.95;3.11;57.9
21.95;0.06;14.59;0.95;7.89;4.19;50.38
20.93;0.09;11.79;2.11;6.98;5.91;52.19
26.78;0.15;9.46;2.37;6.23;6.73;48.27
24.59;0.11;14.13;3.16;6.87;4.46;46.67
25.67;0.39;13.75;2.51;7.97;4.45;45.26
23.94;0.23;12.36;3.7;7.96;3.76;48.05
16.33;0.07;14.31;2.31;4.51;2.38;60.09
22.13;0.11;12.18;2.62;6.39;2.06;54.51
17.16;0.15;11.08;3.33;4.35;2.63;61.29
16.1;0.16;11.97;4.51;4.51;1.94;60.81
19.06;0.15;9.31;8.7;4.11;3.28;55.4
22.34;0.12;14.51;3.69;8.21;3.91;47.22
20.13;0.15;13.66;2.43;7.48;3.89;52.25
25.92;0.3;11.85;3.77;6.47;3.56;48.12
21.46;0.13;13.0;1.37;6.9;3.19;53.95
22.91;0.12;11.47;1.0;5.94;3.61;54.96
26.62;0.18;12.84;1.85;5.76;4.86;47.88
22.43;0.14;10.17;3.87;4.78;2.68;55.94
20.18;0.15;13.51;1.61;5.83;4.09;54.63
24.06;0.06;10.19;2.35;5.13;5.1;53.11
19.63;0.07;12.21;2.95;4.13;3.27;57.74
10.94;0.06;14.48;1.32;4.34;4.2;64.66
11.88;0.06;13.96;1.95;3.91;3.11;65.13
25.35;0.07;12.28;3.43;4.4;4.63;49.84
9.65;0.05;10.94;2.58;3.74;2.98;70.05
8.74;0.02;8.4;0.68;6.47;0.99;74.7
13.02;0.11;6.17;0.47;14.66;0.1;65.47
14.18;0.17;5.48;0.75;18.46;0.06;60.9
9.2;0.12;5.93;0.77;12.5;0.07;71.41
9.67;0.15;5.71;0.86;15.4;0.14;68.08
9.26;0.23;6.43;0.8;11.8;0.17;71.3
12.05;0.34;8.81;0.64;16.06;0.25;61.85
10.6;0.25;9.23;2.41;6.97;0.66;69.88
10.63;0.2;12.31;0.9;9.22;0.79;65.95
14.44;0.34;11.67;1.02;11.37;0.66;60.5
12.83;0.15;10.8;0.42;15.54;0.5;59.76
13.41;0.24;13.45;2.38;11.0;1.13;58.39
11.46;0.22;11.72;0.61;13.54;0.57;61.88
11.82;0.12;12.29;0.86;11.5;1.02;62.39
12.78;0.14;11.34;0.76;12.8;1.52;60.66
10.15;0.29;10.46;1.11;8.63;1.12;68.24
8.06;0.24;11.19;2.6;7.37;1.28;69.25
8.31;0.21;10.56;2.51;8.27;0.76;69.37
9.72;0.34;11.26;2.26;7.58;1.49;67.35
8.9;0.25;9.74;0.55;8.47;0.65;71.44
13.54;0.25;12.15;0.6;11.85;1.12;60.5
14.26;0.25;15.18;0.91;11.96;1.51;55.93
13.97;0.32;13.58;0.88;11.17;1.25;58.83
11.69;0.22;9.26;1.16;9.15;0.81;67.7
10.87;0.3;12.62;0.59;11.53;0.97;63.11
8.18;0.29;12.57;2.04;8.11;0.94;67.86
11.61;0.44;12.85;1.48;8.85;1.03;63.73
10.73;0.19;9.94;0.43;9.32;0.61;68.78
13.66;0.2;10.74;0.52;11.94;0.75;62.19
10.71;0.26;9.86;1.2;8.61;1.15;68.21
11.4;0.15;9.69;0.54;12.0;0.6;65.61
9.84;0.56;9.53;2.01;9.18;1.18;67.69
7.92;0.42;9.2;3.02;7.53;0.85;71.05
10.08;0.34;10.37;1.36;7.81;1.07;68.96
10.83;0.27;6.04;0.76;12.37;0.18;69.56
10.79;0.23;5.28;0.67;20.5;0.03;62.5
8.39;0.19;5.54;1.14;13.48;0.04;71.21
12.31;0.24;5.35;1.0;16.92;0.07;64.11
9.37;0.26;5.74;1.06;11.39;0.07;72.11
9.05;0.24;6.27;0.63;9.42;0.18;74.2
10.89;0.27;7.52;1.13;8.67;0.73;70.79
11.22;0.2;9.15;0.68;10.16;0.88;67.72
9.3;0.28;8.67;2.28;8.12;0.78;70.57
9.92;0.21;7.41;0.8;10.94;0.61;70.1
8.88;0.13;8.1;1.23;6.97;1.2;73.5
12.52;0.17;9.89;0.56;11.07;1.74;64.05
7.92;0.12;8.42;0.81;8.62;1.93;72.17
17.76;0.11;13.5;1.03;9.35;5.34;52.91
13.62;0.19;15.56;1.6;6.68;3.49;58.87
9.06;0.12;9.06;1.02;5.97;1.49;73.28
10.44;0.21;7.62;1.26;13.51;0.54;66.42
11.23;0.34;9.33;1.34;22.78;0.1;54.89
7.9;0.88;7.09;1.03;19.2;0.08;63.83
9.56;0.61;4.93;0.94;15.51;0.05;68.39
9.83;0.21;6.64;1.02;10.44;0.09;71.77
10.15;0.31;8.36;1.0;15.66;0.19;64.34
7.43;0.32;4.75;1.48;12.05;0.19;73.77
7.92;0.28;5.5;1.15;10.44;0.24;74.45
7.71;0.36;6.26;0.61;10.72;0.2;74.14
8.87;0.3;7.26;0.88;9.15;0.37;73.18
8.62;0.36;9.53;1.19;8.15;0.51;71.63
7.59;0.22;6.55;1.04;11.05;0.29;73.25
8.82;0.2;6.63;0.71;11.28;0.28;72.08
9.86;0.3;7.6;0.8;11.71;0.35;69.37
8.59;0.33;7.4;0.75;10.4;0.38;72.14
8.25;0.12;7.91;1.19;10.58;0.74;71.2
7.51;0.25;7.94;0.58;11.02;0.35;72.35
8.86;0.28;9.3;0.48;10.56;0.38;70.13
8.95;0.22;10.44;1.0;8.4;0.6;70.4
9.44;0.28;7.83;0.58;10.44;0.52;70.91
9.51;0.21;8.49;0.91;12.84;0.77;67.26
11.42;0.33;9.55;0.6;13.26;0.71;64.13
10.62;0.34;10.09;1.15;10.69;1.34;65.77
10.15;0.3;11.33;0.65;11.85;0.98;64.73
9.51;0.19;9.37;0.45;10.12;0.79;69.57
9.45;0.13;9.76;0.44;10.34;1.04;68.84
9.93;0.37;11.56;0.48;12.63;0.51;64.52
9.43;0.22;8.36;1.54;8.57;0.62;71.26
8.1;0.37;13.9;3.64;6.26;1.17;66.56
9.46;0.42;11.72;3.51;6.06;0.77;68.06
9.51;0.31;12.19;4.08;6.46;0.99;66.46
8.05;0.22;11.22;4.41;8.82;0.66;66.62
5.84;0.14;9.61;8.2;7.21;0.45;68.55
6.39;0.1;9.77;11.38;8.72;0.45;63.18
7.06;0.08;6.95;4.76;10.72;0.32;70.11
6.98;0.08;9.94;11.69;7.33;0.58;63.4
5.97;0.17;10.08;9.76;8.65;0.5;64.87
7.14;0.09;7.44;6.48;11.39;0.43;67.03
6.38;0.05;8.77;3.77;12.43;0.4;68.21
9.12;0.05;11.11;3.68;15.41;0.73;59.91
7.38;0.05;9.39;5.8;13.75;0.47;63.16
15.3;0.17;26.54;6.42;14.78;0.48;36.31
12.54;0.19;24.43;9.75;11.67;0.65;40.77
13.6;0.31;24.94;7.74;14.3;0.52;38.59
11.62;0.25;18.27;7.84;12.75;0.65;48.62
8.71;0.2;14.84;13.82;10.55;0.37;51.51
9.05;0.26;16.61;9.85;13.43;0.37;50.43
8.43;0.32;18.83;7.31;11.91;0.48;52.73
6.63;0.15;11.33;13.05;8.83;0.52;59.49
7.42;0.11;10.71;5.62;10.52;0.42;65.2
8.83;0.12;11.09;9.16;8.88;0.65;61.27
12.47;0.12;14.85;12.01;8.36;0.65;51.55
11.73;0.02;11.59;18.26;6.79;0.46;51.17
19.16;0.06;14.8;15.64;6.67;0.5;43.17
14.97;0.03;22.63;7.08;10.72;0.49;44.08
9.58;0.06;22.68;9.67;8.49;0.83;48.69
6.2;0.01;19.87;10.31;6.9;1.11;55.6
5.9;0.01;18.6;15.24;8.69;0.77;50.79
4.47;0.01;16.53;23.4;6.9;0.99;47.7
6.72;0.05;13.84;26.37;7.06;0.41;45.56
4.21;0.02;4.33;34.56;9.14;0.06;47.69
8.53;0.02;8.32;11.34;22.82;0.07;48.9
9.57;0.02;6.15;22.11;14.95;0.06;47.14
10.13;0.14;7.51;12.6;10.65;0.13;58.84
5.72;0.02;10.92;19.9;4.3;0.47;58.67
4.88;0.02;7.51;24.05;1.96;0.71;60.88
3.43;0.04;6.87;11.28;2.31;1.04;75.03
2.72;0.01;6.76;22.49;1.23;1.38;65.41
2.93;0.06;6.38;14.14;1.66;1.21;73.61
3.02;0.05;5.94;24.85;1.6;1.07;63.47
7.81;0.04;9.74;10.42;2.82;2.52;66.64
4.79;0.02;12.22;25.41;1.52;2.75;53.3
4.63;0.04;11.37;17.15;2.21;1.57;63.01
7.35;0.04;8.74;16.52;3.24;1.28;62.83
7.76;0.16;12.08;18.36;4.05;3.67;53.93
10.45;0.09;10.8;17.96;5.59;4.2;50.9
6.38;0.04;8.29;14.86;3.1;2.12;65.2
12.17;0.04;6.39;15.19;3.53;2.75;59.93
17.76;0.08;8.82;8.01;5.72;2.35;57.26
7.32;0.06;11.62;17.08;4.45;2.57;56.91
7.53;0.04;11.89;13.93;3.84;2.82;59.95
8.02;0.01;8.72;6.01;5.05;3.54;68.65
5.89;0.01;6.4;5.73;3.34;2.57;76.06
7.8;0.01;9.16;6.35;4.42;2.49;69.77
6.75;0.01;8.66;10.46;3.86;2.04;68.21
8.23;0.02;8.75;6.86;4.21;2.18;69.74
9.85;0.01;11.65;6.69;4.64;2.94;64.22
6.68;0.01;8.62;4.9;5.86;2.24;71.7
8.95;0.01;8.64;9.21;5.3;2.41;65.49
12.45;0.0;8.16;6.24;4.52;3.24;65.39
9.08;0.01;8.86;13.08;3.5;2.29;63.18
10.1;0.02;6.85;17.12;2.69;2.54;60.7
9.98;0.02;13.04;8.44;5.5;2.89;60.13
11.05;0.02;11.64;9.43;5.7;2.37;59.79
10.1;0.01;10.49;14.84;2.73;2.61;59.22
11.82;0.01;9.77;17.25;2.89;3.28;54.96
9.38;0.03;13.87;8.79;4.31;2.14;61.48
9.35;0.03;14.12;7.22;6.67;3.12;59.49
11.81;0.02;10.25;10.8;3.61;2.1;61.41
8.89;0.02;12.6;9.55;5.02;3.96;59.95
7.73;0.02;14.86;7.65;4.66;2.86;62.21
5.83;0.04;13.56;6.96;5.48;3.11;65.01
7.08;0.2;10.68;3.74;14.34;0.34;63.63
6.8;0.14;9.97;5.63;17.36;0.07;60.05
7.03;0.06;8.04;5.21;12.73;0.06;66.88
10.76;0.42;7.65;7.47;12.72;0.12;60.85
9.59;0.18;11.24;3.57;13.57;0.19;61.67
5.97;0.14;11.9;2.66;11.93;0.32;67.08
6.61;0.13;10.72;5.27;9.59;0.57;67.11
4.58;0.08;9.4;5.89;5.42;0.62;74.02
5.27;0.07;10.7;5.22;7.07;0.97;70.71
6.44;0.04;11.63;3.28;8.44;1.01;69.16
6.18;0.09;11.41;11.09;5.24;0.85;65.14
5.66;0.08;13.37;5.58;7.19;1.68;66.43
5.89;0.08;10.13;5.83;4.64;1.27;72.16
4.96;0.08;13.58;3.81;7.86;0.99;68.71
8.01;0.04;9.82;5.01;6.27;0.83;70.01
6.57;0.06;11.65;4.57;10.25;0.19;66.71
5.51;0.07;5.67;6.22;20.11;0.08;62.34
5.18;0.11;18.6;2.5;21.39;0.07;52.15
7.11;0.08;14.0;2.61;24.26;0.07;51.88
6.83;0.05;16.62;4.79;9.47;0.12;62.12
8.88;0.12;11.49;3.64;10.3;0.25;65.32
11.25;0.15;15.58;3.62;10.93;0.44;58.04
9.08;0.08;10.77;4.38;9.75;0.54;65.39
15.63;0.08;20.06;2.79;9.41;2.29;49.74
5.82;0.02;11.87;3.51;5.7;0.87;72.21
7.17;0.02;14.75;3.99;5.26;1.63;67.18
7.76;0.1;13.8;3.33;7.12;1.46;66.44
13.9;0.07;16.34;2.82;7.33;2.3;57.24
11.6;0.05;14.92;3.24;7.42;1.14;61.64
7.15;0.03;14.15;5.25;4.3;2.34;66.78
9.66;0.07;14.2;4.66;9.24;0.44;61.72
8.85;0.17;12.14;1.51;22.46;0.08;54.8
3.85;0.09;11.78;1.8;15.16;0.16;67.16
6.25;0.25;13.24;1.5;21.05;0.1;57.61
7.47;0.21;15.93;3.1;20.72;0.1;52.47
6.06;0.07;14.54;3.43;11.97;0.07;63.86
6.24;0.09;11.65;3.76;8.77;0.11;69.38
7.29;0.1;16.58;3.27;11.59;0.2;60.98
9.56;0.3;22.83;2.12;15.84;0.27;49.08
10.21;0.19;17.49;1.85;14.61;0.2;55.46
11.46;0.28;17.4;2.44;11.49;0.44;56.48
8.76;0.35;15.34;3.45;12.68;0.3;59.12
7.13;0.16;12.93;2.17;11.32;0.31;65.99
9.22;0.26;18.2;2.96;10.5;0.41;58.44
9.29;0.28;19.19;1.64;11.57;0.39;57.63
10.2;0.31;21.19;2.58;9.92;0.5;55.31
7.41;0.09;10.05;3.55;8.96;0.26;69.67
7.66;0.13;12.83;4.12;9.58;0.55;65.13
8.2;0.12;11.63;1.39;12.28;0.42;65.97
7.31;0.15;14.3;3.23;12.37;0.65;61.98
8.38;0.14;13.47;2.66;8.52;0.63;66.21
6.31;0.13;11.21;4.58;8.75;1.0;68.02
5.01;0.24;15.5;2.81;7.29;0.88;68.27
8.85;0.25;13.4;3.39;9.12;0.59;64.4
7.13;0.19;14.08;2.23;10.07;0.53;65.77
8.38;0.18;14.42;1.8;13.09;0.5;61.63
5.77;0.15;12.02;3.3;11.04;0.74;66.99
9.4;0.55;14.18;1.35;9.24;0.39;64.89
4.93;0.06;9.58;3.25;7.45;0.7;74.03
4.96;0.07;10.85;4.25;7.04;0.79;72.05
8.96;0.21;16.21;1.75;10.67;0.75;61.46
7.53;0.16;15.22;1.5;10.07;0.78;64.73
10.92;0.16;17.21;1.4;10.95;0.49;58.87
7.34;0.12;15.65;2.11;10.73;1.13;62.91
6.62;0.15;12.09;1.69;8.08;0.86;70.5
10.29;0.08;17.51;3.09;15.6;0.27;53.16
6.95;0.27;11.45;1.55;28.5;0.09;51.19
6.85;0.89;12.27;2.11;26.0;0.06;51.82
6.67;0.54;12.1;1.64;26.99;0.07;51.99
10.24;0.92;10.17;1.0;30.65;0.07;46.95
9.94;0.31;9.59;1.25;30.94;0.05;47.93
10.9;0.57;14.17;1.86;28.13;0.06;44.3
8.67;0.23;8.39;1.31;26.93;0.03;54.43
11.48;0.37;9.5;1.19;26.39;0.05;51.02
9.5;0.22;7.8;1.25;20.37;0.04;60.82
7.49;0.07;9.02;1.93;17.17;0.12;64.2
5.99;0.4;11.5;5.72;11.02;0.11;65.26
8.56;0.43;13.38;3.78;18.26;0.17;55.42
6.72;0.22;11.43;7.04;10.43;0.21;63.95
7.53;0.4;10.85;3.61;12.54;0.12;64.94
5.87;0.1;8.71;5.93;9.38;0.2;69.82
8.44;0.13;11.08;3.89;8.89;0.55;67.03
8.3;0.15;10.02;2.0;8.76;0.4;70.37
7.79;0.05;9.15;3.69;6.77;1.06;71.49
6.27;0.04;9.19;3.58;7.1;0.88;72.94
11.08;0.14;15.41;2.12;9.0;0.68;61.57
5.15;0.06;7.44;1.94;5.36;0.58;79.47
6.4;0.05;10.16;1.27;6.63;0.77;74.72
5.94;0.02;8.94;4.67;6.27;1.03;73.14
9.08;0.05;12.49;2.77;6.7;1.57;67.35
7.85;0.05;11.48;6.83;5.03;2.16;66.6
8.21;0.05;10.73;3.25;6.12;3.0;68.64
8.79;0.03;14.32;2.23;8.99;3.25;62.39
11.27;0.03;10.22;1.72;8.29;3.05;65.42
14.59;0.04;10.79;1.47;7.75;3.54;61.82
11.4;0.04;12.04;2.64;7.52;3.53;62.84
14.85;0.08;13.64;3.71;5.54;2.76;59.43
12.51;0.07;8.82;4.99;3.64;2.11;67.86
9.56;0.05;11.13;2.22;6.84;2.52;67.69
10.55;0.08;14.78;6.28;5.98;2.75;59.57
15.29;0.05;9.17;2.82;8.08;4.0;60.58
13.3;0.05;12.62;3.13;6.21;3.55;61.14
12.11;0.07;9.95;2.68;6.73;2.9;65.56
16.37;0.09;15.71;4.05;6.2;3.55;54.02
10.1;0.05;11.56;2.85;6.92;2.59;65.93
12.35;0.09;9.43;3.38;5.44;1.77;67.54
14.87;0.1;12.2;4.51;6.11;3.58;58.64
12.09;0.08;17.12;2.84;7.25;4.76;55.86
13.6;0.15;12.77;4.65;6.8;3.09;58.95
11.9;0.2;11.02;3.25;5.7;2.06;65.87
10.56;0.07;11.62;3.08;5.16;2.25;67.25
9.95;0.08;10.94;2.47;5.78;1.68;69.09
13.23;0.1;10.91;3.52;5.39;2.41;64.44
14.01;0.1;11.3;3.49;5.39;2.49;63.23
13.35;0.09;11.84;3.4;5.49;2.48;63.33
13.71;0.08;14.56;2.89;5.82;4.32;58.61
12.01;0.08;14.64;6.14;5.33;5.76;56.05
11.92;0.11;12.23;2.77;9.05;3.48;60.45
9.64;0.06;12.6;1.81;10.27;4.84;60.78
15.1;0.08;11.6;1.75;8.4;3.26;59.81
12.21;0.12;15.01;1.76;10.35;3.24;57.32
13.48;0.09;12.29;4.82;4.53;3.57;61.23
13.84;0.1;14.07;1.25;8.24;1.94;60.57
13.05;0.1;8.48;2.55;7.22;2.85;65.76
14.13;0.08;15.01;2.54;7.18;2.7;58.36
9.12;0.08;10.02;3.18;5.23;2.06;70.31
8.86;0.05;9.18;6.95;4.94;3.06;66.95
11.43;0.27;13.06;2.2;8.84;2.33;61.87
14.88;0.22;14.71;1.92;10.1;2.62;55.54
13.47;0.05;16.43;1.0;9.13;2.11;57.81
10.44;0.12;11.27;4.18;5.65;2.34;66.0
12.77;0.09;14.73;4.27;5.74;3.55;58.85
14.56;0.07;14.14;6.45;6.19;4.3;54.29
11.88;0.05;15.22;3.42;9.03;3.96;56.45
12.41;0.1;9.92;2.89;5.97;2.24;66.47
14.63;0.23;15.19;1.67;9.23;1.31;57.74
14.28;0.2;12.87;1.84;8.4;2.5;59.9
9.43;0.13;8.52;2.21;4.83;1.44;73.43
13.18;0.19;10.21;2.28;5.88;1.65;66.59
11.92;0.11;12.21;5.81;5.72;2.01;62.22
9.19;0.06;10.78;5.25;5.42;1.67;67.63
10.35;0.1;17.06;4.01;6.44;2.41;59.63
11.97;0.16;10.93;3.63;6.67;2.27;64.38
18.02;0.14;12.97;2.05;8.21;3.41;55.2
14.51;0.15;15.64;2.82;7.07;1.78;58.03
14.11;0.16;11.12;2.95;7.03;2.82;61.82
15.77;0.23;12.93;2.8;7.95;2.36;57.97
15.43;0.06;8.64;1.87;5.39;3.39;65.21
18.58;0.36;12.44;5.06;7.44;2.32;53.81
14.97;0.21;13.04;2.14;6.59;1.91;61.13
10.8;0.07;14.46;6.23;5.86;1.76;60.82
9.69;0.09;13.2;3.37;6.17;2.48;65.0
14.2;0.11;9.66;4.22;4.88;2.3;64.64
12.24;0.12;10.76;1.72;7.4;2.04;65.71
10.12;0.11;11.27;1.55;9.09;0.62;67.24
12.92;0.41;8.88;2.43;21.52;0.08;53.75
9.47;0.42;12.54;2.13;32.26;0.05;43.13
10.13;0.22;9.45;1.48;28.47;0.04;50.2
11.19;0.27;6.66;1.69;19.89;0.07;60.22
12.62;0.14;8.19;1.73;15.77;0.07;61.48
8.79;0.41;9.71;2.91;18.69;0.1;59.4
10.57;0.18;7.92;1.39;13.1;0.2;66.63
10.47;0.35;9.16;1.85;10.74;0.31;67.11
8.47;0.13;10.25;1.69;9.45;0.41;69.6
9.47;0.21;11.71;2.01;9.27;0.55;66.78
10.97;0.21;10.72;1.67;10.3;0.49;65.65
8.87;0.11;11.29;3.09;7.71;0.34;68.59
9.92;0.34;10.53;2.8;16.1;0.33;59.98
6.85;0.16;9.41;1.48;7.97;0.75;73.39
10.91;0.39;12.67;2.46;8.63;1.34;63.58
6.84;0.11;10.26;1.87;8.64;0.91;71.38
8.07;0.25;13.13;2.26;9.61;1.22;65.46
8.49;0.29;11.27;1.13;15.18;0.59;63.06
7.65;0.18;10.28;4.51;9.61;0.84;66.92
4.1;0.05;9.59;2.78;5.38;0.79;77.32
6.45;0.07;9.8;1.25;8.58;0.87;72.97
8.25;0.09;10.51;1.77;7.31;1.24;70.83
6.14;0.07;10.68;3.41;6.22;0.97;72.51
6.63;0.07;9.12;2.04;6.16;0.97;75.01
9.83;0.1;11.55;2.13;7.23;1.36;67.81
6.75;0.1;15.31;1.44;13.08;1.4;61.92
8.3;0.17;13.13;4.01;10.2;1.81;62.38
12.76;0.07;11.19;1.38;10.4;1.37;62.83
12.52;0.12;9.32;1.68;7.49;1.86;67.01
10.23;0.11;13.56;2.57;7.96;1.6;63.98
15.72;0.1;9.93;3.12;6.25;3.07;61.8
11.29;0.1;12.53;1.08;9.02;1.37;64.6
8.83;0.04;12.9;1.26;10.01;1.92;65.05
12.4;0.07;13.4;1.47;10.65;2.46;59.56
9.44;0.05;12.57;1.07;11.62;2.2;63.05
10.65;0.12;15.28;2.01;7.59;2.01;62.35
11.65;0.09;9.38;2.2;6.3;1.92;68.46
10.8;0.06;10.81;2.63;8.51;2.8;64.38
8.74;0.07;12.21;1.75;11.47;1.35;64.42
11.41;0.1;13.8;3.18;9.86;1.81;59.85
10.98;0.06;13.72;2.9;8.47;4.22;59.66
13.86;0.16;15.79;3.38;8.73;2.21;55.88
11.63;0.07;11.05;1.75;7.4;1.75;66.35
11.7;0.08;10.3;2.26;6.77;1.58;67.3
13.83;0.09;10.04;3.89;4.89;1.21;66.06
12.02;0.08;12.01;2.48;7.78;1.53;64.1
11.97;0.1;11.24;2.49;6.54;1.52;66.14
13.49;0.09;12.18;2.36;5.16;1.76;64.96
11.83;0.09;16.42;3.32;6.51;2.01;59.82
14.03;0.12;11.98;2.27;6.2;1.84;63.57
16.59;0.09;10.82;2.68;5.74;1.97;62.12
16.44;0.04;12.19;1.82;7.66;2.44;59.42
15.79;0.06;9.09;1.99;7.71;4.48;60.89
15.8;0.1;9.13;2.1;4.6;2.23;66.04
14.92;0.07;15.36;1.37;9.44;2.41;56.44
16.24;0.11;17.12;1.22;9.47;2.76;53.08
14.51;0.05;12.03;3.65;9.3;3.09;57.37
15.13;0.11;11.07;1.95;7.36;1.36;63.01
14.27;0.1;15.87;1.06;9.76;1.49;57.45
14.57;0.12;12.35;2.11;5.49;3.02;62.35
12.32;0.1;12.01;1.32;8.38;1.84;64.02
14.22;0.13;14.51;4.26;5.88;2.54;58.47
13.27;0.13;14.27;1.87;5.82;2.16;62.49
11.43;0.12;11.87;2.51;5.41;2.0;66.66
15.25;0.09;9.87;2.47;6.8;2.41;63.12
14.91;0.08;10.52;1.75;9.24;2.34;61.17
7.7;0.13;14.91;1.99;7.95;1.47;65.85
8.58;0.1;13.27;2.97;6.39;1.28;67.4
6.02;0.08;9.94;3.34;5.88;1.28;73.46
15.6;0.13;11.16;2.25;9.99;2.2;58.67
7.31;0.12;10.54;2.33;5.48;1.77;72.46
10.63;0.16;10.94;1.72;6.9;1.34;68.3
13.15;0.11;9.94;1.74;8.02;2.03;65.0
9.92;0.12;9.19;2.04;6.92;1.19;70.62
10.93;0.09;10.14;2.77;6.7;1.33;68.02
9.07;0.06;8.09;1.09;6.7;1.66;73.33
8.77;0.08;11.96;1.15;8.66;1.2;68.18
11.58;0.09;11.9;1.52;10.82;1.64;62.44
8.79;0.08;10.3;2.08;6.56;1.29;70.91
9.81;0.08;9.55;0.88;9.17;0.99;69.52
10.64;0.09;11.06;0.93;8.85;1.06;67.37
9.06;0.07;12.14;1.26;11.28;1.28;64.91
10.24;0.11;12.01;1.52;10.5;1.65;63.97
7.43;0.16;14.29;2.34;8.73;1.34;65.7
9.27;0.16;9.17;1.69;8.15;1.0;70.57
5.74;0.13;9.99;3.63;7.23;0.91;72.38
9.5;0.11;9.96;2.64;7.9;1.2;68.69
10.12;0.07;9.15;1.59;8.88;0.91;69.27
9.68;0.16;6.74;2.07;12.94;0.09;68.32
7.12;0.29;12.88;1.29;34.39;0.05;43.98
