angry;disgust;scared;happy;sad;surprised;neutral
10.23;0.06;5.0;3.13;13.16;10.85;57.57
22.68;40.91;10.16;10.26;7.83;4.04;4.12
2.54;0.0;1.23;1.07;4.02;1.98;89.17
1.78;0.0;0.92;1.52;2.49;0.47;92.82
33.75;11.49;10.95;7.14;16.69;3.0;16.97
1.2;0.0;0.88;2.79;1.98;0.51;92.63
1.4;0.0;1.42;1.41;2.09;1.07;92.61
0.82;0.0;0.58;2.53;1.41;0.32;94.35
0.65;0.0;1.22;1.97;1.97;0.66;93.54
1.2;0.0;1.27;3.36;2.11;0.49;91.57
0.51;0.0;0.61;1.03;1.11;0.26;96.48
0.71;0.0;0.47;1.1;0.93;0.2;96.58
0.87;0.0;0.78;3.02;1.93;0.2;93.22
1.71;0.01;2.66;5.02;6.26;0.74;83.6
1.62;0.01;1.92;4.35;4.89;0.18;87.04
2.76;0.11;11.02;8.34;53.86;0.77;23.14
1.41;0.01;1.65;7.65;4.33;0.22;84.74
1.84;0.0;1.02;2.02;5.04;0.2;89.88
1.41;0.0;1.0;4.92;4.69;0.16;87.81
1.91;0.01;2.16;1.39;8.3;0.3;85.94
1.61;0.01;2.89;1.73;7.35;0.16;86.26
0.59;0.0;0.87;3.25;2.04;0.24;93.01
0.87;0.0;1.1;3.09;2.41;0.22;92.31
0.89;0.0;0.51;0.87;1.2;0.18;96.35
0.73;0.0;0.9;3.84;1.8;0.57;92.16
0.46;0.0;0.55;2.59;2.28;0.13;93.99
0.6;0.0;0.72;3.74;1.75;0.28;92.91
0.45;0.0;0.22;1.06;0.79;0.05;97.43
0.44;0.0;0.23;2.36;0.79;0.09;96.1
8.24;54.59;6.15;2.98;8.86;18.0;1.19
0.53;0.0;0.51;1.89;1.01;0.14;95.92
0.45;0.0;0.26;2.67;0.62;0.06;95.93
0.24;0.0;0.17;2.18;0.61;0.08;96.72
1.5;0.31;9.72;35.04;32.06;0.31;21.05
0.37;0.0;0.47;2.17;1.27;0.23;95.49
1.02;0.0;0.79;1.0;2.64;0.21;94.34
0.78;0.0;0.83;1.71;2.56;0.12;94.0
1.15;0.02;5.84;7.18;36.0;0.13;49.7
2.72;0.01;2.93;2.23;7.49;0.54;84.08
14.04;54.96;7.2;3.5;9.3;9.35;1.65
0.7;0.01;0.74;3.83;3.08;0.16;91.49
0.83;0.0;1.14;4.38;5.85;0.07;87.73
0.96;0.0;1.39;1.84;4.85;0.14;90.83
0.81;0.0;1.05;1.72;2.38;0.09;93.95
0.91;0.0;0.91;0.56;1.73;0.08;95.81
0.87;0.0;1.18;1.59;2.2;0.25;93.91
0.93;0.0;1.12;1.3;2.32;0.14;94.19
0.66;0.0;0.62;0.7;1.37;0.14;96.51
0.63;0.0;1.6;1.46;1.92;0.45;93.93
0.82;0.0;0.84;0.91;1.99;0.2;95.23
0.75;0.0;0.54;0.92;1.48;0.1;96.21
1.01;0.0;1.91;1.48;2.06;0.37;93.16
1.31;0.0;1.96;0.71;2.06;0.26;93.7
0.58;0.0;1.47;1.23;1.89;0.41;94.43
0.36;0.0;0.48;1.4;1.44;0.27;96.05
0.52;0.0;0.73;2.03;1.02;0.25;95.45
0.4;0.0;0.61;1.68;1.36;0.22;95.73
0.69;0.0;0.96;1.71;2.35;0.32;93.96
34.39;44.43;3.7;5.65;7.18;2.25;2.4
44.73;22.14;6.1;7.67;8.35;7.66;3.35
0.33;0.0;0.35;1.33;1.13;0.08;96.78
0.62;0.0;0.61;0.45;1.21;0.21;96.89
0.43;0.0;0.35;0.75;0.85;0.12;97.5
0.6;0.0;0.65;1.9;1.38;0.94;94.53
0.44;0.0;0.4;0.52;0.85;0.09;97.7
0.54;0.0;0.56;1.35;1.42;0.29;95.84
0.45;0.0;0.36;0.45;0.67;0.08;97.99
1.14;0.0;1.23;1.72;2.7;0.12;93.08
3.07;0.22;7.02;5.13;37.02;0.39;47.14
0.66;0.0;0.85;0.82;2.82;0.21;94.64
0.45;0.0;0.79;2.11;2.42;0.5;93.73
0.9;0.0;1.35;1.61;4.18;0.79;91.16
0.88;0.0;1.08;2.85;3.23;0.62;91.35
2.2;0.24;5.12;13.5;32.35;0.33;46.25
0.43;0.0;0.83;1.76;1.67;0.65;94.66
0.43;0.0;0.42;0.68;1.27;0.39;96.81
0.3;0.0;0.45;2.71;1.07;0.48;95.0
20.92;46.3;6.44;7.6;10.18;5.84;2.72
0.58;0.0;0.51;2.31;1.73;0.88;94.0
1.0;0.0;0.92;0.45;1.68;0.24;95.71
0.73;0.0;0.81;0.78;1.84;0.34;95.5
0.8;0.0;0.67;1.53;1.96;0.38;94.66
0.97;0.0;0.96;0.78;2.34;0.42;94.53
0.46;0.0;0.43;0.94;1.21;0.21;96.75
0.39;0.0;0.41;1.37;0.97;0.11;96.75
0.56;0.0;0.58;0.67;0.77;0.41;97.01
0.45;0.0;0.32;0.82;0.85;0.22;97.33
0.82;0.0;0.8;0.77;1.43;0.14;96.04
0.57;0.0;0.52;0.95;1.4;0.49;96.08
0.37;0.0;0.52;1.23;0.97;0.56;96.35
1.04;0.0;0.81;0.66;2.73;0.62;94.13
0.98;0.0;1.01;1.68;1.56;0.49;94.28
0.33;0.0;0.36;0.57;1.4;0.16;97.19
0.59;0.0;0.39;1.02;0.97;0.25;96.79
0.96;0.0;0.93;1.81;1.51;0.48;94.31
0.8;0.0;0.64;0.94;1.73;0.45;95.44
0.64;0.0;0.43;3.32;1.36;0.42;93.83
1.12;0.01;4.06;8.84;40.77;0.21;44.99
0.7;0.0;0.72;0.48;2.27;0.21;95.63
1.34;0.0;1.41;0.96;3.23;2.06;91.01
0.96;0.0;4.02;2.89;18.48;0.11;73.54
1.32;0.0;1.51;0.57;2.16;0.64;93.8
0.96;0.0;1.4;0.97;1.38;1.58;93.71
0.69;0.0;0.91;0.61;1.28;0.26;96.24
0.76;0.0;2.11;0.92;1.84;2.36;92.0
1.49;0.0;2.55;0.44;2.85;0.44;92.24
0.97;0.0;1.16;0.61;1.44;0.5;95.33
0.69;0.0;0.68;0.76;1.13;0.25;96.49
4.46;0.01;11.35;9.64;9.02;13.92;51.59
0.96;0.0;1.53;0.41;1.85;0.48;94.77
1.14;0.0;1.63;2.0;3.82;0.95;90.46
0.84;0.0;0.86;0.68;1.43;0.68;95.52
1.15;0.0;1.88;0.82;2.03;1.14;92.98
0.44;0.03;6.61;20.69;43.26;0.13;28.83
0.51;0.0;0.81;0.97;1.21;0.15;96.35
0.3;0.0;0.43;1.61;0.82;0.26;96.58
0.69;0.0;1.05;3.25;2.11;0.71;92.18
2.24;0.0;2.18;0.83;3.28;1.29;90.19
1.72;0.0;1.3;0.54;3.68;1.01;91.74
0.77;0.0;1.54;1.84;1.74;1.34;92.77
0.42;0.0;0.74;2.42;1.18;0.58;94.65
10.54;62.23;6.2;3.51;6.74;9.32;1.46
17.64;43.43;8.43;6.84;9.27;12.03;2.35
0.59;0.01;3.55;8.12;40.89;0.41;46.42
1.76;0.0;2.92;1.65;2.95;3.65;87.07
17.18;46.54;3.93;12.13;7.47;9.78;2.97
0.84;0.0;0.87;1.5;1.86;0.79;94.13
1.75;0.0;2.87;1.55;4.37;3.39;86.07
0.85;0.0;1.03;0.44;2.34;0.16;95.18
0.77;0.0;1.4;2.39;2.15;2.47;90.82
23.92;5.37;6.28;17.01;18.07;25.76;3.58
17.63;41.27;4.6;10.37;9.16;14.78;2.18
0.75;0.0;0.97;1.65;1.82;0.72;94.11
0.47;0.0;0.65;0.76;1.1;0.45;96.57
3.07;0.21;5.65;3.05;34.94;0.15;52.92
13.55;59.85;4.54;5.44;7.34;7.85;1.41
0.72;0.0;1.24;1.24;3.74;0.16;92.9
25.1;33.23;6.68;8.19;13.43;9.92;3.45
1.43;0.0;2.9;0.43;5.21;0.42;89.6
1.21;0.0;2.1;2.13;4.2;0.33;90.02
27.01;9.47;2.82;17.85;21.68;18.95;2.22
5.58;0.27;9.4;2.79;46.47;0.44;35.05
6.21;0.0;3.81;0.16;4.5;0.39;84.93
1.81;0.0;2.23;0.12;5.21;0.16;90.46
1.59;0.0;3.11;0.47;2.05;0.48;92.31
0.85;0.0;1.9;1.27;1.66;0.28;94.04
0.57;0.0;1.56;1.98;1.77;0.43;93.69
0.41;0.0;0.77;1.27;0.97;0.13;96.45
0.78;0.0;1.52;1.19;1.91;0.3;94.3
1.26;0.0;1.82;2.0;2.54;0.36;92.03
0.97;0.0;1.33;1.39;1.07;0.34;94.9
1.64;0.0;1.99;1.08;1.51;0.7;93.09
0.64;0.0;1.23;1.61;1.13;0.39;95.01
0.75;0.0;1.02;1.29;1.5;0.32;95.13
0.47;0.0;0.34;1.19;0.65;0.11;97.24
1.02;0.0;0.73;1.08;1.2;0.38;95.58
0.32;0.0;0.69;1.66;1.04;0.25;96.05
0.77;0.0;1.52;0.87;1.91;0.81;94.12
1.46;0.0;2.24;0.69;3.1;0.8;91.71
0.65;0.0;0.78;1.36;1.45;0.18;95.58
1.33;0.0;1.52;0.49;2.14;0.41;94.11
1.5;0.0;2.31;0.58;2.43;1.51;91.67
1.52;0.0;2.09;0.81;2.79;0.98;91.81
3.33;0.01;13.35;2.73;37.0;0.47;43.11
21.24;1.37;5.37;22.43;17.48;5.92;26.2
0.85;0.0;1.29;0.59;1.85;0.15;95.28
4.69;1.5;9.23;4.59;21.02;51.15;7.83
2.8;0.07;15.92;0.88;41.9;0.58;37.86
1.31;0.0;2.34;1.0;2.88;0.67;91.8
2.18;0.01;10.45;7.62;32.73;0.3;46.7
4.45;0.03;10.96;1.47;56.59;0.2;26.29
6.23;0.01;8.7;2.31;39.87;0.48;42.39
1.33;0.01;12.0;1.51;41.96;0.21;42.97
2.55;0.01;7.42;2.88;28.03;0.15;58.96
1.47;0.0;3.04;1.2;4.48;0.51;89.31
2.02;0.04;13.01;3.37;48.78;0.25;32.52
2.6;0.07;13.37;3.09;57.57;0.19;23.11
2.03;0.05;9.98;2.27;29.23;0.36;56.08
0.6;0.0;0.95;0.86;1.81;0.58;95.2
1.66;0.14;14.89;4.55;45.04;0.33;33.39
4.35;0.03;6.33;7.48;48.34;0.64;32.85
1.15;0.0;1.01;0.62;1.71;0.22;95.29
0.61;0.0;0.54;0.69;0.84;0.12;97.2
0.57;0.0;0.69;0.97;1.35;0.15;96.26
8.61;0.13;9.13;6.57;28.95;26.06;20.56
11.12;0.51;5.15;15.68;19.33;35.6;12.61
0.58;0.0;1.12;3.6;1.32;0.53;92.86
0.91;0.0;1.53;1.33;2.23;0.55;93.45
0.49;0.0;0.49;1.61;1.01;0.15;96.26
0.68;0.0;1.16;0.36;1.58;0.14;96.07
0.42;0.0;1.37;1.44;1.49;0.38;94.9
0.56;0.0;0.68;0.41;0.92;0.38;97.06
1.08;0.0;2.21;1.24;1.14;1.62;92.71
1.12;0.0;1.15;0.55;1.56;0.31;95.31
29.24;13.08;4.37;21.8;20.78;6.72;4.01
0.84;0.0;0.73;1.04;1.15;0.35;95.89
9.35;0.18;19.7;11.61;16.17;6.1;36.9
0.62;0.0;1.12;2.03;0.93;1.03;94.26
0.54;0.0;0.69;2.41;0.79;0.98;94.59
0.89;0.0;0.81;1.14;0.85;0.48;95.84
1.42;0.0;0.85;0.88;1.63;0.34;94.87
2.62;0.0;2.18;0.67;2.41;0.47;91.65
2.13;0.0;2.04;1.2;2.65;1.41;90.57
1.14;0.0;1.01;1.68;2.73;0.41;93.04
1.01;0.0;1.81;2.52;3.81;0.55;90.29
1.64;0.0;3.82;3.36;5.62;0.38;85.18
0.83;0.0;2.51;2.91;4.35;0.29;89.11
0.49;0.0;1.11;2.71;2.12;0.07;93.49
0.91;0.0;2.27;3.28;3.14;0.68;89.72
2.66;0.16;3.33;72.42;18.14;0.3;2.99
0.97;0.0;0.7;8.02;2.05;0.08;88.18
1.18;0.0;1.75;11.36;5.87;0.02;79.82
1.22;0.0;5.86;7.3;5.51;0.02;80.1
1.43;0.0;3.56;4.57;5.15;0.02;85.27
0.69;0.0;3.94;2.31;2.88;0.07;90.11
8.07;0.61;24.66;22.24;12.84;20.43;11.15
0.98;0.0;3.26;6.7;4.14;0.08;84.84
0.41;0.0;0.74;11.68;1.73;0.05;85.38
0.63;0.0;1.25;10.53;2.89;0.11;84.59
0.98;0.0;2.44;7.54;2.94;0.24;85.86
0.65;0.0;1.47;9.93;1.24;0.27;86.44
0.35;0.0;0.41;17.22;1.52;0.15;80.35
0.58;0.0;0.41;9.69;1.98;0.09;87.25
0.77;0.01;4.1;4.23;8.91;0.19;81.78
1.67;0.01;6.78;2.78;8.41;0.4;79.96
1.16;0.02;4.0;2.42;6.33;1.22;84.86
1.6;0.01;4.05;2.0;9.66;0.59;82.08
1.74;0.04;3.37;3.45;5.4;1.76;84.23
2.54;0.08;4.55;1.85;14.42;1.66;74.9
3.29;0.08;3.22;1.22;12.25;4.27;75.67
2.74;0.01;3.32;1.45;8.74;3.07;80.66
3.37;0.01;3.39;1.5;6.58;6.11;79.04
5.37;0.74;10.86;54.7;20.7;0.61;7.03
3.04;0.51;14.44;3.62;45.18;0.48;32.73
3.99;0.0;3.65;0.66;9.5;4.63;77.58
1.79;0.1;12.01;1.78;45.98;0.22;38.12
2.28;0.14;10.14;1.99;40.54;0.23;44.67
0.81;0.04;6.62;1.8;29.43;0.22;61.08
3.23;0.25;10.26;8.77;32.86;0.95;43.67
2.06;0.38;9.67;19.51;23.52;0.91;43.93
2.87;0.06;8.15;13.31;38.42;0.5;36.68
2.49;0.15;3.67;2.75;45.57;0.13;45.24
0.77;0.11;6.67;7.26;22.33;0.69;62.17
0.62;0.01;4.42;6.54;42.46;0.23;45.72
1.9;0.08;7.12;3.02;35.55;0.2;52.13
3.08;0.0;9.29;3.74;36.47;0.6;46.82
0.95;0.01;8.44;2.27;36.02;0.27;52.04
42.48;0.91;33.61;4.32;8.05;4.43;6.2
1.51;0.08;12.84;15.59;33.14;0.38;36.46
50.35;2.07;22.46;3.65;7.03;8.21;6.22
0.97;0.01;9.01;5.99;37.95;0.2;45.86
1.87;0.03;11.09;16.51;32.61;0.25;37.64
6.8;0.77;9.31;25.88;34.61;0.64;21.98
4.17;0.19;4.29;65.15;17.13;0.5;8.57
12.01;0.04;3.27;0.85;66.45;0.68;16.7
1.08;0.14;8.15;3.87;35.04;0.16;51.57
6.51;0.27;6.42;1.86;42.89;0.28;41.77
1.94;0.29;5.92;1.83;51.53;0.3;38.18
4.15;0.19;27.92;6.26;8.41;25.99;27.08
3.85;0.67;9.51;11.8;45.28;1.26;27.63
5.59;0.0;1.51;13.18;2.13;0.86;76.71
1.8;0.0;2.18;36.83;2.47;1.05;55.67
1.52;0.0;1.62;27.98;1.7;0.52;66.64
4.09;0.08;14.5;7.85;13.01;14.45;46.02
7.26;0.07;16.82;5.88;9.34;20.33;40.29
4.45;0.0;6.24;3.75;7.75;6.85;70.96
2.24;0.0;5.39;14.19;4.98;5.24;67.96
7.23;0.08;13.45;7.21;15.49;11.84;44.69
8.17;0.06;13.82;10.62;19.5;6.37;41.47
3.2;0.0;3.77;10.71;4.63;2.13;75.56
2.1;0.0;4.36;13.64;4.73;3.62;71.56
10.09;0.05;12.67;9.54;14.4;10.38;42.87
8.05;0.06;11.65;12.53;19.67;7.21;40.83
7.09;0.02;14.95;10.5;16.08;6.48;44.88
7.36;0.04;13.73;8.68;17.68;11.14;41.35
4.44;0.0;10.55;16.27;6.18;5.58;56.98
2.3;0.0;9.84;8.09;7.56;3.23;68.98
1.42;0.0;2.98;20.55;2.04;1.98;71.03
9.1;0.04;13.23;9.86;14.95;5.91;46.93
6.85;0.04;13.08;6.9;12.26;18.96;41.92
1.1;0.0;3.49;12.09;3.65;0.59;79.09
3.44;0.0;4.27;14.23;4.2;3.01;70.85
2.49;0.0;7.45;12.87;6.2;5.32;65.68
1.74;0.0;6.55;12.28;5.65;6.76;67.01
3.97;0.0;7.86;15.53;5.27;5.3;62.08
1.47;0.0;3.91;19.04;7.89;1.46;66.23
2.68;0.1;9.63;5.26;24.67;0.13;57.52
4.16;0.01;10.49;8.45;37.98;0.46;38.45
1.11;0.01;9.24;2.5;43.36;0.56;43.22
1.61;0.27;9.39;4.81;47.49;0.08;36.34
0.82;0.04;4.4;3.85;41.21;0.2;49.48
1.97;0.27;5.79;4.21;39.93;0.17;47.66
1.01;0.0;4.95;2.07;7.16;1.06;83.75
1.09;0.0;2.14;2.27;5.96;0.48;88.05
2.19;0.03;3.11;5.89;7.59;0.36;80.83
4.79;0.0;2.16;1.09;7.5;0.17;84.29
3.59;0.0;1.92;5.82;3.61;0.32;84.73
2.84;0.0;2.41;5.11;3.46;0.26;85.92
5.62;0.47;5.8;37.12;28.05;0.21;22.73
4.31;0.0;6.81;7.99;6.27;0.7;73.92
1.27;0.0;1.19;5.31;2.18;0.44;89.62
2.81;0.0;4.59;10.95;4.34;1.07;76.25
2.5;0.0;4.39;11.12;4.47;1.02;76.51
5.32;0.0;5.12;9.95;2.58;0.7;76.33
3.75;0.0;3.84;8.64;4.1;0.89;78.78
1.76;0.0;4.08;5.84;2.26;0.84;85.22
4.03;0.42;6.03;69.81;8.39;3.32;7.99
8.24;0.09;16.0;18.81;11.8;11.98;33.09
2.44;0.0;4.56;9.87;4.57;0.45;78.11
2.04;0.0;2.69;9.26;3.66;1.11;81.26
1.62;0.02;2.95;67.07;10.01;0.05;18.28
9.01;0.04;14.85;10.13;15.91;5.74;44.32
1.82;0.0;8.92;9.3;6.51;3.61;69.84
2.95;0.0;9.41;8.91;9.52;2.92;66.29
3.14;0.0;3.02;5.79;3.2;0.3;84.55
5.44;0.04;15.79;5.27;6.59;19.25;47.61
5.43;0.0;10.08;10.89;7.73;6.08;59.79
2.35;0.0;4.01;3.97;2.95;1.54;85.19
3.94;0.0;7.98;5.95;6.29;1.35;74.5
1.27;0.0;2.85;4.13;5.08;0.76;85.91
4.1;0.0;7.41;8.16;5.64;3.25;71.44
2.39;0.0;10.77;6.37;4.67;0.9;74.89
2.41;0.0;1.91;4.83;2.73;0.85;87.27
5.68;0.32;5.69;17.04;33.06;0.33;37.88
1.22;0.0;2.48;8.0;3.28;0.77;84.26
0.84;0.0;1.37;4.12;1.67;0.69;91.32
2.04;0.0;1.77;8.0;1.73;0.47;86.0
2.11;0.0;5.87;8.93;2.81;2.74;77.53
1.33;0.0;2.05;8.02;3.71;1.17;83.71
0.93;0.0;2.1;6.3;1.72;0.72;88.24
1.14;0.0;2.78;1.53;4.45;0.85;89.26
1.3;0.0;2.83;2.27;5.03;1.53;87.04
0.91;0.0;2.71;1.36;3.58;5.08;86.36
1.51;0.0;3.26;1.82;6.71;1.91;84.8
1.55;0.0;1.33;3.75;5.57;0.8;87.0
0.97;0.0;0.88;0.69;4.65;0.26;92.55
2.47;0.0;2.55;1.78;15.46;0.75;76.98
4.65;0.58;5.14;62.14;5.69;5.18;16.62
2.63;0.0;1.92;1.77;6.44;2.0;85.24
1.82;0.08;4.27;23.23;18.77;0.4;51.43
2.53;0.0;1.93;3.55;5.96;1.69;84.33
2.83;0.15;3.85;54.77;19.7;0.16;18.55
2.22;0.0;4.67;2.13;6.18;4.84;79.97
0.88;0.0;1.36;2.9;2.48;1.1;91.28
1.58;0.18;5.12;1.84;25.99;0.28;65.02
2.56;0.26;5.78;10.92;24.88;1.27;54.32
3.18;22.16;7.23;47.59;15.73;2.43;1.68
2.62;0.04;2.04;77.43;10.68;0.24;6.97
1.27;0.11;6.88;6.01;29.14;0.22;56.38
17.68;20.68;7.57;25.13;20.97;4.51;3.46
6.28;0.87;12.59;10.96;40.04;0.43;28.84
23.9;8.75;12.99;22.66;16.49;5.91;9.3
27.45;1.71;8.54;32.8;14.1;3.32;12.09
21.34;0.36;15.55;6.23;28.87;3.91;23.74
7.57;0.19;16.41;37.83;17.12;1.8;19.08
3.87;0.27;4.81;1.99;42.99;0.18;45.9
1.18;0.06;6.02;4.78;29.41;0.31;58.25
2.55;0.0;0.68;91.76;0.29;1.16;3.56
2.52;0.0;0.35;90.28;0.37;1.12;5.36
8.3;0.2;6.05;4.86;25.12;1.72;53.75
3.46;0.97;7.05;40.7;23.17;0.51;24.14
1.19;0.7;10.18;13.29;28.29;0.64;45.71
3.53;0.02;17.35;15.01;26.17;0.23;37.7
0.41;0.01;4.62;6.96;24.5;0.28;63.22
1.95;0.71;12.49;51.17;15.59;2.22;15.87
0.58;0.15;6.58;73.29;4.93;7.3;7.18
0.68;0.14;13.6;0.67;39.05;3.75;42.12
0.74;0.03;15.97;1.4;26.53;3.43;51.89
2.04;0.14;8.39;54.69;10.49;6.26;17.99
4.48;3.63;14.36;42.35;25.25;1.28;8.65
0.88;0.0;0.73;96.48;0.16;0.77;0.98
3.35;0.19;15.06;27.06;28.3;0.32;25.73
1.75;0.08;15.54;4.76;46.8;0.79;30.26
1.74;0.11;7.18;8.91;40.02;0.18;41.87
5.85;0.94;9.87;39.75;27.0;0.4;16.19
3.02;0.35;14.13;41.71;23.64;1.08;16.08
8.67;0.27;6.29;4.02;50.15;0.34;30.26
9.49;0.36;43.78;8.69;23.03;5.89;8.75
1.12;0.01;7.45;2.35;35.34;0.35;53.39
26.6;0.44;39.75;5.9;16.89;4.33;6.08
2.29;0.04;10.18;1.48;51.18;0.24;34.58
3.12;0.21;11.32;1.54;46.8;0.35;36.66
42.24;0.0;12.3;20.42;5.63;0.58;18.82
1.45;0.07;10.39;2.85;44.59;0.3;40.35
7.62;0.38;6.41;1.33;33.49;0.56;50.22
8.02;0.69;17.76;12.31;6.86;12.77;41.6
6.76;0.64;12.52;1.08;53.2;0.24;25.56
2.7;0.25;16.64;3.07;48.94;0.57;27.83
10.66;0.25;14.17;3.03;40.61;0.69;30.59
4.3;0.33;11.76;41.7;23.55;0.63;17.73
6.6;0.38;11.6;7.85;43.08;0.82;29.66
1.97;0.06;9.37;24.09;40.28;0.62;23.61
1.62;0.06;9.95;5.51;58.96;0.28;23.61
2.26;0.12;8.59;2.15;50.63;0.44;35.82
1.26;0.17;11.21;2.5;39.26;0.33;45.28
1.63;0.13;8.44;1.81;55.49;0.2;32.28
1.05;0.01;5.34;8.48;48.77;0.8;35.55
2.63;0.01;3.2;9.27;37.06;0.46;47.38
2.06;0.01;5.97;10.76;29.77;0.5;50.93
4.67;0.02;12.55;3.82;38.47;0.89;39.58
1.62;0.02;4.49;6.68;25.73;0.38;61.07
2.0;0.01;5.66;6.01;36.21;0.24;49.88
1.07;0.01;4.97;14.56;36.99;0.5;41.9
1.63;0.33;4.64;12.24;45.37;0.18;35.61
1.37;0.47;6.87;13.65;47.87;0.26;29.51
4.19;0.12;4.48;4.44;40.07;0.24;46.45
3.17;0.05;8.71;5.91;41.87;0.51;39.79
0.5;0.07;7.21;10.96;31.23;0.2;49.82
3.44;0.13;8.74;5.98;28.93;3.84;48.94
1.75;0.08;8.11;5.16;36.67;0.61;47.61
0.57;0.07;4.92;4.43;15.34;0.25;74.42
2.34;0.05;6.12;5.9;31.74;0.24;53.62
1.39;0.07;4.59;4.29;27.87;0.19;61.6
6.22;0.39;10.74;5.21;41.89;2.11;33.45
2.4;0.07;8.26;5.88;30.43;0.32;52.65
0.67;0.02;4.31;6.57;26.84;0.25;61.34
12.51;0.18;6.07;2.1;32.05;4.36;42.72
1.53;0.03;4.32;43.41;13.69;0.39;36.63
1.97;0.01;6.1;22.85;35.74;0.29;33.04
1.86;0.06;3.0;15.67;14.51;0.28;64.62
1.08;0.01;6.78;11.15;26.19;0.15;54.64
2.61;0.19;14.28;6.9;37.0;1.73;37.29
1.67;0.18;6.84;17.33;24.97;0.61;48.4
2.7;0.49;6.59;35.94;22.31;0.32;31.65
7.56;0.16;4.74;66.25;11.74;0.2;9.33
4.91;0.17;4.68;59.03;13.26;0.54;17.42
3.16;0.61;8.87;11.13;22.48;2.0;51.75
3.67;0.09;4.77;4.98;20.52;0.51;65.46
1.66;0.08;8.06;14.08;43.82;0.28;32.02
1.98;0.05;6.06;8.13;35.28;0.45;48.05
2.51;0.01;22.44;26.8;32.29;0.91;15.04
1.27;0.23;14.6;35.27;21.68;0.32;26.62
6.19;0.07;12.15;20.11;17.45;1.63;42.39
2.56;0.31;13.23;29.59;27.61;1.02;25.68
6.44;0.15;7.1;35.67;20.05;0.39;30.2
1.21;0.05;8.32;21.36;37.4;0.32;31.34
0.37;0.03;3.59;49.86;16.86;0.37;28.92
1.78;0.3;4.98;65.63;10.31;0.2;16.81
3.79;0.58;5.8;65.52;15.58;0.41;8.33
2.51;0.27;17.48;13.91;19.81;0.43;45.58
3.72;0.19;8.29;5.08;28.62;0.53;53.56
2.96;0.03;10.75;12.49;22.06;0.78;50.93
6.38;0.04;7.71;5.92;33.7;1.05;45.19
1.01;0.01;9.68;5.63;39.08;0.3;44.3
1.35;0.13;8.43;51.94;18.44;0.66;19.06
2.42;0.26;6.95;8.79;33.79;0.43;47.36
1.73;0.07;10.03;12.76;21.31;0.56;53.55
27.29;0.19;12.13;11.55;21.91;1.27;25.65
3.91;0.16;7.02;20.3;27.62;0.49;40.51
10.03;0.24;16.43;18.87;7.33;21.03;26.08
9.65;0.09;18.74;19.17;3.79;16.05;32.5
11.87;0.3;19.46;8.8;3.54;16.94;39.09
7.5;0.13;22.38;10.2;2.36;30.15;27.29
4.56;0.27;19.19;11.01;2.81;34.09;28.08
0.47;0.1;4.29;32.64;18.71;0.28;43.5
1.4;0.02;4.07;7.08;16.9;0.23;70.29
0.99;0.01;8.66;16.09;33.73;0.44;40.07
2.04;0.02;3.75;7.05;28.76;0.46;57.93
8.62;0.03;20.71;12.36;7.86;6.83;43.59
0.4;0.04;3.06;15.68;20.1;0.45;60.26
1.6;0.01;6.18;6.84;39.9;0.14;45.33
2.73;0.01;5.15;19.36;34.84;0.44;37.47
1.42;0.01;5.47;1.5;31.31;0.33;59.94
2.64;0.11;15.21;3.29;29.71;0.54;48.5
0.93;0.01;5.77;2.51;30.18;0.28;60.32
1.42;0.07;5.11;3.21;30.19;0.52;59.48
0.44;0.02;5.45;11.84;15.92;0.45;65.89
2.07;0.26;14.15;7.6;34.25;0.17;41.5
1.0;0.19;8.08;7.23;42.25;0.17;41.07
7.36;0.07;6.16;4.96;29.64;2.74;49.08
0.86;0.06;4.94;3.3;24.52;0.76;65.56
17.9;0.55;5.34;34.64;23.24;7.0;11.32
3.02;0.53;19.47;2.66;35.42;0.88;38.01
7.85;0.34;23.42;7.31;31.1;2.88;27.1
27.47;0.15;38.04;1.06;11.07;16.42;5.78
8.51;0.09;4.65;63.3;1.68;3.92;17.86
15.05;2.69;12.75;39.06;20.18;3.61;6.65
43.67;4.12;8.73;22.05;8.99;1.67;10.77
2.71;0.18;6.82;50.79;22.03;1.5;15.96
20.46;1.99;37.64;4.7;26.83;3.6;4.77
21.5;20.22;6.16;34.29;9.19;4.01;4.64
10.85;0.45;34.96;19.75;24.56;3.36;6.08
2.3;0.69;14.99;5.65;47.42;1.15;27.79
19.21;22.79;3.76;30.78;10.33;8.52;4.6
30.4;27.14;9.7;8.86;10.75;6.58;6.58
38.34;2.18;8.12;26.08;11.47;2.52;11.28
6.26;0.06;7.89;0.23;20.26;3.13;62.18
3.68;0.01;5.14;0.22;12.23;3.38;75.34
5.51;0.02;4.18;0.12;8.49;3.37;78.32
1.95;0.0;4.71;0.15;8.46;3.61;81.12
24.54;0.28;20.69;14.51;5.19;16.26;18.52
2.84;0.01;5.96;0.25;9.72;1.36;79.87
5.4;0.69;14.02;39.09;21.71;1.64;17.44
1.21;0.01;3.89;0.49;13.46;0.88;80.06
2.81;0.08;6.11;0.55;19.7;0.27;70.48
1.79;0.03;2.38;0.26;8.45;0.07;87.01
2.43;0.07;3.19;0.59;9.79;0.13;83.79
2.68;0.13;2.15;0.74;9.38;0.09;84.83
4.69;0.26;3.04;0.61;8.78;0.07;82.54
3.08;0.07;2.55;0.14;11.81;0.02;82.33
4.56;0.06;7.99;0.29;31.65;0.12;55.33
41.16;3.76;4.53;4.54;8.45;21.42;16.14
2.88;0.04;4.5;0.24;18.62;0.02;73.69
13.2;0.01;17.04;17.19;7.77;6.09;38.69
20.72;1.8;2.45;46.83;7.61;5.02;15.58
1.39;0.12;5.56;5.58;39.06;0.43;47.87
3.01;0.4;11.82;7.7;39.58;0.45;37.04
1.72;0.56;8.34;12.74;26.86;0.27;49.5
0.9;0.03;4.36;6.66;29.68;0.21;58.17
0.77;0.03;4.9;10.2;32.21;0.37;51.53
1.27;0.04;6.78;5.08;28.18;0.24;58.41
0.79;0.02;2.55;0.2;12.26;0.04;84.14
1.0;0.05;11.27;5.33;39.02;0.14;43.19
0.77;0.02;8.1;13.21;42.62;0.15;35.13
2.53;0.13;6.85;0.26;11.58;0.4;78.25
1.33;0.38;2.81;0.23;11.93;0.18;83.14
0.55;1.13;2.26;0.7;9.38;0.09;85.89
1.18;0.94;7.0;0.18;11.92;0.69;78.08
0.34;0.37;2.29;0.22;6.15;0.1;90.53
0.88;0.01;5.52;2.77;32.97;0.28;57.57
2.05;0.06;7.83;14.88;23.57;0.87;50.74
5.19;0.24;8.71;5.33;30.98;0.55;49.0
0.9;0.0;4.81;3.32;20.1;0.37;70.5
8.84;0.03;11.22;34.06;3.63;25.05;17.17
14.53;0.62;22.76;14.69;15.04;9.43;22.93
1.48;0.27;6.79;5.07;35.38;0.4;50.62
1.27;0.13;10.53;4.79;29.88;0.85;52.55
1.18;0.02;3.45;4.37;23.54;0.65;66.79
2.22;0.16;4.86;1.92;32.87;0.3;57.68
1.08;0.13;4.51;3.89;21.79;0.17;68.42
9.15;0.41;17.25;17.48;42.59;0.81;12.33
5.76;1.36;19.06;5.87;48.68;1.16;18.11
1.58;0.7;1.72;75.65;6.06;5.48;8.81
6.57;0.02;14.83;9.81;6.54;7.89;54.35
58.32;0.14;13.42;1.7;13.98;1.9;10.55
6.58;0.21;16.45;12.27;46.52;2.51;15.46
40.21;0.2;21.69;2.79;20.03;4.21;10.87
0.53;0.0;0.3;96.85;0.26;0.47;1.59
27.25;1.58;16.58;6.5;26.56;7.37;14.16
8.13;0.18;3.34;73.57;4.4;1.11;9.27
5.86;0.06;3.42;78.65;3.3;1.34;7.37
7.86;0.1;8.3;65.71;4.28;1.88;11.87
8.66;0.03;7.59;72.81;3.15;1.44;6.31
5.57;0.04;6.87;77.86;2.32;1.95;5.38
4.93;0.05;8.53;77.61;1.71;2.43;4.74
7.22;0.09;17.24;7.77;9.54;10.04;48.12
13.23;0.13;13.9;59.16;2.71;3.93;6.93
4.29;0.14;9.28;6.48;36.66;1.86;41.29
11.3;0.19;11.28;12.23;28.58;3.03;33.4
1.81;0.17;6.68;7.11;33.75;0.36;50.12
0.75;0.01;5.22;3.79;29.28;0.7;60.24
0.69;0.03;5.95;4.45;27.9;0.26;60.72
2.94;0.47;4.98;5.96;32.48;0.23;52.94
2.55;0.8;7.73;4.6;41.02;0.82;42.48
12.55;0.4;9.64;2.96;35.13;1.45;37.86
0.79;0.03;7.33;3.4;35.0;0.28;53.17
0.85;0.07;5.45;8.15;26.42;0.22;58.84
2.93;0.09;12.27;10.26;26.17;1.34;46.94
1.72;0.03;8.64;2.94;36.13;0.31;50.23
16.23;0.96;14.85;30.49;13.08;9.44;14.94
2.03;0.22;6.68;5.04;36.14;0.39;49.49
0.87;0.05;4.87;3.61;30.29;0.34;59.98
0.65;0.05;3.37;5.71;28.36;0.3;61.56
40.72;5.62;7.26;17.21;12.35;5.91;10.92
11.26;0.55;4.08;38.9;8.05;20.01;17.15
10.31;1.63;14.61;33.84;9.68;20.04;9.89
26.11;10.12;6.16;29.97;12.57;10.6;4.47
1.3;0.13;5.89;3.79;26.21;0.53;62.16
1.3;0.04;4.2;18.92;21.26;0.29;53.99
5.7;0.0;6.93;5.84;3.51;48.18;29.83
8.51;0.35;6.34;2.24;43.55;2.3;36.72
25.4;7.36;13.46;15.47;7.84;4.86;25.61
5.41;0.17;5.99;9.18;28.43;2.75;48.08
1.67;0.01;14.71;17.21;25.92;1.05;39.43
6.75;0.21;4.4;2.07;40.27;3.17;43.13
2.46;0.27;4.42;4.49;25.64;0.67;62.05
17.21;0.97;18.4;29.44;10.07;13.47;10.44
11.82;1.24;15.78;28.23;8.66;20.01;14.27
16.18;1.18;13.93;35.57;9.3;14.48;9.36
13.69;0.78;14.18;30.88;9.01;15.96;15.49
1.68;0.02;8.38;5.73;31.83;0.21;52.15
1.08;0.05;3.33;14.59;16.31;0.3;64.34
2.21;0.06;7.98;10.66;21.62;6.87;50.6
5.27;0.0;7.31;4.53;3.09;50.16;29.65
5.01;0.0;6.76;5.08;3.11;49.51;30.52
5.51;0.0;7.6;4.63;3.21;47.84;31.21
0.55;0.02;6.37;5.09;28.81;0.3;58.86
2.14;0.02;6.95;4.16;33.76;0.74;52.24
0.87;0.01;4.77;7.77;30.51;0.52;55.54
0.84;0.02;3.62;1.74;23.86;0.32;69.6
4.76;0.01;6.27;15.95;29.89;0.54;42.59
1.76;0.07;8.36;5.23;45.25;0.81;38.52
22.75;0.33;9.07;45.42;7.34;6.77;8.31
1.6;0.08;8.9;5.99;31.11;1.32;51.0
4.56;0.31;14.46;12.73;23.93;0.94;43.07
5.48;0.0;6.7;6.11;3.34;46.47;31.91
2.94;0.19;8.91;9.18;35.81;0.39;42.58
4.97;0.0;6.31;6.17;2.91;48.65;30.98
4.91;0.0;6.17;5.31;3.18;48.99;31.44
5.1;0.0;6.41;4.85;3.0;49.54;31.09
14.47;0.81;14.01;31.35;9.35;14.14;15.86
5.27;0.0;6.29;4.62;2.99;51.01;29.81
5.34;0.0;6.55;4.39;3.0;51.46;29.26
5.38;0.0;7.07;4.65;3.33;49.93;29.65
15.29;0.88;13.66;30.91;7.42;11.84;19.99
2.59;0.09;10.16;2.9;32.37;2.06;49.83
16.5;0.86;12.33;31.53;7.5;12.85;18.42
18.61;1.0;10.97;39.3;5.38;14.32;10.42
14.65;1.36;12.03;32.75;6.96;18.2;14.04
2.09;0.25;10.69;3.93;33.59;2.8;46.65
5.54;0.0;6.77;5.71;3.62;46.73;31.63
7.85;0.26;14.61;8.99;35.51;2.57;30.21
4.8;0.2;8.1;5.18;40.82;1.26;39.65
14.77;0.88;10.24;44.32;6.32;14.5;8.97
17.52;0.5;8.28;46.39;6.97;10.99;9.35
11.38;1.36;9.29;48.6;6.36;13.44;9.57
5.25;0.0;6.22;5.49;3.46;49.88;29.68
20.3;2.46;9.11;28.25;7.74;10.99;21.15
6.0;0.01;6.54;6.92;3.82;46.42;30.28
13.7;1.6;9.95;40.75;7.34;14.63;12.03
5.0;0.27;3.58;68.51;13.02;0.36;9.25
13.32;0.74;13.81;28.04;8.82;15.54;19.74
52.93;9.5;8.11;1.52;12.04;6.65;9.25
31.01;3.03;12.34;11.5;16.74;8.66;16.73
21.86;16.1;9.03;11.29;19.75;6.03;15.94
43.95;2.95;6.69;19.48;11.84;9.04;6.04
39.09;2.75;11.73;8.74;11.42;8.84;17.42
35.99;7.37;8.8;14.23;15.14;4.9;13.56
19.16;15.65;7.88;28.1;11.43;12.51;5.28
2.03;0.01;7.69;6.64;41.44;0.55;41.63
2.67;0.18;6.3;6.46;35.45;0.47;48.46
1.33;0.02;5.66;13.5;22.24;0.52;56.73
1.35;0.01;5.56;12.32;30.6;0.31;49.86
1.77;0.26;5.71;20.75;23.46;1.12;46.93
25.9;3.9;12.68;17.39;16.36;12.22;11.55
23.15;12.73;9.58;16.85;11.38;15.48;10.83
21.45;8.15;9.67;22.94;14.62;12.14;11.03
22.76;5.1;8.86;19.53;18.04;9.61;16.1
13.38;0.85;15.91;31.49;8.01;15.06;15.3
23.33;9.74;6.01;25.68;12.99;8.91;13.34
27.01;3.28;11.38;9.6;15.94;14.45;18.35
19.56;1.11;12.31;26.7;10.27;11.94;18.13
1.88;0.01;6.56;3.28;24.92;0.44;62.91
2.01;0.05;6.54;8.91;37.24;0.37;44.89
27.59;5.6;9.09;16.56;22.58;9.31;9.27
4.82;0.0;7.1;6.21;3.7;45.72;32.44
18.86;0.95;11.01;27.98;6.71;18.1;16.39
17.67;0.59;12.01;28.45;7.26;19.21;14.82
20.08;0.88;14.93;28.66;11.09;11.44;12.92
15.32;0.9;11.11;31.87;8.55;13.64;18.61
15.42;1.21;10.84;32.75;6.13;14.26;19.39
0.74;0.07;4.04;4.46;21.73;0.24;68.72
19.46;0.62;13.57;31.11;7.27;12.14;15.83
0.66;0.05;5.05;2.52;24.84;0.34;66.54
19.26;0.57;14.66;30.26;9.08;12.7;13.47
23.58;9.62;7.46;7.32;22.45;7.03;22.55
2.35;0.4;12.95;3.8;46.25;0.82;33.43
1.28;0.01;3.81;2.27;30.8;0.3;61.53
0.83;0.18;5.22;4.12;41.24;0.09;48.32
5.31;0.53;12.84;4.7;25.58;0.53;50.5
1.48;0.06;9.89;3.23;45.52;0.28;39.53
17.79;40.44;2.51;18.93;8.44;9.31;2.58
14.38;0.32;17.03;31.76;6.73;16.64;13.14
12.78;13.84;7.75;17.67;29.91;7.62;10.43
29.42;2.1;8.58;11.89;17.3;9.1;21.6
7.94;0.11;13.15;49.19;11.17;2.7;15.75
0.76;0.04;4.04;9.98;25.29;0.2;59.7
1.77;0.52;8.21;7.68;27.09;0.46;54.28
0.57;0.02;3.77;14.76;16.36;0.53;63.99
23.17;0.24;6.27;22.51;21.43;2.33;24.04
21.27;2.68;9.22;7.8;23.33;4.49;31.2
14.08;0.31;11.19;48.3;11.71;3.31;11.09
6.32;0.52;6.88;3.68;34.03;0.49;48.08
29.16;4.14;7.97;15.82;26.55;3.4;12.97
29.31;4.97;6.94;14.74;28.88;5.28;9.89
16.81;1.38;5.54;34.25;24.34;4.09;13.59
17.88;0.33;20.28;20.35;11.65;17.18;12.33
17.34;0.29;16.98;26.54;8.08;15.31;15.46
17.39;0.48;16.12;22.49;9.29;20.14;14.1
23.44;0.88;9.7;12.17;35.89;6.3;11.63
24.0;1.77;7.46;22.47;24.24;5.69;14.37
19.48;0.47;14.97;23.2;8.83;14.03;19.02
11.55;0.86;9.75;48.32;11.21;2.19;16.12
4.22;0.39;7.55;10.0;27.74;0.38;49.73
1.19;0.09;7.49;4.77;37.57;0.38;48.5
1.34;0.06;7.16;9.8;33.41;0.37;47.86
0.53;0.03;3.59;5.19;20.24;0.31;70.11
0.87;0.06;3.33;5.78;15.88;0.28;73.79
1.51;0.04;5.43;7.0;24.08;0.25;61.68
22.14;0.02;44.44;6.65;7.87;0.63;18.26
22.56;0.04;44.41;4.08;7.78;1.71;19.42
19.57;0.05;49.29;4.71;6.93;1.96;17.49
17.57;0.05;50.95;7.35;7.14;1.89;15.05
1.56;0.16;6.3;10.93;38.87;0.74;41.44
2.05;0.06;7.61;8.42;43.06;0.75;38.05
2.56;0.04;10.11;2.96;40.74;0.77;42.82
1.23;0.13;5.33;3.44;32.24;0.21;57.42
1.43;0.03;9.91;1.92;38.5;0.5;47.71
22.69;1.11;9.85;14.14;12.58;27.7;11.94
1.33;0.04;5.72;5.59;44.18;0.39;42.75
3.14;0.04;15.36;18.69;31.62;0.55;30.59
1.89;0.03;16.15;7.81;43.0;0.69;30.44
4.13;0.04;11.25;7.53;39.75;0.36;36.94
4.08;0.0;5.83;0.43;7.01;6.17;76.48
5.24;0.35;6.22;1.13;56.07;0.5;30.48
11.9;0.34;5.87;33.6;14.04;22.51;11.74
3.12;0.11;10.18;5.17;35.86;0.97;44.58
2.4;0.15;8.55;4.38;55.96;0.16;28.4
13.29;1.33;7.3;11.47;17.73;39.47;9.41
9.52;0.85;5.62;20.8;6.79;50.34;6.08
0.73;0.03;6.49;2.64;41.87;0.18;48.06
0.75;0.04;4.17;5.52;29.46;0.1;59.96
2.42;0.29;10.04;8.95;33.24;0.68;44.38
0.64;0.02;8.64;4.39;36.52;0.35;49.42
5.45;0.02;6.88;28.25;26.26;0.41;32.73
2.69;0.35;4.39;4.18;41.56;0.51;46.33
1.07;0.13;5.39;3.31;20.73;0.3;69.06
1.63;0.01;13.89;10.5;33.63;1.11;39.23
10.76;0.16;14.48;30.43;10.3;5.15;28.72
2.1;0.01;5.03;7.14;20.63;0.61;64.49
0.65;0.01;5.64;2.99;42.3;0.23;48.17
1.03;0.01;7.48;4.75;31.95;0.24;54.53
20.21;0.06;17.14;20.22;24.5;1.06;16.8
4.39;0.02;10.04;4.66;5.47;50.57;24.85
18.17;56.73;2.14;10.62;6.97;3.98;1.38
0.59;0.02;3.16;8.32;21.36;0.35;66.2
4.22;0.09;10.63;2.55;47.56;0.36;34.59
1.78;0.11;7.57;1.89;37.89;0.32;50.44
1.42;0.08;3.99;4.36;32.53;0.24;57.38
0.67;0.02;4.65;1.84;35.06;0.51;57.24
0.96;0.08;4.13;2.53;21.24;0.32;70.75
0.9;0.09;3.78;2.38;25.81;0.26;66.78
2.15;0.03;7.26;3.64;26.66;0.46;59.8
18.61;0.27;2.57;1.97;53.16;1.53;21.91
10.44;0.2;9.94;8.11;25.56;2.19;43.57
11.35;0.73;7.77;3.01;41.46;0.85;34.84
11.22;2.37;6.05;21.78;25.95;27.68;4.95
19.04;33.29;5.41;22.87;10.09;5.75;3.55
23.44;8.73;6.15;10.65;3.75;41.92;5.36
48.99;8.88;5.6;12.72;4.79;17.12;1.89
4.21;0.64;15.4;3.07;45.13;0.98;30.57
23.14;53.62;4.8;7.46;5.97;1.17;3.82
32.39;42.71;4.96;5.93;8.32;2.97;2.71
30.41;25.92;9.18;13.51;11.56;5.16;4.27
37.7;13.5;14.26;8.85;14.87;3.65;7.17
35.09;9.28;11.75;12.29;11.27;8.58;11.74
32.15;0.04;12.8;34.85;2.66;2.07;15.43
32.22;0.05;14.29;33.42;3.54;1.24;15.24
34.69;0.03;16.91;28.54;4.56;1.11;14.18
4.05;0.67;16.69;13.73;42.32;1.67;20.88
5.36;0.29;16.35;24.61;31.63;1.18;20.58
26.28;0.13;36.28;16.16;16.04;1.19;3.92
23.36;0.09;42.21;12.3;15.7;1.36;4.97
13.36;0.15;32.2;31.41;12.76;2.48;7.64
14.29;0.22;25.99;38.7;13.15;2.34;5.31
13.33;0.17;29.81;35.27;12.83;2.48;6.12
10.38;0.07;37.19;28.2;11.59;3.69;8.88
6.62;0.16;31.22;44.52;7.91;4.05;5.52
6.94;0.21;43.08;30.35;8.37;5.35;5.69
7.13;0.16;47.04;26.44;7.17;6.76;5.31
14.29;0.2;53.64;12.87;10.65;4.5;3.85
15.65;0.05;48.24;19.3;8.91;3.37;4.48
9.82;0.26;36.01;36.95;9.7;3.43;3.82
10.93;0.15;41.05;30.51;9.88;3.3;4.19
8.2;0.18;40.2;36.11;6.97;3.7;4.64
9.99;0.35;43.46;30.72;7.64;4.61;3.23
19.71;0.27;48.0;15.47;9.74;2.73;4.09
3.42;0.81;14.65;5.33;42.97;1.76;31.06
13.21;0.3;35.7;32.16;10.59;3.77;4.28
6.79;0.13;38.11;41.4;6.35;3.76;3.46
8.26;0.15;38.3;39.17;6.84;3.54;3.74
11.05;0.4;40.46;32.97;8.52;3.72;2.88
17.12;0.06;46.32;17.82;11.22;3.11;4.34
8.77;0.31;40.79;33.27;9.98;2.92;3.94
19.21;0.21;44.15;17.02;13.73;2.19;3.51
15.49;0.12;41.52;23.52;12.32;3.25;3.78
16.2;0.18;41.76;19.38;15.22;2.91;4.35
21.16;0.25;43.66;14.61;14.4;2.34;3.57
14.39;0.47;40.48;26.7;11.89;3.03;3.05
16.06;0.2;38.08;25.3;13.82;2.51;4.02
19.93;0.08;37.46;21.9;13.04;2.78;4.81
18.01;0.43;33.82;25.36;14.71;3.08;4.59
16.71;0.58;26.29;41.8;8.55;2.79;3.28
11.21;0.12;28.34;46.61;7.21;1.24;5.27
13.16;0.07;25.21;46.8;7.18;1.4;6.17
12.41;0.04;25.26;46.85;7.54;1.1;6.81
23.56;0.08;27.71;29.89;10.72;1.03;7.0
26.17;0.02;23.38;19.06;20.77;0.69;9.91
17.67;0.07;20.25;29.3;20.41;0.36;11.95
12.62;0.12;25.03;33.31;19.75;0.29;8.88
16.67;0.06;15.08;30.07;21.92;0.18;16.03
24.46;0.02;11.75;27.28;19.31;0.34;16.85
28.72;0.02;19.33;20.5;17.54;0.26;13.62
20.51;0.01;16.02;27.54;19.3;0.21;16.42
13.21;0.0;17.59;32.96;17.98;0.2;18.04
9.98;0.0;19.86;37.27;12.96;0.5;19.43
3.68;0.3;10.75;28.51;37.21;1.45;18.1
38.32;21.12;7.75;11.85;15.24;3.77;1.95
2.7;0.04;18.69;12.38;45.49;1.52;19.17
3.81;0.23;9.7;13.73;54.02;1.15;17.37
4.41;0.02;4.84;4.46;9.28;6.09;70.9
7.41;1.23;17.72;22.91;29.54;1.35;19.83
5.18;0.34;13.85;9.95;49.66;3.32;17.69
2.19;0.01;7.35;1.78;11.83;7.17;69.67
1.78;0.01;6.6;5.12;6.61;8.58;71.31
1.94;0.01;6.38;6.34;6.34;9.18;69.82
3.76;0.41;18.77;6.73;41.98;0.68;27.67
7.97;4.48;11.88;32.42;9.07;9.85;24.33
5.45;0.24;4.63;4.39;26.13;1.92;57.25
0.67;0.06;5.25;6.46;35.21;0.35;52.0
9.97;0.11;2.56;6.99;37.07;1.47;41.84
2.01;1.2;7.39;2.06;28.22;0.63;58.49
10.96;0.18;5.16;5.92;36.32;3.11;38.35
23.22;0.34;2.46;6.08;42.81;1.07;24.01
19.57;0.43;4.55;4.25;27.26;2.53;41.41
3.79;0.33;9.4;8.33;12.63;2.67;62.84
13.92;0.01;2.02;3.99;26.98;1.67;51.41
2.65;0.01;8.29;3.94;26.08;0.32;58.71
1.0;0.0;5.21;1.84;14.23;1.86;75.86
0.91;0.0;6.15;2.49;13.57;2.53;74.34
1.04;0.01;2.04;2.55;9.51;1.62;83.23
1.42;0.01;8.04;8.09;39.22;0.32;42.89
2.23;0.44;7.28;10.55;25.75;0.47;53.28
5.05;1.65;9.11;4.76;30.58;1.84;47.01
4.48;0.15;4.54;3.55;35.2;0.54;51.53
3.56;0.46;4.31;4.68;55.32;0.65;31.01
0.95;0.1;6.65;5.09;20.87;0.49;65.85
1.64;0.27;4.49;2.17;42.76;0.67;48.0
1.54;0.28;7.06;2.54;27.85;0.38;60.36
36.96;0.12;3.23;6.14;22.14;2.31;29.12
2.05;0.05;13.37;7.01;33.19;0.33;44.01
2.46;0.06;8.55;17.67;25.57;0.28;45.41
6.82;0.03;9.61;8.34;45.97;0.38;28.85
1.9;0.02;4.36;4.11;27.81;0.61;61.19
1.5;0.04;3.44;10.63;16.56;0.88;66.95
2.14;0.04;9.97;3.97;28.24;0.62;55.02
1.75;0.03;9.6;2.01;27.21;1.0;58.4
1.9;0.19;7.94;2.69;35.8;0.39;51.09
1.04;0.05;5.24;4.34;29.29;0.23;59.81
2.01;0.55;9.07;8.17;29.42;0.44;50.35
0.84;0.01;6.3;4.3;32.71;0.28;55.55
0.66;0.11;5.93;4.81;25.5;0.24;62.75
1.06;0.1;3.79;1.3;18.39;0.84;74.52
3.68;0.47;5.55;2.06;30.51;1.01;56.72
1.18;0.18;5.68;4.08;17.4;0.73;70.74
0.57;0.01;5.92;7.13;16.24;0.23;69.92
1.69;0.03;8.77;11.37;28.09;0.6;49.44
0.37;0.0;4.31;3.24;31.52;0.28;60.29
0.81;0.05;3.32;2.31;27.95;0.34;65.22
2.88;0.01;3.47;6.13;24.11;0.42;62.98
1.38;0.01;6.17;3.84;11.28;6.06;71.27
1.16;0.0;4.4;5.71;9.61;4.19;74.93
0.57;0.06;5.01;10.89;30.37;0.25;52.84
0.72;0.0;2.22;4.28;4.62;3.32;84.83
3.66;0.02;8.05;3.9;26.05;0.54;57.78
0.67;0.04;7.09;5.14;42.62;0.15;44.29
0.83;0.0;10.69;6.28;30.63;0.25;51.31
1.0;0.02;3.66;5.35;22.13;0.26;67.59
1.42;0.0;5.84;3.13;9.54;5.75;74.32
2.62;0.07;10.83;9.03;33.36;0.53;43.55
1.04;0.0;2.26;3.23;5.49;2.95;85.03
1.35;0.01;5.22;6.84;13.84;2.9;69.83
0.93;0.03;3.23;7.07;19.64;0.52;68.58
0.91;0.0;3.57;4.87;8.36;3.39;78.9
1.27;0.0;6.66;2.31;24.15;1.46;64.15
1.35;0.03;8.57;4.9;38.96;0.62;45.58
0.63;0.03;5.85;2.05;48.23;0.54;42.67
0.68;0.01;5.15;2.5;21.72;0.29;69.65
1.07;0.01;4.31;4.27;9.75;3.87;76.72
2.61;0.2;4.53;1.77;38.18;0.28;52.44
1.69;0.03;7.21;10.45;27.01;0.76;52.85
1.07;0.01;5.53;12.02;39.8;0.42;41.16
1.64;0.01;5.2;5.07;17.65;2.9;67.53
1.42;0.0;5.13;4.89;8.34;2.86;77.35
1.55;0.0;3.88;4.9;7.6;2.53;79.55
1.65;0.01;3.98;4.07;9.85;6.24;74.21
7.52;0.38;7.33;11.41;18.59;0.6;54.17
1.49;0.01;6.28;5.46;20.48;2.79;63.5
1.52;0.1;4.79;9.37;24.78;0.47;58.99
0.28;0.02;8.0;8.24;18.21;0.8;64.44
1.09;0.03;6.96;5.66;29.18;0.64;56.44
1.89;0.05;7.98;2.89;41.02;0.26;45.91
1.52;0.47;7.27;2.38;29.17;0.43;58.77
1.92;0.09;8.74;11.25;27.03;1.29;49.68
5.32;0.31;4.0;20.13;18.11;0.52;51.61
0.63;0.03;4.45;23.41;19.97;0.26;51.25
2.21;0.41;5.14;1.59;23.25;0.69;66.72
0.92;0.05;6.65;2.97;24.06;0.74;64.62
1.65;0.38;8.54;3.24;30.06;0.43;55.71
5.94;0.86;15.26;4.69;38.59;0.62;34.04
1.02;0.12;5.61;5.65;39.43;0.24;47.93
1.74;0.12;4.12;3.09;21.61;0.24;69.07
3.05;0.01;6.56;26.85;29.79;0.63;33.12
3.47;0.04;10.74;14.88;38.8;0.34;31.73
15.07;13.24;6.3;49.2;6.49;6.14;3.56
24.53;42.14;5.98;10.82;9.24;4.81;2.47
6.33;0.0;11.24;14.09;10.09;0.55;57.69
19.67;0.0;13.08;7.28;2.7;1.1;56.17
7.24;0.0;12.89;12.46;8.43;0.92;58.06
5.23;0.0;12.12;27.79;8.0;0.85;46.01
16.93;0.0;15.68;8.64;2.28;2.45;54.02
12.64;0.0;16.76;9.88;2.28;1.75;56.7
9.72;0.0;19.61;11.44;3.02;0.93;55.29
14.06;0.0;21.22;10.64;3.1;0.81;50.18
3.32;0.01;3.91;71.82;2.67;1.68;16.58
2.0;0.0;1.82;85.34;1.57;0.61;8.66
25.48;22.7;7.32;25.3;8.99;3.3;6.91
3.21;0.0;2.43;84.64;1.5;0.39;7.83
2.8;0.0;2.78;90.78;0.78;0.12;2.74
1.38;0.0;0.33;92.8;0.35;0.21;4.92
6.22;35.33;13.64;19.89;12.9;8.08;3.92
7.88;20.85;11.66;19.26;15.4;21.55;3.39
3.68;26.62;7.22;36.01;6.59;17.15;2.72
2.21;0.01;8.4;5.3;48.02;0.23;35.83
33.22;17.56;8.31;10.87;18.21;1.53;10.3
36.58;7.89;17.19;4.24;16.54;6.29;11.27
17.36;15.12;15.79;13.52;7.2;25.19;5.82
21.53;16.22;20.59;6.28;10.89;16.7;7.8
16.21;16.81;10.24;25.97;10.98;11.6;8.18
12.11;17.18;12.85;20.98;11.94;17.2;7.75
26.7;6.4;24.85;4.45;17.13;11.54;8.92
16.09;14.03;20.97;15.96;13.46;14.65;4.85
6.25;0.4;9.49;19.81;25.06;2.43;36.56
1.64;0.0;9.79;7.62;16.46;3.56;60.93
11.07;19.78;17.14;19.8;13.52;15.86;2.83
9.4;26.6;15.27;15.13;13.45;16.78;3.37
8.35;22.19;13.63;11.57;5.26;36.39;2.6
11.66;0.05;17.26;37.38;11.03;2.15;20.47
11.26;4.92;38.79;7.91;7.9;24.99;4.22
32.21;15.55;16.19;6.78;15.07;5.16;9.04
41.03;9.24;19.78;3.05;12.02;8.11;6.78
24.32;9.42;26.77;4.64;15.76;11.04;8.05
16.08;13.48;34.37;3.98;11.96;16.75;3.37
7.51;0.14;9.52;6.15;30.04;0.91;45.74
33.7;11.41;27.15;3.4;11.19;9.01;4.14
35.62;11.61;25.28;2.74;11.52;7.28;5.95
7.92;14.55;12.97;27.4;12.35;15.68;9.14
1.08;0.0;2.7;6.79;3.69;2.01;83.72
14.59;0.08;13.42;34.98;7.71;3.57;25.65
1.03;0.15;6.22;2.47;27.14;0.3;62.69
1.56;0.15;3.76;5.07;22.35;0.35;66.75
1.08;0.01;3.05;5.73;12.26;0.43;77.44
1.01;0.04;5.23;9.86;22.38;0.56;60.93
1.69;0.01;7.8;3.68;18.66;3.76;64.41
1.49;0.0;6.47;5.52;12.39;2.51;71.6
1.89;0.14;12.79;15.08;24.8;0.46;44.84
1.99;0.13;12.07;18.31;21.41;0.59;45.49
1.59;0.41;6.15;3.15;49.36;0.31;39.02
1.24;0.26;6.49;9.19;33.12;0.34;49.36
0.97;0.01;5.94;7.91;10.01;6.88;68.29
0.86;0.12;4.27;5.8;19.68;0.39;68.87
1.04;0.16;4.04;3.22;27.4;0.41;63.73
0.68;0.07;4.0;6.65;27.22;0.31;61.06
0.79;0.51;3.82;4.67;21.87;0.29;68.05
2.04;0.0;5.49;12.78;11.52;4.92;63.25
1.3;0.16;8.22;11.27;18.11;0.43;60.49
0.93;0.16;5.53;1.79;26.46;0.76;64.37
0.81;0.0;3.21;5.8;7.92;4.0;78.26
0.42;0.04;3.44;3.26;23.15;0.74;68.96
1.02;0.27;4.97;5.33;32.89;0.23;55.31
6.23;0.44;4.18;4.46;55.57;0.15;28.97
2.83;0.19;6.02;13.75;25.92;0.48;50.8
1.41;0.0;2.51;7.63;7.04;1.85;79.55
0.86;0.0;4.43;4.59;8.5;3.57;78.05
1.5;0.3;5.93;9.73;31.36;0.2;50.96
2.07;0.24;4.65;4.37;37.42;0.47;50.77
5.16;0.27;8.46;4.36;31.65;3.34;46.76
0.67;0.02;7.51;4.89;31.5;0.26;55.14
2.04;0.23;5.87;1.96;18.83;1.99;69.09
1.92;0.0;3.32;5.12;11.82;2.2;75.6
1.45;0.3;2.3;3.91;43.93;0.23;47.89
3.21;0.4;6.55;2.22;62.76;0.6;24.25
3.35;0.18;6.77;8.77;31.52;0.76;48.65
0.91;0.07;4.99;4.03;32.29;0.63;57.08
1.31;0.04;6.17;1.36;36.22;0.22;54.68
2.07;0.01;4.86;9.84;13.4;2.66;67.16
9.07;0.2;4.7;3.2;49.18;1.04;32.6
23.81;0.36;13.74;14.15;40.14;0.57;7.22
29.98;0.76;11.78;12.07;38.73;0.2;6.48
29.95;11.7;14.27;7.27;12.33;16.3;8.17
1.31;0.21;4.03;1.88;36.08;0.18;56.32
3.01;0.02;7.8;4.85;16.92;0.65;66.75
1.87;0.35;4.45;2.18;19.72;0.56;70.88
1.88;0.0;5.5;9.06;10.41;3.03;70.12
1.16;0.0;3.91;2.78;7.75;2.71;81.67
1.9;0.01;5.23;5.65;10.26;4.27;72.69
1.72;0.0;2.74;24.27;7.26;8.39;55.61
1.54;0.0;3.06;14.0;5.32;12.75;63.33
3.36;0.0;9.42;10.56;16.25;11.52;48.9
11.85;0.76;24.95;15.79;10.49;19.86;16.3
3.41;0.0;5.46;19.89;12.39;8.32;50.53
0.98;0.01;6.0;3.95;15.48;0.81;72.76
1.43;0.02;3.52;11.69;8.15;6.62;68.58
3.5;0.0;10.23;11.5;11.27;20.46;43.04
3.58;0.01;5.61;9.93;11.33;8.09;61.45
2.23;0.0;6.92;8.2;10.47;3.23;68.95
2.56;0.0;8.22;8.04;12.03;3.34;65.81
1.7;0.01;4.48;6.21;8.84;1.64;77.12
2.22;0.01;7.45;11.51;12.9;4.1;61.82
2.0;0.01;3.34;12.68;7.17;8.82;65.99
1.36;0.0;5.12;7.03;6.95;5.13;74.41
1.78;0.0;4.69;9.22;8.7;4.64;70.95
3.14;0.01;11.8;6.2;18.83;11.96;48.07
2.08;0.0;6.14;6.05;16.13;12.55;57.05
2.32;0.01;2.83;15.86;7.26;5.73;66.0
1.54;0.0;4.09;8.14;5.04;11.12;70.06
1.84;0.01;5.83;9.52;8.6;11.14;63.06
1.59;0.0;6.07;6.39;9.96;2.82;73.16
1.05;0.0;3.95;15.72;5.28;8.65;65.36
0.92;0.04;3.53;3.11;26.48;0.29;65.64
1.59;0.01;2.99;12.14;8.05;4.71;70.52
3.99;0.33;3.55;4.31;55.17;0.68;31.98
3.81;0.64;4.61;4.32;34.95;1.07;50.6
3.53;0.0;8.32;11.23;16.35;10.09;50.48
4.51;7.82;4.65;48.62;31.16;1.37;1.87
1.3;0.01;2.24;7.56;4.56;3.87;80.46
26.69;7.18;18.83;5.54;8.23;28.86;4.68
0.92;0.02;8.71;9.35;28.85;0.19;51.96
7.04;0.03;6.43;5.59;39.97;1.13;39.81
0.57;0.02;4.28;7.96;21.9;0.48;64.8
2.13;0.02;4.97;22.52;16.26;0.51;53.58
1.81;0.38;4.55;5.54;35.11;0.29;52.31
0.94;0.01;7.66;3.6;31.68;0.13;55.98
0.71;0.04;4.66;10.2;33.37;0.19;50.84
6.13;0.49;4.35;2.45;44.55;1.33;40.7
1.04;0.05;6.82;2.98;23.02;0.34;65.75
3.23;0.01;4.88;4.11;38.4;0.35;49.02
0.57;0.01;5.11;20.98;23.66;0.17;49.52
1.63;0.25;3.84;2.55;55.57;0.92;35.24
1.08;0.03;4.31;23.6;14.18;0.41;56.4
4.97;0.07;2.82;4.2;24.86;1.93;61.14
5.77;0.34;4.36;2.19;59.77;0.9;26.67
0.36;0.05;2.7;23.94;10.62;0.52;61.82
2.98;0.03;7.08;20.51;20.28;0.3;48.81
2.0;0.11;5.37;2.72;41.95;0.57;47.28
0.78;0.03;2.76;22.01;17.13;0.37;56.92
1.89;0.36;4.9;1.79;36.18;0.39;54.5
2.16;0.25;7.77;2.27;36.13;0.21;51.21
14.84;6.75;10.06;13.31;24.89;5.42;24.72
18.07;0.52;20.94;14.27;8.3;22.86;15.06
4.52;0.43;6.1;2.04;47.69;0.39;38.85
0.52;0.06;3.84;3.01;36.54;0.16;55.87
0.48;0.01;7.62;2.75;38.9;0.39;49.85
1.65;0.02;9.13;7.22;38.24;0.45;43.29
1.38;0.02;5.3;9.37;27.44;0.4;56.08
1.06;0.0;3.11;8.01;7.22;8.25;72.34
1.22;0.53;11.1;2.53;30.67;0.27;53.68
2.24;0.01;7.78;14.82;10.48;6.94;57.74
2.64;0.0;5.68;11.16;9.0;11.33;60.18
1.82;0.0;7.52;11.61;12.92;5.22;60.9
1.72;0.72;8.81;4.91;34.08;1.03;48.73
1.7;0.0;12.66;13.32;14.24;6.27;51.8
1.89;0.0;10.63;8.81;15.13;6.86;56.68
4.44;0.44;10.99;6.95;34.13;1.63;41.43
3.66;0.37;7.68;4.77;32.7;0.63;50.21
1.04;0.02;4.27;4.73;35.35;0.34;54.26
1.72;0.4;9.5;2.27;31.33;0.2;54.58
1.62;0.0;7.37;12.83;12.49;7.43;58.25
1.84;0.0;10.82;8.73;11.76;16.74;50.11
37.14;6.37;12.53;1.79;16.18;9.97;16.02
5.76;0.14;11.23;2.86;29.78;0.77;49.46
20.34;14.17;26.22;7.81;15.31;6.67;9.5
1.63;0.01;12.38;6.96;33.97;1.02;44.03
2.17;0.41;10.29;2.39;37.77;0.96;46.01
