angry;disgust;scared;happy;sad;surprised;neutral
16.16;0.18;8.51;1.18;23.52;0.34;50.11
15.0;0.25;9.99;2.21;22.89;0.49;49.16
14.68;0.11;7.4;0.91;21.06;0.2;55.64
17.91;0.47;8.41;1.4;24.16;0.4;47.25
13.75;0.22;7.53;0.59;23.2;0.26;54.45
12.13;0.17;8.67;1.31;25.94;0.34;51.44
14.51;0.24;8.58;1.13;22.95;0.3;52.29
14.57;0.06;7.1;1.53;24.26;0.31;52.16
13.67;0.17;5.38;1.46;22.99;0.09;56.24
11.83;0.16;7.42;1.62;22.64;0.25;56.08
10.29;0.07;4.1;1.02;13.98;0.15;70.39
13.06;0.12;7.36;0.74;22.22;0.23;56.27
11.76;0.24;9.68;1.64;26.02;0.33;50.33
14.79;0.09;6.35;0.89;18.27;0.16;59.44
13.45;0.08;5.77;0.73;17.17;0.18;62.62
10.03;0.1;4.89;1.02;20.01;0.19;63.77
13.98;0.17;6.94;1.37;22.58;0.18;54.77
15.95;0.09;6.2;1.26;20.76;0.2;55.54
13.55;0.08;6.51;0.94;20.99;0.17;57.76
15.21;0.08;5.67;1.03;21.67;0.18;56.16
20.96;0.07;7.04;1.34;27.21;0.17;43.22
13.75;0.13;7.24;2.41;29.05;0.3;47.11
17.71;0.17;8.69;1.87;28.14;0.33;43.09
14.63;0.07;8.14;1.75;34.57;0.17;40.67
11.48;0.23;9.35;1.88;25.1;0.29;51.68
15.71;0.1;6.24;1.13;25.25;0.13;51.44
13.55;0.13;8.59;2.61;25.76;0.32;49.05
16.72;0.11;9.85;1.75;25.61;0.3;45.66
14.65;0.07;7.01;1.22;18.82;0.23;58.0
12.96;0.06;6.56;1.21;20.47;0.26;58.48
16.63;0.1;4.74;0.84;16.68;0.18;60.84
12.94;0.17;6.07;2.08;18.47;0.27;60.0
21.21;0.13;4.05;1.78;13.71;0.15;58.98
18.71;0.12;6.13;1.51;21.15;0.19;52.19
17.06;0.09;7.19;1.24;21.68;0.34;52.4
12.39;0.11;6.29;1.73;18.26;0.28;60.93
17.99;0.07;6.49;2.09;17.17;0.23;55.97
17.23;0.06;7.74;1.95;21.46;0.28;51.28
10.82;0.13;9.63;1.73;23.55;0.33;53.82
11.43;0.09;8.05;2.43;23.46;0.3;54.24
13.87;0.15;7.98;1.5;27.82;0.29;48.39
13.65;0.19;8.84;2.57;21.87;0.36;52.52
15.41;0.09;6.67;2.56;21.45;0.2;53.62
13.05;0.14;5.64;1.18;19.51;0.2;60.27
14.49;0.07;9.73;1.9;28.39;0.28;45.14
14.42;0.12;6.98;2.1;19.16;0.19;57.03
14.87;0.21;6.56;1.77;19.64;0.28;56.68
17.42;0.13;6.81;2.79;24.43;0.2;48.22
15.57;0.09;5.6;2.08;20.5;0.24;55.92
14.61;0.18;5.72;1.55;22.5;0.2;55.25
15.75;0.2;7.36;2.09;22.9;0.24;51.47
14.0;0.27;6.17;2.03;17.62;0.32;59.6
12.14;0.35;5.31;1.21;19.46;0.19;61.34
11.1;0.11;5.4;2.08;18.17;0.15;62.99
11.95;0.1;5.54;1.46;20.62;0.18;60.17
14.4;0.11;6.19;1.33;22.7;0.18;55.11
16.48;0.1;8.3;2.46;24.87;0.31;47.47
16.77;0.05;7.23;1.38;26.48;0.3;47.78
11.8;0.15;6.49;1.27;28.68;0.28;51.33
11.5;0.18;8.07;1.76;24.37;0.31;53.81
12.11;0.12;6.09;1.1;18.41;0.26;61.91
16.56;0.08;6.28;0.6;22.12;0.19;54.17
11.65;0.2;6.37;1.68;22.06;0.25;57.79
7.62;0.15;6.13;1.84;21.63;0.24;62.39
13.74;0.07;6.96;1.24;20.72;0.22;57.04
12.01;0.05;4.99;0.71;18.95;0.18;63.11
9.27;0.11;5.93;1.34;21.28;0.17;61.9
10.9;0.07;5.49;1.06;21.89;0.12;60.45
10.1;0.12;8.34;1.8;23.79;0.25;55.6
11.61;0.13;6.72;1.32;23.55;0.23;56.45
14.01;0.1;7.46;1.32;18.71;0.32;58.08
8.96;0.14;7.74;2.13;21.72;0.41;58.91
10.67;0.14;5.59;1.13;21.82;0.18;60.48
12.68;0.13;8.55;2.37;31.88;0.27;44.13
15.19;0.04;5.8;1.64;24.61;0.16;52.57
11.32;0.06;5.7;2.84;25.32;0.19;54.57
13.27;0.09;4.58;1.59;22.43;0.17;57.87
12.08;0.09;5.22;1.48;21.17;0.13;59.82
14.64;0.25;5.98;1.1;21.54;0.18;56.32
12.81;0.2;6.74;2.35;23.68;0.16;54.05
9.66;0.09;6.17;1.39;21.3;0.2;61.2
8.34;0.09;8.18;1.66;22.17;0.27;59.29
9.19;0.14;7.24;2.14;18.2;0.25;62.85
11.53;0.07;4.33;1.35;14.27;0.19;68.26
13.13;0.18;9.21;2.67;20.51;0.4;53.9
11.41;0.05;5.13;1.26;20.57;0.24;61.35
11.94;0.19;6.46;3.13;27.12;0.27;50.89
16.71;0.23;9.74;3.43;20.34;0.46;49.09
12.69;0.15;7.13;1.88;22.43;0.31;55.41
13.05;0.17;7.22;2.48;21.47;0.35;55.27
18.33;0.15;8.83;2.61;20.01;0.48;49.59
14.01;0.17;10.59;2.94;22.55;0.32;49.41
11.59;0.09;5.4;1.82;19.74;0.23;61.13
9.98;0.15;9.26;1.92;24.39;0.4;53.91
11.01;0.09;4.94;1.41;22.13;0.2;60.21
9.93;0.11;5.56;1.48;18.83;0.25;63.83
10.82;0.13;6.81;2.51;25.24;0.26;54.23
11.48;0.11;8.8;2.39;24.15;0.4;52.68
12.18;0.07;6.8;2.36;21.76;0.23;56.61
11.15;0.06;5.16;0.94;17.05;0.23;65.41
10.82;0.1;6.91;1.38;20.62;0.29;59.88
15.31;0.05;6.22;2.55;23.74;0.29;51.84
14.15;0.08;11.51;1.82;19.25;0.45;52.73
10.43;0.07;7.24;3.04;29.21;0.34;49.67
12.84;0.06;6.24;1.91;18.3;0.34;60.3
14.91;0.14;7.02;2.07;19.42;0.28;56.17
11.32;0.08;8.16;2.17;24.82;0.4;53.05
16.75;0.13;6.9;2.01;22.36;0.28;51.57
10.27;0.1;7.1;4.44;24.99;0.32;52.79
9.53;0.04;6.52;3.37;24.13;0.28;56.12
9.62;0.03;7.91;4.16;26.56;0.49;51.22
8.17;0.06;6.17;3.06;20.97;0.2;61.37
15.28;0.18;6.38;0.89;19.36;0.18;57.73
9.15;0.12;7.38;3.37;28.15;0.26;51.57
11.04;0.11;7.45;2.7;19.86;0.28;58.56
9.61;0.08;6.57;2.47;19.94;0.26;61.08
9.47;0.04;6.34;3.85;26.66;0.37;53.28
12.75;0.13;8.94;2.44;23.07;0.35;52.33
9.69;0.18;14.1;1.02;18.85;0.55;55.61
12.7;0.04;6.86;3.19;21.28;0.34;55.59
10.41;0.09;9.14;2.61;21.87;0.31;55.57
11.16;0.16;10.31;1.96;22.08;0.49;53.86
12.41;0.07;6.59;2.39;23.65;0.31;54.58
9.27;0.05;6.63;2.12;23.61;0.32;58.0
12.02;0.04;6.16;1.67;24.62;0.27;55.21
12.08;0.07;6.77;1.37;24.88;0.24;54.6
9.92;0.11;8.65;1.51;24.04;0.4;55.38
10.24;0.1;8.74;1.23;25.74;0.22;53.73
9.76;0.19;7.99;2.76;25.87;0.37;53.07
11.39;0.14;8.47;1.24;24.21;0.26;54.28
10.26;0.06;6.69;0.97;24.13;0.26;57.64
11.05;0.16;7.38;2.22;22.89;0.31;56.0
8.49;0.07;6.78;1.12;24.45;0.22;58.87
8.18;0.06;7.22;2.03;22.15;0.32;60.05
9.1;0.06;6.55;1.47;22.66;0.4;59.77
7.32;0.18;8.01;0.93;22.34;0.25;60.97
9.01;0.15;9.08;2.49;22.84;0.32;56.1
10.39;0.18;10.94;1.95;25.91;0.37;50.25
15.72;0.24;10.99;1.33;25.11;0.39;46.21
12.22;0.14;7.15;1.16;31.43;0.19;47.72
10.7;0.06;5.24;1.79;23.72;0.16;58.34
7.11;0.1;5.55;1.82;24.55;0.19;60.69
9.23;0.14;7.24;2.1;28.42;0.21;52.66
10.72;0.13;7.26;0.92;34.05;0.16;46.77
8.29;0.23;7.29;1.1;27.82;0.21;55.06
9.44;0.24;7.11;1.67;26.59;0.22;54.74
12.88;0.18;6.49;0.56;29.97;0.19;49.73
11.38;0.22;5.92;0.99;23.0;0.24;58.25
10.87;0.11;7.09;0.79;27.67;0.23;53.24
10.71;0.22;8.92;1.04;26.89;0.28;51.92
13.74;0.05;8.23;1.19;27.71;0.25;48.83
15.86;0.1;9.06;0.87;26.84;0.22;47.04
4.08;0.01;9.83;6.42;4.74;40.14;34.78
13.59;0.09;8.38;0.81;23.66;0.19;53.27
13.56;0.13;7.27;1.55;24.18;0.24;53.07
12.44;0.08;8.04;1.44;27.17;0.21;50.62
11.5;0.13;8.47;1.23;32.07;0.22;46.38
10.51;0.15;7.07;1.18;23.72;0.22;57.16
12.98;0.11;9.47;1.51;28.49;0.25;47.18
10.14;0.13;6.31;1.58;23.0;0.2;58.65
11.51;0.1;6.94;0.79;26.11;0.18;54.36
10.32;0.06;6.57;2.29;20.03;0.2;60.53
11.04;0.18;7.86;1.33;27.56;0.24;51.78
9.15;0.2;9.86;2.14;23.72;0.27;54.66
13.66;0.09;9.65;1.7;23.45;0.17;51.29
10.59;0.21;7.68;1.63;23.52;0.2;56.16
14.12;0.11;7.68;1.23;30.4;0.21;46.26
9.57;0.15;9.08;1.48;24.89;0.39;54.44
12.23;0.09;7.3;1.15;24.36;0.16;54.71
8.84;0.12;5.89;1.04;22.3;0.27;61.54
15.92;0.07;8.45;0.94;26.6;0.19;47.83
11.32;0.11;7.64;0.97;23.66;0.23;56.07
9.65;0.12;6.79;1.25;24.06;0.22;57.9
8.9;0.16;7.91;1.17;23.95;0.24;57.67
11.9;0.16;9.51;1.18;27.84;0.24;49.17
10.82;0.2;10.04;1.83;23.91;0.37;52.83
11.38;0.09;7.0;0.9;22.24;0.21;58.18
11.87;0.08;6.51;0.67;25.27;0.19;55.42
14.2;0.48;9.85;1.94;23.74;0.35;49.44
16.14;0.37;11.45;1.38;26.71;0.32;43.64
12.44;0.1;8.95;1.65;27.61;0.34;48.9
12.9;0.13;7.35;1.37;26.49;0.24;51.53
12.27;0.17;6.95;0.65;25.73;0.18;54.06
10.52;0.27;7.05;0.89;27.09;0.29;53.89
9.36;0.12;7.04;0.6;23.45;0.31;59.12
8.84;0.18;5.96;1.08;24.2;0.27;59.47
7.24;0.06;6.64;0.85;24.51;0.24;60.47
10.15;0.09;9.68;1.19;30.34;0.2;48.35
9.17;0.07;7.16;1.1;24.16;0.16;58.18
12.23;0.05;9.04;1.5;29.05;0.23;47.9
10.96;0.08;9.29;1.92;28.25;0.23;49.28
14.45;0.09;7.75;0.77;28.85;0.21;47.88
12.19;0.19;8.81;1.03;27.43;0.21;50.14
10.12;0.07;6.31;1.1;29.68;0.16;52.55
12.52;0.08;8.21;1.56;29.13;0.25;48.26
10.8;0.16;9.45;1.61;25.58;0.25;52.14
11.62;0.14;9.9;1.21;30.1;0.23;46.79
15.42;0.14;7.94;0.7;24.61;0.21;50.98
16.9;0.14;10.15;0.83;26.99;0.27;44.72
12.73;0.1;8.19;1.09;26.32;0.31;51.26
14.67;0.13;7.66;1.24;27.76;0.25;48.3
7.92;0.11;6.77;0.9;26.07;0.23;58.01
11.34;0.07;7.87;0.74;25.71;0.18;54.08
12.17;0.09;8.09;1.12;23.25;0.25;55.02
11.56;0.22;10.97;1.45;25.27;0.35;50.18
14.34;0.14;9.4;0.41;28.36;0.24;47.11
13.61;0.13;9.04;1.14;28.38;0.25;47.44
13.52;0.09;5.54;1.07;30.74;0.21;48.82
20.4;0.09;7.72;1.36;34.2;0.2;36.03
11.78;0.1;6.92;0.97;33.29;0.29;46.64
15.16;0.28;7.19;0.94;30.11;0.19;46.14
18.15;0.31;10.95;1.67;27.55;0.34;41.02
10.84;0.3;8.51;1.23;33.54;0.2;45.38
13.39;0.27;7.94;1.66;28.38;0.32;48.03
11.85;0.3;8.41;1.27;27.77;0.27;50.12
12.55;0.48;8.41;1.12;28.15;0.28;49.01
9.99;0.15;8.95;2.03;30.51;0.34;48.03
11.2;0.21;7.82;0.67;28.27;0.21;51.63
10.28;0.12;6.42;1.19;19.93;0.38;61.68
8.74;0.08;7.52;1.29;23.11;0.29;58.98
11.07;0.11;7.38;1.35;30.1;0.17;49.81
10.21;0.2;8.83;1.75;22.5;0.27;56.24
8.92;0.14;8.11;1.51;27.11;0.34;53.88
9.14;0.19;7.02;0.86;25.61;0.22;56.96
11.6;0.09;7.75;0.94;21.34;0.26;58.02
12.32;0.12;7.14;0.92;26.74;0.26;52.51
12.04;0.1;6.21;1.02;20.4;0.27;59.96
13.97;0.07;8.9;0.93;23.98;0.23;51.92
13.24;0.1;8.55;0.92;23.28;0.31;53.6
12.58;0.17;9.21;0.92;24.57;0.28;52.27
11.71;0.2;8.11;1.14;23.2;0.27;55.37
15.73;0.13;7.65;0.86;26.45;0.27;48.92
10.12;0.16;8.59;0.71;23.58;0.27;56.56
12.38;0.15;7.78;0.84;28.12;0.26;50.47
13.91;0.13;8.64;0.9;27.51;0.26;48.65
11.6;0.24;7.79;0.98;22.21;0.32;56.86
15.23;0.15;8.94;0.77;28.26;0.24;46.4
11.01;0.08;9.94;1.61;29.53;0.2;47.63
11.46;0.15;9.86;2.08;29.64;0.31;46.5
13.9;0.13;8.84;1.04;25.39;0.23;50.47
11.74;0.17;9.08;1.07;25.36;0.32;52.26
12.0;0.15;6.75;0.97;26.72;0.21;53.2
12.27;0.07;8.05;0.94;21.47;0.19;57.01
13.18;0.1;8.07;1.16;26.28;0.29;50.92
11.6;0.11;6.97;1.58;24.68;0.24;54.82
7.91;0.07;5.58;0.97;20.35;0.2;64.92
7.48;0.1;5.94;0.91;20.56;0.23;64.78
9.26;0.13;6.12;1.1;25.49;0.21;57.69
9.47;0.1;6.4;0.53;28.92;0.25;54.33
8.65;0.08;6.68;1.22;19.99;0.28;63.08
8.46;0.09;6.19;1.85;19.13;0.27;64.02
9.52;0.05;6.78;3.25;21.68;0.32;58.4
15.04;0.1;7.78;1.08;18.61;0.32;57.08
12.52;0.16;10.75;0.9;14.69;0.45;60.53
13.05;0.06;7.06;1.3;17.47;0.26;60.8
12.7;0.1;6.68;2.22;25.47;0.22;52.61
11.37;0.04;6.13;1.62;20.12;0.23;60.51
12.67;0.05;6.76;1.68;17.6;0.27;60.98
11.11;0.02;7.79;2.25;26.05;0.29;52.48
14.4;0.04;8.27;1.94;23.75;0.32;51.29
12.09;0.05;5.9;1.06;18.07;0.23;62.6
11.75;0.05;5.72;1.36;22.36;0.2;58.57
14.32;0.1;7.81;1.5;24.08;0.3;51.89
11.16;0.08;8.37;1.37;22.68;0.32;56.02
11.33;0.09;11.53;2.28;24.15;0.41;50.2
10.9;0.24;9.87;2.32;22.54;0.36;53.76
10.75;0.09;8.48;2.49;22.86;0.27;55.06
11.41;0.15;12.03;3.47;23.32;0.41;49.22
11.99;0.22;11.29;2.9;18.83;0.46;54.31
3.02;0.02;11.39;4.7;6.38;32.02;42.47
9.39;0.06;8.41;1.21;26.88;0.28;53.77
9.96;0.14;7.13;1.4;21.62;0.25;59.51
12.12;0.07;7.5;1.69;20.05;0.22;58.34
13.14;0.09;6.97;1.21;23.03;0.23;55.34
11.22;0.1;8.62;1.37;22.25;0.28;56.14
9.73;0.11;7.39;1.02;25.86;0.2;55.7
16.57;0.13;8.56;1.15;25.86;0.31;47.42
9.7;0.16;6.79;0.92;24.57;0.23;57.63
15.13;0.08;9.15;0.8;25.6;0.23;49.0
10.57;0.06;8.15;1.59;24.74;0.28;54.61
10.12;0.08;9.25;3.02;27.54;0.39;49.59
8.38;0.1;8.04;1.71;25.83;0.24;55.7
8.94;0.17;8.63;2.25;23.09;0.31;56.61
10.15;0.1;8.37;0.95;23.47;0.24;56.71
10.14;0.16;7.03;1.38;25.26;0.22;55.81
8.92;0.13;6.72;1.91;22.93;0.23;59.16
7.42;0.13;7.78;1.52;24.37;0.34;58.44
9.31;0.09;5.63;1.03;26.02;0.16;57.76
11.31;0.04;6.57;1.85;28.3;0.17;51.77
4.12;0.01;8.03;5.36;3.57;43.92;34.98
11.16;0.13;7.72;1.63;29.7;0.2;49.45
13.29;0.23;8.13;1.16;23.87;0.21;53.11
12.62;0.21;9.6;1.17;25.03;0.25;51.12
16.8;0.24;6.52;1.05;29.26;0.18;45.96
15.71;0.1;5.73;0.95;24.68;0.21;52.63
12.82;0.06;6.59;1.35;28.83;0.27;50.08
9.56;0.1;6.47;1.17;25.23;0.2;57.26
10.45;0.05;6.15;1.25;24.66;0.22;57.22
14.82;0.04;6.82;0.95;29.99;0.24;47.13
13.28;0.13;5.75;0.69;23.5;0.22;56.43
12.19;0.09;6.79;0.58;27.49;0.15;52.7
9.73;0.1;6.2;3.48;29.04;0.26;51.19
12.11;0.1;5.79;0.84;23.65;0.23;57.27
13.12;0.09;5.78;0.64;18.48;0.22;61.68
10.7;0.13;6.89;0.72;23.43;0.23;57.9
14.07;0.17;8.23;0.78;26.03;0.3;50.42
9.21;0.06;6.87;1.71;28.02;0.24;53.89
11.81;0.12;6.67;1.33;22.94;0.17;56.96
12.23;0.22;8.08;1.03;21.77;0.25;56.42
10.66;0.13;6.53;0.66;26.02;0.2;55.79
10.7;0.1;7.4;2.1;32.51;0.21;46.98
11.39;0.11;8.32;2.58;26.96;0.25;50.4
13.95;0.06;7.1;1.69;28.16;0.23;48.81
13.11;0.04;6.96;1.94;32.05;0.22;45.67
11.96;0.08;7.49;2.22;31.48;0.23;46.54
14.96;0.36;7.6;1.4;27.55;0.21;47.93
11.73;0.05;6.26;1.15;28.62;0.19;52.01
11.64;0.03;7.58;1.5;30.36;0.24;48.64
12.83;0.04;7.59;1.51;32.31;0.22;45.5
11.34;0.12;7.11;1.7;28.7;0.19;50.84
12.25;0.09;8.16;0.71;33.08;0.16;45.55
9.81;0.16;6.02;0.78;24.82;0.18;58.22
10.39;0.05;6.33;0.82;28.35;0.16;53.9
11.66;0.07;6.38;0.96;25.33;0.18;55.41
11.02;0.12;7.8;1.65;36.18;0.17;43.07
9.22;0.07;6.19;0.95;26.84;0.14;56.58
13.22;0.11;7.42;2.09;35.33;0.19;41.65
13.03;0.06;7.25;1.64;29.8;0.21;48.01
10.62;0.06;6.8;1.91;31.92;0.17;48.52
9.86;0.17;6.7;0.56;28.26;0.21;54.24
9.97;0.08;7.45;1.18;29.35;0.24;51.73
9.83;0.12;6.56;0.63;18.82;0.18;63.87
12.9;0.24;7.21;0.49;31.97;0.14;47.05
10.21;0.05;5.9;1.08;26.94;0.19;55.63
8.32;0.06;5.88;0.57;22.73;0.14;62.29
7.32;0.06;5.27;0.61;24.68;0.2;61.87
10.68;0.17;5.85;0.49;18.05;0.23;64.53
8.07;0.06;7.39;0.76;22.19;0.19;61.33
9.63;0.12;5.99;1.44;27.65;0.22;54.94
11.39;0.07;5.45;0.59;21.67;0.36;60.47
9.4;0.07;6.46;1.49;27.34;0.21;55.03
9.04;0.06;8.82;1.51;23.35;0.28;56.95
8.81;0.08;7.45;0.7;23.93;0.19;58.84
10.72;0.06;5.88;1.38;22.76;0.29;58.91
11.09;0.14;7.66;0.4;30.48;0.13;50.11
14.1;0.11;6.54;0.44;24.5;0.15;54.17
11.11;0.08;6.58;1.12;19.86;0.27;60.97
11.43;0.09;7.1;1.98;22.94;0.29;56.16
10.88;0.14;5.41;0.64;22.62;0.19;60.11
10.85;0.09;7.91;1.73;26.73;0.27;52.42
11.37;0.09;6.63;1.07;23.73;0.23;56.9
9.76;0.09;6.36;0.49;25.78;0.18;57.33
9.27;0.06;5.9;0.72;23.59;0.17;60.29
9.41;0.18;6.5;1.43;24.2;0.22;58.06
8.57;0.08;7.62;1.33;21.64;0.31;60.45
13.73;0.22;8.17;1.64;22.52;0.26;53.46
7.14;0.05;5.96;1.59;17.31;0.16;67.8
9.28;0.07;8.41;2.02;28.49;0.34;51.39
8.1;0.1;7.45;1.62;21.96;0.22;60.56
7.98;0.1;6.79;0.94;19.73;0.26;64.21
10.98;0.1;7.22;0.91;26.02;0.25;54.53
8.44;0.07;7.83;2.61;21.44;0.29;59.32
8.57;0.07;6.28;0.71;23.78;0.23;60.36
12.9;0.06;7.08;0.68;25.32;0.15;53.81
11.56;0.06;6.53;1.77;20.27;0.24;59.57
6.92;0.07;7.67;1.72;20.9;0.25;62.47
7.77;0.06;6.9;1.84;21.23;0.29;61.89
11.03;0.06;7.03;2.17;23.03;0.31;56.38
11.6;0.14;6.02;2.52;27.15;0.35;52.22
6.63;0.09;7.15;2.36;22.13;0.32;61.31
11.31;0.14;6.48;1.36;20.09;0.3;60.33
10.43;0.15;6.46;2.86;22.31;0.33;57.45
11.34;0.18;6.29;2.24;26.9;0.26;52.78
12.0;0.1;6.95;1.09;29.65;0.31;49.9
11.86;0.12;6.67;1.25;30.63;0.28;49.19
15.29;0.08;6.36;1.54;34.35;0.2;42.18
15.23;0.07;5.44;1.41;31.11;0.16;46.57
19.73;0.08;9.09;1.03;32.38;0.25;37.44
10.56;0.09;8.76;2.06;34.08;0.35;44.09
14.51;0.32;7.59;2.65;32.66;0.28;41.99
17.4;0.13;7.5;1.39;33.43;0.2;39.94
15.32;0.12;6.49;1.41;28.52;0.21;47.93
11.51;0.07;6.75;1.24;28.75;0.22;51.45
12.38;0.17;6.8;0.8;25.79;0.17;53.89
11.3;0.16;6.86;1.81;23.74;0.26;55.87
8.89;0.07;5.23;1.42;19.19;0.2;65.0
11.67;0.18;5.51;1.11;24.82;0.23;56.48
12.31;0.22;6.93;2.11;25.27;0.19;52.98
9.31;0.12;6.55;0.9;22.21;0.26;60.66
8.78;0.1;6.4;1.59;16.68;0.34;66.12
14.16;0.1;6.15;0.7;20.33;0.24;58.32
11.6;0.12;8.28;1.57;19.44;0.42;58.58
10.91;0.13;7.74;0.87;23.11;0.22;57.02
14.16;0.08;7.79;2.73;21.43;0.36;53.45
14.62;0.1;8.13;2.63;19.74;0.31;54.46
11.04;0.09;7.57;0.76;22.45;0.21;57.87
11.12;0.14;8.04;1.03;29.59;0.2;49.88
12.38;0.12;8.78;1.85;23.45;0.35;53.07
15.04;0.12;6.73;0.94;19.92;0.22;57.02
12.33;0.31;7.52;0.82;27.23;0.19;51.6
11.72;0.11;6.81;1.05;21.43;0.21;58.66
11.58;0.08;7.12;1.54;16.21;0.27;63.2
12.21;0.15;7.5;1.57;19.01;0.3;59.26
14.55;0.12;7.97;1.54;20.61;0.3;54.91
12.67;0.16;7.75;0.65;22.97;0.2;55.61
12.26;0.04;6.78;1.36;20.32;0.24;59.0
11.21;0.07;7.55;0.9;20.29;0.19;59.79
13.1;0.13;8.35;1.2;25.12;0.21;51.89
10.97;0.08;6.64;1.08;16.25;0.22;64.76
12.87;0.12;8.23;0.72;22.19;0.25;55.62
15.91;0.23;7.64;0.71;27.79;0.18;47.53
11.57;0.08;5.73;0.94;21.41;0.19;60.08
10.96;0.07;5.94;1.17;20.3;0.23;61.33
14.25;0.25;7.92;1.04;27.7;0.14;48.7
9.93;0.13;5.63;0.91;20.89;0.2;62.3
13.58;0.11;8.35;0.91;21.8;0.22;55.02
3.74;0.01;12.02;5.96;4.92;31.03;42.31
9.78;0.11;5.61;1.31;18.1;0.24;64.84
10.79;0.05;6.32;1.08;19.58;0.24;61.95
13.64;0.25;8.01;2.39;24.46;0.28;50.96
11.71;0.04;7.85;0.85;18.86;0.31;60.38
11.23;0.15;9.31;1.17;27.3;0.22;50.62
12.6;0.09;5.82;0.96;18.33;0.23;61.98
10.46;0.06;6.1;1.23;17.41;0.22;64.52
12.49;0.05;5.78;1.27;20.0;0.23;60.17
11.63;0.07;5.77;1.27;17.37;0.25;63.64
9.35;0.1;6.58;0.82;22.07;0.17;60.91
12.29;0.15;8.31;1.05;21.23;0.34;56.65
10.84;0.07;7.97;1.33;20.96;0.33;58.49
11.8;0.09;5.89;1.26;18.41;0.34;62.21
10.08;0.1;5.94;1.68;19.78;0.28;62.13
9.6;0.14;7.58;1.31;23.13;0.21;58.03
10.06;0.14;7.41;0.86;24.45;0.25;56.83
10.68;0.15;5.81;1.4;21.5;0.21;60.24
11.5;0.06;6.34;0.59;17.19;0.3;64.02
16.72;0.15;8.27;1.23;19.53;0.33;53.79
12.61;0.1;8.84;0.94;23.8;0.25;53.47
10.63;0.08;6.96;2.29;19.01;0.31;60.72
8.72;0.14;7.59;1.76;18.43;0.3;63.06
2.71;0.01;11.11;5.35;3.92;44.6;32.29
11.56;0.13;5.98;1.39;18.46;0.16;62.33
9.6;0.1;6.98;0.81;22.89;0.2;59.41
8.54;0.07;6.51;0.64;20.24;0.15;63.84
14.83;0.09;9.9;0.64;21.68;0.29;52.58
10.87;0.12;6.47;1.2;22.65;0.22;58.47
12.34;0.05;5.95;0.46;20.26;0.19;60.75
10.97;0.07;8.01;0.84;27.28;0.25;52.58
11.94;0.1;7.99;1.11;21.36;0.22;57.28
14.72;0.13;7.16;0.71;23.53;0.19;53.57
8.18;0.08;5.78;0.96;18.19;0.16;66.66
5.03;0.07;5.07;1.62;20.19;0.27;67.74
11.68;0.14;7.33;1.01;23.95;0.17;55.73
9.88;0.12;8.34;0.74;23.74;0.2;56.99
10.25;0.1;7.41;0.97;23.43;0.18;57.66
11.43;0.25;9.44;2.74;22.36;0.33;53.45
9.73;0.1;7.73;1.57;28.03;0.25;52.59
10.0;0.12;7.66;0.98;31.77;0.13;49.34
12.42;0.06;6.48;0.7;24.9;0.18;55.26
10.61;0.15;7.23;1.16;27.1;0.17;53.59
7.98;0.05;7.98;0.96;21.87;0.23;60.93
7.74;0.06;7.3;0.99;23.99;0.15;59.76
15.92;0.08;8.13;0.68;31.47;0.28;43.45
11.97;0.24;5.98;2.09;33.9;0.21;45.6
14.28;0.09;7.02;0.85;32.33;0.24;45.18
14.81;0.11;7.06;0.92;28.09;0.29;48.72
14.28;0.06;8.23;1.57;30.18;0.19;45.48
12.04;0.28;7.37;2.69;25.07;0.23;52.32
10.12;0.06;5.38;0.61;27.57;0.14;56.12
9.13;0.15;8.52;3.79;32.93;0.24;45.24
11.0;0.11;7.36;0.97;30.31;0.19;50.06
12.41;0.11;7.63;0.82;23.71;0.28;55.05
12.47;0.09;7.17;1.1;27.81;0.15;51.21
12.36;0.16;7.42;0.74;27.76;0.16;51.4
9.87;0.19;8.33;1.6;29.19;0.27;50.55
14.62;0.12;7.59;0.77;25.54;0.26;51.09
9.55;0.08;7.06;1.03;20.77;0.19;61.33
9.27;0.13;7.55;1.33;26.29;0.23;55.2
7.54;0.08;6.81;0.86;21.74;0.17;62.8
11.89;0.17;8.16;1.01;25.6;0.23;52.94
13.58;0.15;7.65;0.91;22.46;0.22;55.02
10.1;0.06;7.92;0.77;26.07;0.18;54.89
10.04;0.33;8.58;1.63;34.94;0.23;44.25
9.58;0.24;7.19;1.48;35.76;0.17;45.57
9.12;0.17;6.87;1.48;34.02;0.2;48.14
11.55;0.1;8.0;0.99;29.56;0.16;49.64
13.46;0.12;10.06;1.0;26.66;0.2;48.51
11.8;0.26;8.56;0.92;32.48;0.12;45.86
13.64;0.13;9.91;0.76;35.68;0.21;39.68
12.47;0.08;8.67;0.56;27.28;0.22;50.73
12.42;0.09;6.37;0.73;28.98;0.17;51.24
12.95;0.19;8.33;1.04;30.76;0.22;46.51
13.36;0.08;8.66;1.2;29.49;0.17;47.04
10.59;0.12;8.72;1.98;27.16;0.24;51.19
9.0;0.13;8.48;1.82;27.82;0.19;52.57
9.14;0.28;8.62;2.25;33.42;0.22;46.07
9.55;0.12;7.55;1.71;32.01;0.21;48.85
12.25;0.17;8.16;0.9;27.89;0.19;50.44
11.25;0.15;7.71;2.56;26.2;0.2;51.92
9.6;0.11;8.0;1.08;26.5;0.19;54.51
12.06;0.38;8.93;1.61;26.13;0.28;50.61
11.41;0.11;8.56;1.23;20.69;0.22;57.78
11.01;0.08;8.14;0.71;20.77;0.17;59.11
11.24;0.16;7.28;0.62;21.88;0.22;58.61
14.01;0.08;7.67;0.7;24.89;0.2;52.46
9.58;0.13;7.17;0.92;23.05;0.3;58.85
7.85;0.08;7.29;1.23;22.87;0.17;60.52
13.25;0.07;6.87;0.68;25.52;0.25;53.35
12.18;0.17;7.54;0.86;23.69;0.2;55.36
16.17;0.07;7.6;0.53;24.95;0.23;50.45
12.48;0.18;8.98;0.5;25.08;0.31;52.47
9.28;0.16;8.72;2.07;20.23;0.28;59.26
15.97;0.1;12.09;0.86;31.24;0.33;39.41
11.05;0.2;7.11;1.86;22.02;0.29;57.47
12.77;0.2;9.08;1.64;22.17;0.35;53.79
13.3;0.17;8.55;1.4;23.51;0.31;52.76
16.4;0.1;6.77;1.94;22.86;0.36;51.57
13.47;0.22;10.58;2.13;29.64;0.42;43.54
10.59;0.18;9.48;1.93;24.15;0.33;53.34
10.64;0.1;8.32;1.74;21.47;0.36;57.36
11.72;0.13;8.12;1.79;26.29;0.33;51.62
9.31;0.27;8.93;2.09;26.5;0.29;52.62
11.47;0.06;9.71;1.82;26.61;0.28;50.04
9.2;0.14;7.04;1.37;23.25;0.21;58.8
10.52;0.07;10.7;1.9;23.37;0.39;53.05
9.79;0.25;8.42;1.19;21.96;0.23;58.16
9.85;0.17;10.17;1.94;25.01;0.31;52.54
10.5;0.11;10.26;1.53;27.37;0.33;49.9
11.44;0.16;7.03;1.26;21.36;0.32;58.43
9.98;0.15;7.21;1.4;22.58;0.24;58.45
10.45;0.12;7.01;1.07;19.25;0.25;61.85
10.15;0.18;9.77;2.3;18.32;0.41;58.87
11.15;0.17;8.04;1.06;23.19;0.34;56.05
14.69;0.28;9.23;1.41;21.78;0.34;52.27
13.37;0.34;11.55;2.55;21.56;0.39;50.23
10.48;0.24;8.21;0.66;26.09;0.21;54.09
12.24;0.12;7.61;1.73;24.3;0.35;53.65
11.4;0.19;8.39;2.14;32.51;0.27;45.09
15.29;0.21;8.2;1.42;34.25;0.27;40.36
12.99;0.15;8.73;1.12;27.27;0.3;49.43
12.26;0.18;6.8;1.23;26.43;0.29;52.8
11.99;0.11;9.01;2.11;23.08;0.32;53.38
14.9;0.51;7.0;1.69;26.79;0.27;48.84
14.76;0.19;9.04;1.45;22.58;0.32;51.66
13.11;0.13;8.57;1.84;22.4;0.31;53.64
11.92;0.13;7.64;1.09;21.68;0.3;57.23
11.18;0.15;8.22;1.11;22.39;0.21;56.75
8.83;0.12;7.5;1.78;25.47;0.25;56.05
10.0;0.08;10.01;1.7;28.56;0.33;49.33
10.36;0.12;7.59;0.83;25.84;0.31;54.96
10.22;0.11;7.68;1.12;25.7;0.28;54.89
13.63;0.19;8.48;0.87;22.99;0.24;53.6
11.45;0.19;8.73;1.87;29.84;0.29;47.62
9.1;0.33;9.56;1.65;24.8;0.34;54.22
10.49;0.06;7.07;1.57;21.6;0.25;58.95
12.07;0.15;9.09;1.54;20.31;0.4;56.43
10.6;0.15;7.77;2.78;23.91;0.24;54.56
12.75;0.11;7.73;1.72;22.8;0.3;54.58
9.9;0.19;9.66;3.19;23.42;0.29;53.33
11.4;0.14;8.05;1.27;23.81;0.26;55.06
13.48;0.18;10.04;1.4;24.66;0.32;49.91
13.89;0.06;6.73;0.84;24.75;0.27;53.45
12.9;0.3;10.78;2.23;18.22;0.35;55.21
13.01;0.12;9.74;1.53;20.94;0.34;54.31
12.54;0.13;11.37;2.76;22.93;0.49;49.79
11.24;0.09;6.23;1.32;19.08;0.16;61.88
14.83;0.18;7.24;0.85;18.35;0.28;58.26
9.35;0.16;10.46;2.53;24.8;0.39;52.31
9.52;0.32;11.39;1.71;27.62;0.36;49.08
10.24;0.16;9.03;1.41;24.68;0.36;54.11
10.32;0.13;10.8;2.44;25.49;0.31;50.51
10.73;0.16;7.41;1.33;23.93;0.32;56.12
9.45;0.13;7.14;1.41;21.34;0.22;60.32
14.33;0.17;8.18;1.35;23.0;0.31;52.66
9.07;0.16;8.74;2.19;24.81;0.23;54.8
9.92;0.18;10.58;2.01;24.28;0.3;52.73
10.62;0.09;9.09;1.4;20.96;0.29;57.55
10.06;0.07;8.66;1.28;26.21;0.27;53.45
12.4;0.12;9.96;1.66;28.01;0.22;47.63
12.14;0.17;9.64;1.88;26.15;0.27;49.75
11.22;0.08;8.72;0.99;24.89;0.25;53.86
12.13;0.1;8.97;1.68;23.18;0.33;53.61
9.9;0.1;9.23;2.01;25.45;0.29;53.01
8.78;0.06;6.38;1.33;22.32;0.28;60.85
10.36;0.1;9.74;1.07;19.32;0.26;59.17
13.64;0.08;8.54;1.75;24.1;0.25;51.65
8.97;0.06;7.49;1.62;19.85;0.23;61.78
11.48;0.12;9.07;2.73;25.98;0.31;50.32
13.13;0.1;8.41;0.82;30.38;0.26;46.9
11.14;0.13;8.13;0.93;26.04;0.22;53.41
13.04;0.11;7.35;2.23;25.45;0.23;51.61
13.89;0.12;7.69;1.83;27.55;0.23;48.7
8.9;0.12;6.45;0.9;21.18;0.2;62.24
10.17;0.16;8.39;1.49;25.03;0.32;54.45
11.98;0.07;7.84;0.69;25.3;0.23;53.9
9.26;0.09;8.0;0.79;26.03;0.22;55.61
9.98;0.07;8.43;1.11;24.24;0.16;56.01
11.99;0.13;9.52;3.24;19.5;0.3;55.31
14.7;0.15;5.71;1.05;21.29;0.21;56.9
10.97;0.12;4.93;0.58;17.53;0.2;65.68
11.41;0.1;7.51;2.09;20.36;0.26;58.28
10.91;0.19;10.64;3.18;22.8;0.41;51.87
12.4;0.14;8.43;1.76;20.59;0.36;56.32
12.1;0.32;7.47;1.41;25.02;0.25;53.44
11.34;0.16;8.84;2.35;26.14;0.35;50.83
10.8;0.12;6.55;2.08;21.37;0.19;58.88
11.31;0.22;7.69;1.17;26.29;0.25;53.07
9.98;0.07;5.81;1.7;24.95;0.25;57.23
12.56;0.16;6.91;1.64;21.78;0.25;56.7
7.14;0.16;9.14;1.96;25.42;0.24;55.94
12.31;0.1;8.79;1.66;22.34;0.29;54.52
11.95;0.15;8.02;1.92;21.49;0.24;56.22
10.29;0.17;10.09;1.68;26.43;0.38;50.96
10.28;0.23;9.21;1.03;26.47;0.27;52.5
9.42;0.13;8.73;2.24;22.09;0.31;57.08
10.92;0.08;7.21;1.2;23.86;0.29;56.44
13.4;0.1;8.31;0.88;25.38;0.29;51.65
14.44;0.27;10.35;1.49;23.33;0.35;49.78
10.13;0.21;8.68;1.22;23.24;0.32;56.2
9.5;0.11;5.84;1.02;19.26;0.18;64.09
10.92;0.25;8.51;1.54;26.33;0.25;52.2
14.32;0.15;7.53;1.98;22.41;0.24;53.37
9.88;0.1;6.12;1.56;28.21;0.2;53.94
12.49;0.15;7.65;2.41;36.38;0.21;40.71
15.8;0.12;5.94;0.79;22.86;0.21;54.26
12.48;0.28;9.35;1.14;31.5;0.26;44.99
14.57;0.44;8.81;1.41;28.6;0.3;45.86
11.7;0.16;6.98;0.94;22.09;0.21;57.91
13.28;0.15;9.05;1.64;22.5;0.19;53.19
16.88;0.07;10.23;1.16;29.94;0.25;41.47
12.76;0.13;6.77;0.83;27.47;0.16;51.87
10.29;0.08;5.81;1.24;23.45;0.2;58.92
10.62;0.15;7.93;2.88;20.61;0.32;57.49
9.54;0.12;7.07;1.93;20.87;0.21;60.25
12.01;0.21;9.04;2.94;21.62;0.26;53.92
14.39;0.2;7.65;1.05;22.27;0.32;54.12
11.99;0.06;6.03;1.08;18.64;0.22;61.97
12.06;0.07;8.27;1.26;28.34;0.2;49.8
14.24;0.24;6.4;0.8;21.93;0.24;56.15
9.89;0.08;6.49;1.07;18.46;0.23;63.77
11.98;0.05;5.91;1.41;19.4;0.22;61.03
12.79;0.14;9.95;2.04;23.0;0.36;51.71
8.89;0.25;6.88;1.23;20.65;0.23;61.86
10.51;0.12;8.87;2.17;23.61;0.35;54.37
13.39;0.09;8.79;1.37;22.39;0.34;53.62
14.71;0.12;7.92;1.0;21.17;0.2;54.89
10.05;0.23;10.08;2.5;25.81;0.35;50.97
8.56;0.12;7.64;1.92;17.87;0.36;63.53
12.83;0.16;9.84;1.97;21.4;0.38;53.43
8.92;0.13;7.21;1.27;27.38;0.29;54.81
8.92;0.17;8.49;2.46;26.01;0.35;53.6
11.13;0.09;7.53;0.82;20.61;0.23;59.59
12.68;0.08;6.52;1.06;20.84;0.3;58.51
10.15;0.27;8.41;2.26;24.35;0.38;54.17
9.88;0.22;10.82;3.29;25.63;0.31;49.84
9.46;0.29;9.65;3.12;24.86;0.31;52.32
10.05;0.24;10.42;2.41;24.09;0.45;52.33
11.08;0.18;8.64;2.77;23.33;0.33;53.68
13.6;0.28;9.99;2.53;24.38;0.39;48.84
11.03;0.36;8.96;2.63;27.46;0.3;49.25
11.52;0.22;8.02;1.9;23.04;0.27;55.03
10.52;0.18;7.06;0.95;26.58;0.17;54.55
10.51;0.1;8.04;1.55;22.3;0.28;57.21
9.27;0.17;7.63;1.86;29.05;0.25;51.77
8.82;0.18;7.79;2.37;26.02;0.21;54.6
13.01;0.25;7.56;1.64;20.56;0.31;56.67
12.62;0.21;9.62;2.26;26.82;0.28;48.19
12.75;0.18;9.25;1.95;25.25;0.28;50.35
13.32;0.09;6.41;1.33;25.45;0.21;53.2
9.09;0.18;6.77;1.52;24.71;0.23;57.52
11.67;0.19;8.59;1.44;23.4;0.29;54.43
12.43;0.14;8.39;1.35;27.94;0.3;49.45
12.03;0.1;7.93;1.05;27.18;0.23;51.49
12.23;0.12;7.43;1.64;19.75;0.28;58.54
8.23;0.1;7.92;2.15;20.82;0.24;60.53
8.36;0.15;7.94;1.93;24.76;0.23;56.62
12.63;0.12;6.94;1.36;22.92;0.19;55.84
11.58;0.23;7.99;2.28;21.07;0.25;56.61
13.7;0.17;8.13;2.24;22.54;0.22;53.01
12.04;0.15;7.28;1.68;27.33;0.26;51.26
13.62;0.09;8.03;0.58;31.48;0.3;45.9
12.92;0.1;7.13;0.69;22.98;0.21;55.97
12.37;0.19;7.25;1.24;27.36;0.19;51.41
15.08;0.11;6.53;1.49;26.92;0.24;49.63
13.48;0.16;8.78;1.89;27.77;0.29;47.63
10.27;0.36;9.91;1.25;28.75;0.24;49.22
16.28;0.09;6.23;1.38;26.11;0.33;49.57
14.95;0.08;7.7;1.21;27.41;0.32;48.34
15.99;0.08;6.98;0.9;29.16;0.27;46.63
11.22;0.15;9.81;2.17;21.29;0.4;54.97
9.01;0.06;5.98;2.85;28.64;0.24;53.22
11.62;0.16;8.28;2.76;27.9;0.25;49.02
12.03;0.19;6.13;1.09;25.99;0.2;54.37
10.01;0.25;10.76;1.51;28.82;0.33;48.32
12.56;0.13;7.33;1.32;23.4;0.29;54.97
12.83;0.26;8.61;1.73;34.34;0.22;42.01
15.37;0.06;6.22;1.11;29.45;0.21;47.58
11.74;0.09;5.0;1.81;25.08;0.2;56.08
12.68;0.21;8.48;2.29;30.13;0.2;46.01
12.48;0.21;8.66;2.13;27.39;0.26;48.87
14.29;0.32;8.48;1.03;28.1;0.23;47.55
12.44;0.3;10.84;1.64;31.14;0.27;43.37
12.15;0.28;7.45;0.85;32.71;0.2;46.36
11.26;0.18;8.04;2.34;34.65;0.25;43.28
11.33;0.12;5.32;1.85;29.15;0.22;52.01
12.12;0.26;8.19;1.65;27.47;0.26;50.06
10.9;0.22;10.16;2.38;26.74;0.31;49.29
10.47;0.26;10.32;2.23;33.3;0.23;43.18
12.51;0.08;5.98;1.47;23.7;0.2;56.07
11.73;0.1;8.51;2.16;25.39;0.33;51.79
11.73;0.09;7.99;2.79;28.53;0.32;48.56
10.41;0.16;7.03;1.32;27.22;0.2;53.67
11.45;0.14;7.68;2.46;26.91;0.21;51.14
16.47;0.26;10.95;2.4;26.95;0.33;42.64
13.52;0.24;11.32;1.93;25.9;0.3;46.79
11.8;0.18;8.55;1.25;25.48;0.29;52.44
10.05;0.19;11.21;1.88;26.89;0.37;49.42
9.66;0.16;8.58;1.05;21.75;0.24;58.55
11.17;0.24;10.06;2.74;26.09;0.26;49.43
12.58;0.25;13.06;1.54;32.82;0.32;39.42
11.0;0.2;7.84;1.71;25.93;0.26;53.07
12.09;0.08;8.48;1.36;24.85;0.29;52.85
12.64;0.36;11.41;2.17;30.36;0.31;42.74
13.57;0.11;8.27;1.04;21.37;0.32;55.32
13.29;0.09;7.98;0.67;22.94;0.21;54.82
13.94;0.2;10.46;2.1;22.04;0.44;50.83
10.75;0.06;6.91;0.84;22.2;0.31;58.93
10.7;0.11;7.05;1.45;26.71;0.15;53.83
13.19;0.11;7.43;0.66;24.01;0.23;54.36
15.4;0.16;8.86;1.2;21.96;0.24;52.18
13.03;0.22;10.63;2.46;23.79;0.38;49.5
10.38;0.14;8.75;1.32;25.29;0.33;53.79
13.23;0.06;7.2;0.61;24.47;0.28;54.14
11.75;0.11;7.0;0.83;24.31;0.19;55.8
12.3;0.15;8.62;1.81;28.19;0.29;48.64
8.99;0.16;8.53;1.55;22.51;0.35;57.91
12.47;0.09;6.84;0.47;25.57;0.16;54.38
12.22;0.13;8.99;0.88;23.1;0.31;54.38
12.02;0.18;8.32;2.03;25.18;0.3;51.98
12.31;0.15;7.78;0.89;25.98;0.34;52.55
10.27;0.29;9.21;1.67;29.77;0.27;48.52
10.67;0.22;9.57;2.56;25.88;0.27;50.82
10.15;0.16;9.08;2.1;24.79;0.26;53.45
12.08;0.16;9.12;2.08;25.71;0.3;50.54
11.98;0.29;9.35;2.04;26.07;0.29;49.96
11.79;0.09;6.63;0.8;30.11;0.18;50.41
13.81;0.18;7.32;0.69;26.56;0.23;51.22
11.57;0.12;7.38;0.93;25.35;0.24;54.41
11.46;0.09;8.18;1.08;25.02;0.29;53.89
14.31;0.13;7.39;0.73;27.72;0.29;49.43
15.28;0.15;6.93;0.74;23.41;0.24;53.25
13.44;0.28;7.96;2.13;24.57;0.25;51.37
12.99;0.19;7.55;1.63;30.14;0.21;47.29
12.7;0.16;6.32;1.21;27.02;0.19;52.41
11.87;0.21;9.88;1.63;29.95;0.22;46.24
11.24;0.51;10.7;1.45;29.68;0.23;46.18
10.91;0.13;5.57;1.41;27.62;0.14;54.22
10.84;0.1;5.37;1.42;24.83;0.16;57.28
10.94;0.14;7.57;2.24;29.3;0.14;49.66
12.13;0.13;5.27;2.49;28.49;0.16;51.34
10.53;0.21;7.56;1.63;30.67;0.18;49.22
11.3;0.07;5.42;1.55;23.7;0.2;57.77
13.78;0.07;7.01;1.16;28.47;0.25;49.27
9.96;0.06;5.28;1.1;20.91;0.24;62.45
13.15;0.1;7.05;1.68;23.46;0.24;54.32
11.03;0.16;8.81;2.19;25.0;0.25;52.56
11.62;0.12;9.37;1.53;25.48;0.27;51.61
10.36;0.19;10.86;2.74;23.83;0.35;51.66
9.9;0.13;7.46;1.87;22.17;0.24;58.22
10.48;0.09;6.43;1.39;21.72;0.27;59.61
9.77;0.25;6.71;1.92;26.22;0.17;54.96
7.07;0.11;8.33;2.09;22.22;0.3;59.88
11.95;0.18;7.46;2.11;23.06;0.33;54.91
13.22;0.25;8.8;2.23;21.18;0.34;53.99
10.25;0.13;7.83;1.89;24.12;0.26;55.52
13.46;0.2;9.85;1.2;31.43;0.19;43.67
13.79;0.23;9.08;1.35;27.53;0.22;47.8
12.51;0.07;6.77;0.94;19.15;0.24;60.33
13.01;0.18;8.31;2.03;17.13;0.42;58.93
10.64;0.14;8.23;1.9;25.01;0.31;53.77
12.58;0.12;7.08;1.12;23.0;0.22;55.88
11.18;0.06;7.4;0.97;24.66;0.25;55.48
11.79;0.08;5.6;1.16;21.67;0.2;59.49
9.36;0.15;7.4;2.16;22.62;0.23;58.09
10.74;0.08;7.54;1.63;23.83;0.23;55.95
12.85;0.19;7.38;2.33;22.8;0.31;54.14
12.28;0.14;6.88;1.83;22.81;0.3;55.77
12.02;0.12;7.04;1.58;20.65;0.3;58.29
10.29;0.23;10.06;2.87;27.01;0.26;49.27
10.64;0.1;8.34;2.56;26.12;0.26;51.98
11.56;0.26;11.15;2.62;24.81;0.32;49.28
12.04;0.1;6.66;1.25;21.03;0.25;58.67
11.74;0.37;10.26;2.45;28.47;0.3;46.41
11.66;0.11;7.0;1.03;24.32;0.26;55.62
14.71;0.22;8.98;2.08;24.07;0.27;49.66
10.75;0.1;8.16;2.44;18.77;0.34;59.44
10.15;0.15;6.68;1.22;22.64;0.25;58.9
9.59;0.09;7.47;1.53;21.23;0.37;59.71
9.01;0.12;7.87;2.68;23.1;0.29;56.92
13.69;0.15;7.32;1.7;20.14;0.33;56.67
12.33;0.13;8.61;2.52;21.87;0.34;54.2
12.61;0.11;7.62;2.5;19.79;0.28;57.09
12.76;0.31;9.92;3.98;18.61;0.31;54.12
15.02;0.05;7.7;2.28;25.18;0.2;49.58
12.89;0.1;6.96;2.41;14.34;0.28;63.02
15.19;0.09;7.06;3.03;20.67;0.25;53.72
13.6;0.04;6.17;2.18;22.54;0.2;55.27
17.08;0.1;11.33;4.27;22.78;0.33;44.12
15.39;0.05;7.8;2.9;27.69;0.29;45.89
14.39;0.07;12.03;4.48;21.95;0.43;46.66
11.7;0.08;10.84;4.53;21.64;0.34;50.87
12.06;0.05;12.24;3.46;30.56;0.28;41.36
13.19;0.04;8.34;2.35;21.05;0.26;54.78
12.37;0.03;8.81;2.57;18.7;0.32;57.2
11.89;0.02;9.88;4.26;29.31;0.32;44.33
16.6;0.01;9.72;2.35;29.74;0.26;41.32
15.51;0.01;11.71;2.6;31.61;0.27;38.29
21.42;0.01;10.09;1.92;30.34;0.23;35.98
19.1;0.01;9.79;2.49;29.71;0.19;38.71
24.75;0.08;9.78;2.06;23.43;0.24;39.66
20.68;0.03;8.72;1.86;25.18;0.22;43.32
23.41;0.06;8.95;1.77;23.41;0.18;42.21
14.49;0.02;8.21;3.41;27.78;0.16;45.93
19.86;0.13;9.11;2.49;20.99;0.2;47.23
15.64;0.03;6.12;1.17;21.75;0.19;55.1
20.53;0.07;7.87;1.53;19.02;0.17;50.82
21.34;0.04;7.01;1.49;20.48;0.22;49.42
18.05;0.01;7.21;1.54;31.32;0.17;41.68
12.09;0.01;11.02;4.34;33.63;0.21;38.69
23.89;0.13;13.22;2.86;18.37;0.39;41.14
23.16;0.06;10.22;2.04;25.77;0.23;38.52
16.58;0.02;8.26;2.05;27.15;0.18;45.77
17.75;0.01;8.47;1.59;38.86;0.16;33.16
16.65;0.02;8.59;2.5;41.74;0.25;30.26
16.41;0.01;10.14;2.73;28.49;0.28;41.94
20.38;0.12;8.14;3.68;25.61;0.22;41.85
17.56;0.02;9.18;2.8;31.33;0.16;38.96
21.63;0.05;8.66;3.07;24.56;0.18;41.85
21.43;0.18;9.19;5.08;25.05;0.18;38.9
17.66;0.15;10.26;3.33;23.31;0.27;45.03
22.06;0.27;11.07;4.28;24.88;0.28;37.16
15.25;0.12;7.49;3.99;20.24;0.23;52.68
15.12;0.07;9.77;4.41;22.77;0.18;47.69
19.46;0.34;7.51;4.01;18.02;0.2;50.46
19.74;0.2;8.22;4.0;19.17;0.18;48.49
12.59;0.28;9.8;3.0;20.54;0.29;53.49
19.94;0.25;7.57;2.39;22.19;0.16;47.49
13.48;0.21;6.97;1.95;19.09;0.26;58.04
19.19;0.14;10.1;2.2;23.83;0.24;44.29
16.69;0.25;8.88;2.67;26.79;0.19;44.52
19.26;0.11;11.6;2.69;21.2;0.23;44.91
16.25;0.11;9.73;2.0;31.4;0.13;40.37
18.39;0.11;10.14;1.79;27.41;0.18;41.98
20.46;0.16;11.02;1.88;25.83;0.2;40.45
15.55;0.12;11.45;2.76;26.25;0.17;43.71
23.02;0.08;11.96;2.19;26.47;0.14;36.13
19.19;0.1;8.99;3.97;30.51;0.17;37.08
16.82;0.06;11.79;5.11;29.38;0.18;36.66
19.72;0.03;10.08;2.92;32.08;0.18;34.99
19.56;0.03;12.77;2.82;32.53;0.18;32.11
26.97;0.1;14.13;3.65;29.07;0.22;25.86
26.44;0.05;12.42;3.5;29.39;0.23;27.97
20.34;0.13;13.47;4.58;28.0;0.25;33.22
18.94;0.07;11.61;6.32;28.34;0.25;34.46
18.71;0.09;8.08;3.22;24.94;0.19;44.76
21.82;0.1;12.06;5.51;32.91;0.19;27.42
13.54;0.09;12.99;7.02;23.74;0.22;42.4
18.56;0.09;12.43;4.52;24.37;0.39;39.65
17.1;0.09;8.9;2.91;23.12;0.22;47.67
22.88;0.06;9.03;4.64;24.73;0.23;38.43
23.84;0.12;9.06;5.21;29.45;0.22;32.1
18.39;0.04;8.87;3.55;30.44;0.18;38.53
31.24;0.29;8.77;2.28;24.57;0.21;32.64
16.73;0.14;9.13;5.83;28.06;0.27;39.85
13.7;0.09;10.74;4.89;24.12;0.38;46.08
21.27;0.1;10.46;2.44;23.8;0.19;41.73
13.2;0.05;11.23;6.1;22.64;0.29;46.48
21.39;0.04;9.68;1.98;27.05;0.26;39.6
18.61;0.07;12.19;3.4;30.64;0.28;34.81
12.09;0.02;10.15;4.51;30.0;0.34;42.89
15.53;0.03;10.82;5.53;26.56;0.3;41.22
12.6;0.03;11.97;3.83;32.15;0.2;39.22
14.95;0.03;14.71;3.07;35.59;0.23;31.41
13.3;0.05;12.57;4.97;35.0;0.24;33.86
17.14;0.03;13.72;3.17;35.74;0.26;29.94
14.93;0.03;10.01;4.28;39.28;0.21;31.25
15.03;0.03;10.23;3.58;26.87;0.22;44.04
13.32;0.03;10.61;4.49;34.55;0.22;36.79
13.69;0.03;10.92;7.28;26.69;0.37;41.02
13.33;0.03;9.91;4.35;28.13;0.37;43.88
15.59;0.03;15.18;3.86;35.08;0.26;29.99
13.79;0.03;11.71;4.88;37.84;0.19;31.57
13.85;0.04;12.84;3.3;31.18;0.22;38.57
13.56;0.03;15.0;4.2;36.52;0.32;30.36
17.68;0.02;12.08;2.37;35.99;0.19;31.66
13.76;0.03;11.97;2.36;32.53;0.25;39.1
12.65;0.02;17.92;2.46;42.31;0.25;24.39
10.87;0.03;11.43;2.43;33.18;0.23;41.83
12.71;0.02;11.32;2.56;39.66;0.18;33.55
14.57;0.03;9.76;2.15;36.31;0.25;36.94
15.96;0.02;9.47;3.6;36.06;0.26;34.62
19.73;0.06;9.65;2.13;45.11;0.15;23.17
12.45;0.01;15.0;3.18;44.52;0.23;24.6
14.85;0.05;12.74;3.66;41.59;0.25;26.85
13.3;0.05;8.6;3.68;38.24;0.21;35.92
15.08;0.04;11.75;4.62;29.3;0.25;38.96
12.89;0.04;10.24;3.53;29.54;0.26;43.5
18.27;0.03;13.69;3.03;25.92;0.29;38.78
21.74;0.03;11.01;2.0;26.56;0.23;38.44
13.74;0.02;10.43;2.01;28.4;0.22;45.18
16.48;0.02;9.96;2.54;34.08;0.22;36.68
15.6;0.08;9.94;1.91;27.63;0.26;44.58
11.22;0.06;7.09;4.29;21.26;0.27;55.81
14.8;0.04;7.97;2.07;25.64;0.19;49.29
17.88;0.03;11.61;2.07;33.97;0.25;34.18
21.29;0.03;10.18;3.79;30.05;0.26;34.4
19.41;0.03;9.2;3.36;28.65;0.25;39.11
14.79;0.03;9.41;4.91;34.16;0.22;36.48
16.73;0.02;9.5;3.68;28.8;0.44;40.83
19.91;0.03;10.45;4.29;32.28;0.25;32.79
19.32;0.05;11.65;2.66;30.72;0.24;35.35
11.89;0.05;7.8;3.49;27.06;0.21;49.51
17.18;0.06;9.02;2.44;24.62;0.29;46.39
14.24;0.06;9.56;2.14;27.75;0.3;45.95
15.51;0.08;10.27;3.01;22.58;0.31;48.24
19.83;0.04;9.64;2.49;29.15;0.24;38.61
15.67;0.07;8.81;3.11;19.8;0.21;52.34
14.33;0.02;8.9;4.88;23.17;0.22;48.47
18.73;0.12;11.2;1.72;26.89;0.2;41.14
17.97;0.05;10.43;2.55;23.99;0.36;44.66
15.96;0.03;10.98;2.54;29.78;0.21;40.49
21.98;0.05;10.92;3.74;30.46;0.32;32.52
13.73;0.04;8.69;2.26;25.9;0.26;49.11
21.18;0.05;9.95;1.8;28.84;0.24;37.93
13.33;0.06;9.41;2.57;25.52;0.27;48.84
16.79;0.06;7.6;2.87;22.02;0.23;50.44
15.45;0.05;8.47;2.64;20.91;0.29;52.2
18.27;0.04;10.46;2.43;28.96;0.29;39.56
20.54;0.03;8.73;2.21;27.25;0.26;40.97
11.4;0.04;8.8;2.49;23.11;0.22;53.95
14.9;0.03;10.88;1.92;29.82;0.27;42.19
12.93;0.04;9.77;2.44;25.57;0.29;48.96
11.35;0.03;10.14;3.57;36.32;0.21;38.38
16.57;0.05;8.33;3.02;31.3;0.25;40.48
14.89;0.06;8.43;2.8;25.48;0.22;48.12
15.27;0.03;8.37;3.14;31.8;0.25;41.14
16.35;0.05;8.45;2.05;27.56;0.22;45.31
17.22;0.03;10.95;2.86;32.79;0.35;35.8
16.48;0.07;9.48;1.57;26.9;0.28;45.22
17.21;0.05;8.88;2.91;27.39;0.26;43.28
18.35;0.03;9.52;2.33;28.66;0.32;40.8
21.65;0.07;8.91;2.53;26.66;0.28;39.91
11.63;0.06;8.92;2.16;28.58;0.22;48.42
17.49;0.03;8.64;2.18;30.14;0.27;41.24
9.27;0.04;8.28;2.85;33.36;0.21;45.98
15.02;0.06;9.48;1.85;27.02;0.26;46.31
14.81;0.02;8.4;2.04;24.44;0.32;49.97
4.6;0.08;14.43;6.53;7.14;30.37;36.86
18.33;0.03;11.19;2.28;31.82;0.33;36.01
15.11;0.04;9.27;1.76;32.02;0.18;41.61
16.31;0.08;8.66;2.91;27.35;0.29;44.41
12.65;0.03;9.44;2.48;30.05;0.27;45.08
19.14;0.05;8.97;1.53;30.3;0.21;39.8
15.28;0.02;8.62;1.34;29.21;0.3;45.23
13.24;0.03;9.85;2.46;25.98;0.27;48.16
16.93;0.04;9.69;2.07;24.57;0.29;46.41
24.25;0.11;9.51;1.27;27.01;0.29;37.57
16.27;0.06;9.82;2.12;30.18;0.34;41.22
13.02;0.06;8.41;3.43;31.32;0.29;43.47
17.57;0.03;9.73;2.42;27.05;0.22;42.98
19.69;0.03;9.43;1.91;29.57;0.36;39.02
13.16;0.03;7.28;2.49;31.39;0.2;45.44
15.48;0.08;11.09;2.61;23.69;0.31;46.74
11.19;0.1;10.22;3.35;32.98;0.38;41.78
14.8;0.12;9.0;2.5;26.84;0.32;46.42
14.13;0.04;9.26;1.96;27.14;0.28;47.18
18.16;0.04;10.85;2.27;27.15;0.29;41.23
17.06;0.03;10.34;2.14;29.19;0.26;40.97
12.28;0.06;9.87;2.13;28.11;0.23;47.32
17.58;0.15;8.15;2.82;21.19;0.24;49.87
15.9;0.07;11.63;1.83;30.34;0.2;40.04
11.86;0.05;9.0;2.85;25.42;0.23;50.58
15.81;0.11;12.18;3.53;29.94;0.36;38.06
18.78;0.1;12.1;2.25;26.89;0.39;39.5
13.44;0.04;9.61;2.78;22.84;0.37;50.93
11.76;0.04;7.78;1.96;21.28;0.24;56.95
21.7;0.14;11.63;1.91;24.72;0.32;39.57
15.84;0.05;8.58;2.5;23.99;0.3;48.73
14.56;0.05;11.17;2.32;29.75;0.31;41.85
26.33;0.02;8.69;2.13;37.32;0.19;25.3
17.66;0.06;11.31;3.12;24.6;0.33;42.93
19.86;0.2;9.28;2.4;29.57;0.15;38.53
16.34;0.06;10.6;2.21;20.96;0.31;49.52
19.74;0.04;11.19;2.33;28.53;0.3;37.88
17.54;0.05;8.28;2.52;19.94;0.34;51.33
15.67;0.05;8.26;1.52;24.29;0.29;49.94
16.02;0.08;10.05;4.18;25.46;0.35;43.86
16.08;0.06;10.28;3.98;17.72;0.38;51.5
14.56;0.04;8.58;3.13;22.82;0.29;50.58
13.83;0.03;8.64;1.41;22.03;0.28;53.78
14.38;0.06;10.18;4.18;22.35;0.36;48.47
13.02;0.04;9.82;1.82;24.21;0.33;50.77
16.27;0.07;10.65;2.77;22.76;0.42;47.07
13.56;0.06;9.71;2.38;19.71;0.32;54.26
12.11;0.05;9.63;1.69;29.03;0.33;47.18
12.27;0.08;10.92;3.23;26.11;0.38;47.01
11.32;0.07;9.09;1.86;18.46;0.26;58.94
13.34;0.05;8.94;3.24;26.92;0.31;47.2
14.43;0.04;9.46;3.06;31.56;0.27;41.19
13.05;0.04;10.09;3.05;24.05;0.35;49.36
15.99;0.04;10.83;3.07;29.43;0.34;40.3
17.84;0.05;9.78;2.26;28.59;0.29;41.2
17.75;0.08;10.98;1.64;26.89;0.39;42.26
16.02;0.08;8.8;2.98;25.08;0.38;46.64
13.8;0.04;11.62;3.8;31.48;0.32;38.93
17.93;0.05;12.43;2.83;35.19;0.37;31.2
18.92;0.07;10.45;2.25;25.93;0.31;42.07
17.2;0.05;7.72;3.34;24.62;0.31;46.76
15.01;0.05;9.62;2.28;32.98;0.22;39.83
15.9;0.05;9.07;2.13;23.55;0.25;49.05
15.47;0.07;10.62;3.97;25.44;0.33;44.1
14.45;0.04;9.8;2.95;32.55;0.27;39.95
13.74;0.04;9.52;2.64;29.21;0.31;44.53
18.61;0.06;7.58;4.4;25.35;0.35;43.65
16.31;0.04;9.2;2.09;28.32;0.36;43.69
12.5;0.03;8.18;3.63;27.42;0.25;47.99
19.43;0.12;7.45;2.7;22.44;0.29;47.58
14.02;0.09;9.5;4.57;24.52;0.3;47.0
15.35;0.06;9.39;4.09;29.98;0.29;40.85
18.37;0.09;11.29;3.06;25.67;0.3;41.21
15.22;0.07;8.36;2.37;22.54;0.26;51.17
12.28;0.06;8.93;3.22;25.61;0.28;49.63
8.24;0.05;5.98;2.11;18.7;0.23;64.68
11.67;0.07;7.17;2.0;19.02;0.28;59.78
18.38;0.05;9.63;3.05;27.86;0.32;40.72
15.81;0.07;8.68;2.16;23.75;0.34;49.19
10.78;0.04;7.78;2.79;27.28;0.21;51.11
15.76;0.06;12.22;3.68;24.59;0.4;43.29
13.29;0.03;8.61;2.31;22.6;0.27;52.89
16.45;0.04;11.59;1.95;24.81;0.28;44.87
14.89;0.05;10.01;2.99;30.69;0.37;40.98
13.27;0.05;8.03;2.22;27.2;0.26;48.95
15.74;0.03;10.18;3.32;30.43;0.25;40.06
