angry;disgust;scared;happy;sad;surprised;neutral
3.64;7.09;12.56;43.92;15.07;4.53;13.19
3.57;7.52;3.04;53.28;16.7;2.07;13.82
0.75;1.34;0.42;78.18;10.98;0.48;7.85
10.55;1.14;12.02;57.28;4.91;7.01;7.09
12.62;0.89;28.92;22.63;9.53;13.28;12.13
7.84;1.25;23.15;27.5;8.02;16.76;15.48
12.02;0.79;12.13;51.76;5.64;7.7;9.96
3.55;0.0;13.91;6.06;3.24;18.29;54.95
4.68;0.0;14.77;4.57;2.73;16.3;56.95
4.47;0.0;14.29;6.34;2.72;20.07;52.12
2.51;0.07;1.35;71.54;5.26;0.34;18.94
3.74;15.15;2.23;33.1;8.08;2.64;35.05
4.47;1.1;19.67;16.42;7.05;13.89;37.39
4.3;0.81;19.47;15.76;6.1;13.78;39.77
7.67;4.06;13.72;24.5;5.13;19.04;25.88
6.59;1.44;7.1;62.65;4.3;6.39;11.53
1.15;0.8;2.84;41.31;13.58;0.9;39.42
1.18;0.01;2.06;53.03;9.0;0.53;34.19
1.1;0.0;1.92;62.3;15.57;0.13;18.98
2.96;0.0;3.09;45.87;16.93;0.19;30.96
0.58;0.01;1.58;61.83;4.35;0.05;31.59
2.51;0.27;8.4;63.04;4.15;0.35;21.29
7.56;0.04;4.37;20.65;11.22;0.14;56.01
9.94;0.09;9.07;23.99;13.19;0.59;43.12
3.99;0.48;1.78;71.35;7.7;0.19;14.5
0.77;0.02;1.06;70.16;2.71;0.27;25.02
0.43;0.01;0.51;75.05;2.21;0.09;21.69
0.73;0.01;0.61;90.82;0.81;0.11;6.91
8.8;0.0;23.21;11.13;3.88;19.44;33.52
1.18;0.02;1.13;32.74;2.01;0.72;62.2
1.3;0.0;1.55;78.24;9.97;0.22;8.72
5.79;0.03;0.6;91.49;0.18;1.22;0.68
1.83;0.0;1.19;61.21;8.03;0.12;27.63
2.15;0.0;1.55;39.81;10.97;0.18;45.34
2.33;0.0;3.24;35.75;17.53;0.31;40.83
2.56;0.0;2.48;42.81;11.79;0.17;40.18
1.86;0.0;1.17;60.87;9.47;0.12;26.51
2.3;0.0;2.55;42.23;22.44;0.27;30.22
1.64;0.0;1.9;48.6;12.95;0.61;34.31
1.59;0.0;2.25;53.8;17.4;0.25;24.72
2.21;0.0;2.07;56.75;12.65;0.43;25.9
2.46;0.0;1.47;69.5;9.41;0.34;16.81
1.67;0.0;1.91;61.24;17.49;0.59;17.1
1.99;0.0;2.04;62.41;17.84;0.32;15.39
1.34;0.0;0.68;70.1;8.05;0.16;19.67
1.79;0.0;2.42;55.18;16.9;0.24;23.48
0.9;0.0;0.72;77.43;8.36;0.06;12.54
1.66;0.0;0.62;77.07;7.3;0.1;13.25
1.36;0.0;0.71;66.0;11.11;0.12;20.7
1.19;0.0;1.04;60.06;8.86;0.15;28.71
1.16;0.0;1.01;71.95;9.86;0.14;15.88
1.25;0.01;1.42;74.21;5.57;0.33;17.22
1.66;0.0;1.2;77.9;6.63;0.09;12.53
0.44;0.0;0.59;85.69;3.51;0.06;9.71
1.73;0.02;5.23;50.38;5.13;1.82;35.69
1.4;0.0;0.54;73.31;4.86;0.05;19.83
0.84;0.0;0.22;87.39;2.48;0.02;9.05
3.45;0.0;1.31;69.16;8.72;0.08;17.29
0.97;0.0;0.92;82.02;6.2;0.04;9.84
1.3;0.0;0.62;65.76;8.81;0.04;23.47
1.42;0.04;2.53;50.32;6.72;0.15;38.82
1.01;0.08;3.11;62.73;9.37;0.08;23.61
2.1;0.01;1.14;73.92;5.6;0.09;17.14
0.91;0.0;0.66;77.35;4.09;0.04;16.96
1.7;0.0;0.87;73.06;8.18;0.06;16.13
2.42;0.0;1.74;51.35;10.53;0.18;33.78
1.93;0.0;1.06;49.8;8.92;0.06;38.23
1.36;0.0;0.88;65.36;6.95;0.1;25.35
1.51;0.0;1.26;58.54;11.68;0.08;26.93
1.11;0.02;3.57;44.98;4.9;1.13;44.28
0.95;0.01;2.41;46.54;2.5;1.36;46.23
3.16;0.29;3.96;39.27;4.47;5.63;43.22
0.81;0.05;2.41;59.66;7.88;0.3;28.9
3.65;0.03;4.24;56.76;14.05;0.19;21.09
2.76;0.0;1.75;46.37;11.64;0.05;37.44
1.39;0.0;0.87;59.43;7.83;0.03;30.46
1.97;0.0;0.94;49.64;10.03;0.09;37.33
2.47;0.01;1.0;60.59;11.63;0.13;24.17
2.05;0.01;1.24;71.27;5.16;0.14;20.14
2.86;0.0;1.21;79.5;4.99;0.04;11.39
0.65;0.0;0.42;91.88;1.53;0.01;5.51
0.47;0.0;0.55;87.11;2.52;0.03;9.33
0.72;0.0;0.47;86.72;2.98;0.03;9.07
1.26;0.0;1.12;75.43;7.83;0.05;14.31
1.31;0.0;0.81;68.91;7.38;0.05;21.54
1.95;0.0;1.1;65.04;10.77;0.08;21.05
1.38;0.0;1.75;71.72;8.14;0.21;16.8
2.6;0.0;1.63;56.66;14.97;0.18;23.97
0.3;0.0;0.32;85.94;3.01;0.04;10.4
41.58;0.62;9.58;15.73;11.49;0.1;20.9
0.62;0.0;0.42;60.73;3.87;0.17;34.2
0.64;0.0;0.63;52.75;8.93;0.23;36.82
1.1;0.0;0.79;68.93;5.57;0.23;23.39
2.93;0.02;0.25;95.17;0.07;1.09;0.48
0.48;0.0;0.25;82.81;2.87;0.04;13.54
1.52;0.0;0.81;64.05;8.48;0.08;25.05
2.74;0.0;2.12;54.5;13.61;0.17;26.87
1.08;0.0;1.1;83.55;5.58;0.08;8.61
0.75;0.0;0.79;75.1;6.76;0.09;16.52
1.09;0.0;0.75;75.69;8.86;0.09;13.52
1.2;0.0;1.3;63.99;11.06;0.19;22.27
0.93;0.0;0.88;61.91;13.7;0.15;22.43
1.03;0.0;1.08;55.97;11.27;0.33;30.32
1.64;0.0;1.16;54.31;15.72;0.29;26.88
2.19;0.0;0.85;41.43;12.72;0.35;42.45
1.82;0.0;0.64;56.96;14.3;0.19;26.1
0.95;0.0;0.52;61.16;11.44;0.1;25.82
3.42;0.0;1.01;56.87;22.08;0.11;16.5
1.14;0.0;1.29;60.42;9.32;0.16;27.68
0.88;0.0;1.53;57.92;9.04;0.17;30.46
1.23;0.0;1.06;64.67;10.59;0.2;22.25
2.29;0.0;2.19;62.2;18.7;0.12;14.49
1.63;0.0;1.53;69.59;9.0;0.17;18.08
1.81;0.0;1.1;70.73;12.42;0.12;13.82
1.54;0.0;0.8;85.23;4.26;0.07;8.11
0.96;0.0;0.51;79.25;5.46;0.11;13.7
1.58;0.0;0.73;79.55;4.98;0.16;12.99
0.53;0.0;0.36;75.19;3.39;0.17;20.35
0.46;0.0;0.4;83.94;3.51;0.05;11.65
0.77;0.0;0.68;82.6;5.31;0.12;10.52
1.9;0.0;0.52;79.76;7.42;0.08;10.31
2.44;0.0;0.78;75.74;8.38;0.26;12.39
1.31;0.0;0.53;78.36;4.85;0.17;14.78
1.04;0.0;1.33;69.99;10.65;0.14;16.84
1.54;0.0;1.08;64.75;11.41;0.11;21.12
2.27;0.0;1.7;46.24;14.12;0.19;35.49
1.4;0.0;1.18;64.4;12.96;0.15;19.9
1.38;0.0;2.26;63.22;10.31;0.12;22.7
0.69;0.0;0.76;84.45;4.63;0.03;9.44
3.89;0.11;3.47;58.73;6.36;0.49;26.95
2.12;0.05;1.53;75.8;2.54;0.26;17.7
1.98;0.03;1.51;59.15;4.96;0.34;32.02
4.53;0.01;1.94;30.7;8.92;0.23;53.66
3.61;0.0;1.75;41.49;9.77;0.2;43.18
2.98;0.01;0.3;95.01;0.12;0.99;0.59
6.13;0.01;1.84;28.96;9.06;0.28;53.73
0.17;0.0;0.03;99.26;0.02;0.38;0.14
3.07;0.0;0.72;35.51;11.22;0.24;49.24
1.49;0.0;0.46;24.88;13.96;0.1;59.11
3.0;0.0;1.71;37.8;9.55;0.47;47.47
1.42;0.01;0.71;28.07;8.01;0.31;61.47
0.35;0.0;1.29;85.79;4.12;0.02;8.43
2.33;0.0;0.32;94.28;0.24;1.73;1.11
3.4;0.0;0.96;64.74;9.88;0.04;20.99
2.24;0.0;1.26;28.28;19.42;0.02;48.77
23.41;0.01;1.08;71.38;2.01;0.73;1.39
1.53;0.01;0.66;91.89;0.22;4.91;0.78
0.93;0.0;0.14;98.4;0.04;0.35;0.13
2.68;0.0;0.19;93.62;0.62;1.52;1.38
2.8;0.01;0.22;94.9;0.44;0.87;0.76
8.48;0.34;8.01;54.14;14.85;3.09;11.1
1.83;0.1;10.64;58.68;7.18;2.73;18.84
0.06;0.0;0.03;98.8;0.26;0.01;0.83
0.32;0.01;0.01;99.36;0.11;0.01;0.18
0.11;0.01;0.02;99.33;0.12;0.04;0.39
1.14;0.01;1.88;71.2;5.39;0.05;20.34
1.41;0.01;1.33;74.24;6.7;0.03;16.29
2.27;0.0;0.07;95.63;0.46;0.17;1.41
1.73;0.14;2.28;56.71;5.14;0.48;33.53
0.55;0.02;0.01;98.35;0.22;0.02;0.82
1.13;0.05;0.02;97.07;0.36;0.04;1.33
1.08;0.41;0.03;97.18;0.41;0.04;0.84
0.9;0.0;1.64;81.46;6.49;0.04;9.47
1.52;0.01;2.59;74.99;7.56;0.18;13.15
2.04;0.02;19.0;4.75;47.67;1.39;25.12
0.86;0.0;0.66;81.44;5.47;0.06;11.5
0.65;0.01;0.57;80.31;3.83;0.11;14.52
0.96;0.0;0.44;89.07;3.7;0.07;5.75
0.19;0.04;0.03;98.62;0.09;0.04;0.99
2.53;1.56;6.21;55.08;15.71;1.47;17.44
4.75;0.1;4.73;47.7;6.56;2.74;33.43
2.6;0.03;1.92;64.8;3.12;1.92;25.62
1.59;0.01;1.84;73.52;3.61;0.48;18.95
1.61;0.01;1.49;84.87;6.33;0.22;5.46
0.68;0.0;0.7;78.44;6.16;0.22;13.79
0.88;0.0;0.7;82.09;7.48;0.02;8.83
0.83;0.0;0.65;83.7;7.58;0.04;7.19
7.08;0.38;0.36;89.35;1.58;0.11;1.14
9.27;0.36;0.7;85.03;1.52;0.49;2.63
24.2;0.18;1.5;70.65;1.69;0.21;1.56
12.18;0.18;1.06;82.8;1.15;0.47;2.15
14.37;0.22;2.56;77.39;2.8;0.86;1.8
39.64;1.11;3.57;48.23;4.53;1.1;1.82
15.46;0.05;1.76;79.5;0.71;1.49;1.03
47.29;0.14;4.13;42.67;2.89;0.61;2.28
40.55;0.04;6.06;46.9;3.11;0.57;2.77
25.23;0.81;6.46;54.35;8.56;1.09;3.5
20.42;1.07;1.96;69.06;3.57;1.31;2.61
43.58;0.21;3.25;43.22;4.9;0.54;4.3
48.55;0.32;5.56;40.15;2.45;0.44;2.53
22.51;0.39;2.75;69.22;2.67;0.98;1.47
26.15;0.05;10.51;40.14;12.1;0.67;10.4
37.33;0.12;9.1;35.61;7.94;0.59;9.32
26.15;0.24;2.25;65.31;3.24;0.56;2.25
34.02;0.19;13.48;33.73;9.11;1.98;7.48
30.63;0.46;5.61;50.82;6.55;2.48;3.45
0.86;0.0;0.57;64.65;7.7;0.02;26.21
0.94;0.0;0.63;73.58;5.85;0.02;18.97
0.98;0.0;1.89;71.21;12.22;0.07;13.62
0.78;0.0;1.82;71.83;11.67;0.09;13.81
28.39;1.24;7.7;54.41;3.37;3.33;1.55
23.83;0.51;7.35;58.0;3.84;1.84;4.63
44.8;0.28;9.24;35.76;3.39;1.3;5.23
0.89;0.0;0.54;86.44;3.53;0.04;8.57
2.75;0.0;4.99;50.94;7.78;6.22;27.32
5.01;0.07;29.57;7.76;6.86;14.9;35.83
7.5;0.04;26.17;10.81;8.2;12.0;35.27
7.65;0.06;23.37;11.33;9.5;12.96;35.13
5.32;0.15;8.82;30.9;6.2;13.45;35.17
3.35;0.62;24.73;13.66;12.29;18.64;26.72
8.79;0.69;24.57;22.65;14.38;5.66;23.25
6.11;0.19;20.01;19.91;11.47;15.7;26.62
9.02;0.37;0.87;82.8;2.86;0.94;3.13
5.35;0.13;18.82;25.6;12.01;5.88;32.21
4.38;0.54;22.45;22.54;12.33;14.67;23.1
4.7;0.41;31.3;18.7;11.83;7.13;25.94
4.92;0.14;27.29;21.18;8.4;15.99;22.07
49.41;0.19;7.71;31.3;5.45;2.27;3.66
4.78;0.23;29.06;19.31;15.62;9.0;22.01
1.48;0.0;0.9;83.53;6.78;0.02;7.29
5.26;0.05;30.14;18.19;9.68;7.13;29.55
4.46;0.18;28.71;18.61;10.74;14.73;22.57
5.41;0.17;26.18;15.35;8.28;21.92;22.69
6.7;0.25;24.94;21.68;7.57;10.16;28.7
3.81;0.73;22.36;16.58;9.41;20.64;26.47
10.44;0.35;25.16;19.01;9.26;16.58;19.19
7.08;0.61;23.63;27.74;10.44;6.62;23.88
7.66;0.22;19.44;26.33;13.14;5.66;27.56
8.6;0.4;22.46;20.37;17.02;4.33;26.81
5.85;0.24;29.0;14.28;13.98;6.33;30.33
4.53;0.09;13.55;42.37;10.04;3.11;26.3
5.56;0.26;15.86;29.51;13.03;3.1;32.69
7.16;0.14;21.89;30.68;13.18;2.86;24.1
6.7;0.18;27.4;18.5;18.84;4.3;24.08
7.6;0.18;35.57;15.58;14.31;4.52;22.24
6.64;0.3;35.83;11.89;20.2;2.66;22.48
5.78;0.38;36.05;13.69;14.8;4.1;25.19
6.25;0.17;21.33;16.6;14.39;1.92;39.34
6.53;0.17;35.92;12.9;14.94;4.01;25.54
6.42;0.16;41.35;13.41;13.32;4.05;21.29
8.16;0.35;31.46;10.5;14.41;6.91;28.2
8.78;0.2;37.24;10.18;14.25;5.0;24.35
8.5;0.38;36.16;18.16;12.73;4.35;19.72
7.77;0.92;25.59;17.34;14.75;6.16;27.47
6.45;0.42;36.56;15.85;12.16;6.9;21.66
5.37;0.65;30.74;19.35;14.82;10.01;19.05
3.02;1.13;26.01;22.03;13.77;8.91;25.14
3.35;0.47;28.05;19.57;11.3;9.77;27.48
3.89;1.09;23.03;18.37;12.06;9.81;31.75
4.33;0.48;33.57;18.18;15.99;7.96;19.49
3.64;0.18;30.48;24.54;11.0;7.74;22.41
3.98;0.42;23.92;22.08;13.55;7.38;28.67
3.08;0.42;21.17;23.8;14.04;7.6;29.88
3.67;0.41;21.27;23.56;13.39;7.48;30.21
3.91;0.26;23.7;24.24;13.67;7.68;26.54
3.18;0.34;22.48;22.1;15.23;7.03;29.64
2.79;0.22;20.12;33.2;10.6;6.53;26.54
55.6;2.13;5.61;23.87;4.35;0.73;7.7
3.2;0.23;16.76;35.97;10.39;7.2;26.23
3.04;0.24;14.91;43.33;12.18;4.59;21.7
2.71;0.12;18.26;36.45;11.85;6.89;23.72
2.76;0.33;16.97;34.69;10.87;7.52;26.86
4.18;0.24;19.63;27.17;16.88;5.39;26.5
3.37;0.73;22.72;26.53;15.6;5.03;26.0
2.81;0.81;24.73;20.17;17.2;10.04;24.23
3.3;0.53;24.9;20.21;15.21;7.97;27.88
3.66;0.56;25.17;26.27;12.81;7.18;24.34
2.89;0.3;24.06;25.9;9.97;12.91;23.97
3.84;0.24;25.2;22.51;11.87;10.3;26.04
4.4;0.59;26.55;24.33;14.17;5.29;24.65
3.78;0.47;30.76;17.82;14.34;5.19;27.62
3.0;0.64;27.94;20.62;13.92;6.15;27.73
4.82;0.46;23.62;26.4;12.39;5.82;26.49
3.57;0.28;32.36;19.96;11.87;6.45;25.51
5.84;0.4;36.11;15.37;14.78;3.68;23.82
6.8;0.24;30.99;18.22;17.87;2.7;23.18
5.53;0.75;31.11;15.24;15.9;4.87;26.61
8.9;0.37;31.46;18.29;14.12;4.49;22.37
10.08;0.22;29.9;22.88;12.63;3.44;20.85
6.91;0.38;34.04;16.96;13.73;4.25;23.73
7.25;0.55;32.45;17.97;13.87;2.93;24.99
7.65;0.39;28.22;21.11;14.51;3.11;25.01
6.91;0.42;32.03;18.27;16.22;2.77;23.36
11.12;0.43;32.27;19.05;13.18;4.06;19.89
10.95;0.49;28.98;19.54;14.78;3.18;22.08
5.94;0.28;25.14;25.84;12.69;4.56;25.54
7.15;0.62;27.15;23.67;12.06;3.87;25.48
6.62;0.3;26.88;25.92;14.57;4.28;21.42
6.2;0.13;19.54;31.4;15.93;4.6;22.2
8.48;0.25;22.02;28.31;15.34;4.1;21.5
6.74;0.08;21.13;29.57;15.03;3.64;23.81
6.48;0.43;25.21;26.41;8.4;6.55;26.52
7.13;0.28;28.67;21.0;13.01;5.04;24.87
6.56;0.27;29.37;19.3;12.2;3.23;29.07
4.35;0.15;27.0;21.54;10.8;5.43;30.73
6.01;0.11;28.42;18.1;12.39;4.64;30.33
4.34;0.13;29.53;18.8;11.54;5.21;30.46
5.43;0.11;23.21;27.72;14.21;4.06;25.27
6.06;0.39;24.42;25.95;15.73;3.83;23.61
6.52;0.3;28.83;22.39;13.51;2.71;25.75
6.16;0.37;32.79;15.86;12.78;3.63;28.4
6.1;0.42;27.09;14.13;15.99;2.93;33.35
6.04;0.52;25.21;17.39;20.16;3.2;27.48
6.43;0.35;29.45;15.24;18.11;3.39;27.03
6.58;0.24;22.25;23.94;17.16;3.0;26.83
6.2;0.44;27.47;17.72;17.74;4.09;26.33
5.81;0.41;20.57;15.75;21.69;3.63;32.14
6.1;0.35;21.17;16.17;22.94;3.24;30.03
5.12;0.4;24.22;23.35;17.77;3.3;25.84
7.22;0.87;25.59;16.11;21.44;4.45;24.32
5.97;0.68;24.62;18.13;21.22;2.95;26.43
6.9;0.72;26.88;18.72;18.4;3.38;25.0
6.41;0.6;28.65;17.3;17.72;3.5;25.82
6.26;0.98;23.7;22.78;13.99;4.78;27.51
6.17;0.35;38.06;13.9;15.85;4.26;21.42
6.91;0.33;36.34;14.21;15.45;3.88;22.88
5.75;0.47;29.94;16.78;14.18;6.19;26.7
7.13;0.34;30.1;18.08;15.6;4.69;24.06
7.06;0.16;29.52;21.26;15.55;3.65;22.81
6.86;0.16;31.31;18.54;15.53;4.09;23.51
9.83;0.29;32.73;15.36;15.21;4.22;22.37
7.89;0.43;27.79;19.84;16.25;3.2;24.6
7.33;0.27;28.35;19.2;14.85;3.95;26.05
6.48;0.21;26.84;22.76;17.09;3.4;23.22
5.19;0.25;25.24;23.94;17.37;4.11;23.9
4.93;0.19;27.0;21.16;24.43;3.82;18.46
5.21;0.16;28.41;17.21;24.34;2.35;22.33
4.44;0.15;32.83;16.38;20.31;4.98;20.92
5.3;0.08;33.53;14.5;23.67;2.83;20.09
6.02;0.28;28.44;16.67;22.82;3.82;21.95
5.74;0.32;31.21;14.12;17.11;4.2;27.3
5.87;0.39;29.15;16.09;17.51;4.11;26.87
5.96;0.44;28.19;16.44;18.29;3.3;27.38
5.27;0.16;29.07;14.51;19.46;2.6;28.93
7.31;0.19;26.09;18.12;18.96;3.79;25.53
3.92;0.24;29.29;17.58;16.39;4.16;28.41
5.84;0.17;26.77;20.48;19.86;2.76;24.13
4.78;0.15;31.58;16.51;21.05;2.7;23.23
4.73;0.47;23.31;20.35;21.01;3.25;26.87
6.34;0.72;18.91;17.02;25.9;3.11;28.0
4.39;0.36;23.24;22.46;18.64;4.86;26.05
5.07;0.85;22.98;15.83;16.11;5.41;33.76
4.61;0.05;28.3;15.3;14.63;2.03;35.08
4.15;0.04;19.89;20.51;22.51;1.54;31.35
5.22;0.15;28.01;21.32;14.28;4.62;26.4
5.61;2.9;26.86;13.38;13.87;11.36;26.03
5.1;1.1;24.86;16.46;15.84;6.05;30.6
8.05;1.15;33.0;8.86;15.07;7.21;26.66
7.1;1.41;23.02;14.89;12.2;9.23;32.16
8.18;0.27;26.82;19.42;11.39;5.72;28.21
8.03;0.63;22.74;21.21;11.8;8.12;27.46
5.29;0.31;20.85;14.27;20.04;4.38;34.87
6.58;0.47;30.97;17.11;12.77;13.73;18.36
5.27;0.9;27.38;17.16;17.94;8.09;23.27
4.85;0.99;26.6;16.6;13.72;14.39;22.85
4.87;0.48;21.73;24.78;12.58;12.4;23.14
3.28;0.31;19.44;24.5;10.54;11.96;29.97
3.25;0.43;22.12;22.65;17.38;7.87;26.3
3.02;0.25;19.08;20.22;14.94;9.43;33.05
1.74;0.0;1.15;71.6;7.23;0.12;18.16
3.31;0.19;22.69;13.24;10.3;20.61;29.66
2.99;0.13;21.01;13.97;12.05;15.17;34.67
3.88;0.08;20.18;16.62;8.37;16.43;34.44
0.49;0.0;0.41;77.11;5.22;0.05;16.72
4.7;0.08;22.57;13.65;7.53;16.15;35.32
3.63;0.11;22.44;10.13;7.91;15.75;40.03
5.17;0.05;22.38;14.86;6.77;16.11;34.67
5.46;0.05;22.97;22.09;7.97;11.91;29.55
3.17;0.07;23.79;14.39;13.86;10.57;34.14
4.0;0.05;24.64;14.96;9.62;18.36;28.37
4.24;0.08;25.05;13.76;10.46;12.76;33.67
3.92;0.09;27.29;11.27;11.06;13.87;32.5
3.46;0.1;23.74;12.94;10.1;14.54;35.12
3.83;0.15;23.77;8.79;11.98;19.0;32.48
3.88;0.23;27.47;9.31;11.92;15.13;32.06
4.61;0.23;25.01;12.2;13.91;11.83;32.19
4.76;0.17;29.61;9.07;12.01;12.18;32.19
4.02;0.21;26.63;10.41;14.58;10.41;33.74
4.88;0.34;28.68;9.29;14.75;11.26;30.8
4.32;0.23;21.21;14.63;14.87;10.74;33.99
3.8;0.18;26.37;11.3;11.28;12.26;34.81
4.7;0.24;26.69;14.63;9.47;12.96;31.3
4.47;0.23;29.05;10.44;10.44;14.74;30.63
4.4;0.13;25.99;14.0;9.52;16.52;29.43
4.2;0.17;26.42;14.06;9.83;14.48;30.84
3.42;0.14;25.94;11.58;9.72;14.37;34.83
3.9;0.36;25.56;12.68;11.49;14.63;31.38
4.63;0.46;21.55;17.33;12.09;13.11;30.83
4.4;0.01;0.65;91.19;0.67;1.43;1.64
4.46;0.4;24.29;16.2;13.25;8.32;33.07
3.35;0.67;20.18;14.35;15.85;12.12;33.49
2.56;0.31;17.99;16.9;10.74;17.53;33.98
3.45;0.33;20.13;15.04;14.72;10.88;35.44
3.24;0.42;23.56;15.59;15.11;10.01;32.06
3.8;0.28;21.38;19.65;15.17;8.98;30.74
2.97;0.49;20.38;14.38;14.96;13.73;33.09
11.52;0.09;11.61;29.65;16.86;1.76;28.5
4.57;0.2;23.54;18.43;8.66;15.26;29.34
5.4;0.1;23.05;19.05;11.42;11.67;29.31
3.32;0.63;22.26;17.84;24.23;9.08;22.64
4.51;0.75;22.77;16.02;18.78;9.75;27.41
3.55;0.39;20.89;18.82;23.76;6.84;25.75
5.33;0.47;22.66;19.84;15.46;8.83;27.41
5.12;0.23;21.93;21.36;14.77;12.01;24.58
4.82;0.15;21.37;22.38;16.24;8.9;26.14
2.77;0.19;21.94;26.1;13.33;5.97;29.69
1.64;0.0;0.32;95.31;0.31;0.82;1.6
8.99;0.03;9.42;25.5;16.89;2.47;36.7
1.34;0.0;0.46;77.87;8.2;0.02;12.11
5.52;0.18;25.53;17.1;13.32;11.83;26.52
5.15;0.31;26.85;15.44;15.63;8.12;28.5
4.58;0.18;21.24;16.48;21.99;7.35;28.16
7.02;0.29;22.29;17.2;17.46;8.51;27.23
6.42;0.63;31.05;13.56;14.46;9.96;23.92
2.39;0.0;2.77;74.02;7.21;0.3;13.31
2.43;0.01;2.69;73.7;9.76;0.29;11.13
4.23;0.4;25.29;9.04;12.32;10.96;37.76
4.69;0.13;17.94;23.63;17.47;2.6;33.52
5.25;0.53;24.59;20.15;15.15;5.05;29.27
2.45;0.0;1.4;67.06;8.68;0.08;20.34
1.11;0.0;0.86;86.65;3.64;0.05;7.69
1.8;0.0;1.21;80.99;4.84;0.06;11.1
2.12;0.0;1.42;74.63;7.33;0.06;14.44
2.64;0.0;1.31;73.54;6.44;0.14;15.93
3.53;0.0;2.81;73.96;10.78;0.18;8.74
2.0;0.0;1.89;75.79;8.63;0.07;11.62
1.27;0.0;0.99;80.26;5.78;0.07;11.64
12.87;0.05;0.7;82.03;0.81;0.69;2.85
1.45;0.0;2.19;64.33;13.67;0.03;18.33
7.38;0.83;24.97;24.32;19.33;4.65;18.5
1.92;0.0;1.5;67.38;13.0;0.04;16.15
5.81;0.22;21.94;19.64;25.26;2.44;24.69
3.58;0.27;24.11;16.08;17.06;2.51;36.4
6.17;0.63;27.08;14.72;10.48;7.59;33.31
4.92;1.23;24.67;19.57;12.82;6.69;30.12
7.23;0.97;26.63;14.38;13.9;5.22;31.66
5.97;0.46;25.31;24.93;16.31;3.62;23.41
7.41;0.42;20.19;26.64;16.27;3.42;25.65
8.19;0.36;22.74;22.41;15.44;4.25;26.6
8.45;1.21;28.97;18.76;12.18;7.91;22.52
9.03;1.0;27.99;16.35;12.05;9.12;24.48
8.82;0.57;29.99;18.15;11.31;7.93;23.22
5.37;0.34;23.15;26.23;16.79;4.4;23.72
7.36;0.35;23.62;23.08;17.61;5.36;22.62
6.51;0.44;19.98;26.04;15.47;6.1;25.46
5.68;0.29;16.35;40.29;14.31;3.63;19.45
6.32;0.4;17.04;25.98;18.4;5.05;26.82
4.32;0.5;25.71;23.8;14.23;6.19;25.26
5.45;1.24;23.08;23.91;14.55;5.87;25.9
5.58;1.18;26.95;20.71;16.17;4.53;24.89
5.14;0.67;28.61;13.02;16.85;9.32;26.4
11.35;0.01;0.72;84.58;0.72;1.0;1.62
5.75;0.16;27.61;15.77;18.48;5.66;26.57
4.25;0.18;16.81;21.77;16.01;4.54;36.44
4.35;0.85;20.67;19.4;16.16;9.68;28.88
4.13;0.25;15.11;22.13;18.33;4.01;36.05
4.44;0.16;11.94;32.39;18.68;2.0;30.39
4.0;0.44;26.14;16.23;13.64;10.27;29.29
6.17;0.02;0.86;89.14;0.57;0.75;2.5
3.1;0.19;22.51;17.56;8.87;11.95;35.82
2.57;0.17;21.83;15.64;10.25;13.23;36.32
3.0;0.34;30.42;12.87;9.53;17.95;25.88
4.27;0.05;19.59;25.6;8.87;7.91;33.7
4.77;0.06;21.13;27.48;9.08;8.93;28.54
4.96;0.06;19.42;30.86;8.66;9.86;26.18
5.44;0.04;22.26;25.14;10.68;8.56;27.88
4.54;0.18;23.63;18.46;9.44;15.01;28.74
3.34;0.2;29.13;20.03;11.8;13.7;21.8
4.41;0.15;24.4;22.73;10.28;12.65;25.37
4.21;0.12;25.75;19.57;12.02;16.1;22.23
1.2;0.0;1.76;79.64;6.3;0.16;10.94
1.52;0.0;0.77;78.36;4.79;0.03;14.53
3.59;0.0;1.29;64.07;9.54;0.03;21.48
2.87;0.25;24.88;14.9;12.67;20.61;23.81
3.77;0.14;29.5;19.02;13.67;11.5;22.41
1.29;0.0;1.57;72.82;8.96;0.1;15.26
3.18;0.01;0.28;93.65;0.64;0.65;1.58
3.42;0.0;1.26;62.2;9.36;0.05;23.71
1.8;0.01;0.28;94.65;0.3;0.85;2.11
1.68;0.0;1.14;64.02;10.5;0.03;22.64
0.86;0.0;0.7;67.24;10.78;0.02;20.4
4.53;0.04;0.53;91.1;0.61;0.43;2.76
3.16;0.13;25.02;13.86;9.29;16.2;32.34
4.55;0.16;19.0;24.13;13.97;7.31;30.88
5.13;0.24;23.12;18.33;10.19;10.18;32.8
6.42;0.37;20.48;14.55;10.96;12.35;34.86
6.74;0.19;21.59;12.83;8.91;11.57;38.16
6.54;0.15;24.52;11.2;10.82;12.2;34.57
5.69;0.12;21.03;15.11;10.79;14.98;32.28
8.41;0.12;18.66;16.19;10.0;13.76;32.87
8.07;0.27;18.87;11.9;8.97;11.98;39.94
14.78;0.05;18.63;11.83;13.1;4.1;37.5
1.06;0.0;1.1;70.49;11.03;0.04;16.28
5.05;0.22;26.97;8.29;10.66;14.99;33.82
1.76;0.0;2.65;52.76;17.58;0.06;25.19
1.97;0.0;2.07;59.74;18.87;0.04;17.3
2.75;0.04;0.52;90.99;0.9;0.43;4.38
0.63;0.01;0.3;96.33;0.26;0.9;1.57
9.2;0.13;21.44;28.05;16.17;2.02;22.97
8.13;0.27;17.35;25.11;11.72;1.88;35.55
1.39;0.03;0.22;96.34;0.43;0.59;1.0
4.01;0.16;24.02;12.51;11.67;20.16;27.46
4.36;0.2;26.0;13.13;12.0;13.62;30.69
3.36;0.0;2.35;80.04;5.95;0.07;8.22
4.28;0.21;25.36;11.51;14.11;17.12;27.42
3.41;0.41;25.1;10.55;15.89;14.98;29.65
5.21;0.28;25.62;9.93;12.39;12.37;34.2
5.99;0.06;21.11;12.53;7.48;16.31;36.51
5.49;0.05;26.0;9.14;7.79;16.34;35.2
3.98;0.04;11.65;43.49;6.59;3.18;31.07
1.83;0.7;0.98;78.18;7.13;1.13;10.05
3.06;0.19;8.99;58.3;11.86;0.86;16.74
0.71;0.59;0.2;95.9;0.99;0.11;1.5
0.58;0.37;0.23;96.21;0.94;0.35;1.32
0.58;0.6;0.13;95.31;0.92;0.12;2.34
0.16;0.11;0.03;96.5;0.53;0.03;2.65
0.44;0.02;0.05;96.43;0.48;0.03;2.56
0.42;0.26;0.13;96.55;0.5;0.1;2.05
5.1;0.27;23.26;15.38;12.24;10.63;33.11
1.66;0.0;2.16;64.72;10.5;0.07;20.88
9.92;0.05;21.8;15.09;5.68;11.23;36.24
6.7;0.06;26.1;14.04;5.78;7.79;39.53
0.27;0.11;0.09;97.99;0.44;0.08;1.02
2.8;0.02;2.02;75.55;4.3;0.16;15.15
0.39;0.13;0.13;97.42;0.74;0.07;1.11
9.81;0.09;34.53;11.83;5.31;9.0;29.42
2.1;0.0;1.88;51.46;14.96;0.07;29.52
2.12;0.03;4.12;32.91;9.76;0.71;50.34
0.26;0.0;0.02;98.26;0.28;0.14;1.05
0.11;0.0;0.01;99.31;0.11;0.15;0.31
3.15;0.01;2.78;47.09;14.15;0.22;32.6
1.42;0.02;1.69;27.49;17.49;0.29;51.6
1.09;0.0;0.73;53.39;7.13;0.18;37.48
0.85;0.02;0.98;35.19;8.3;0.18;54.48
0.95;0.01;1.66;33.01;11.15;0.18;53.03
0.8;0.0;0.9;47.68;8.03;0.1;42.47
0.34;0.0;0.05;96.81;0.49;0.18;2.13
2.06;0.0;0.91;41.65;18.51;0.03;36.84
1.7;0.01;1.22;61.08;13.05;0.14;22.8
1.02;0.0;0.92;70.86;7.6;0.13;19.46
1.51;0.0;1.06;49.89;10.7;0.05;36.79
0.35;0.0;0.12;96.88;0.37;0.72;1.54
0.3;0.0;0.16;96.89;0.46;0.35;1.83
0.5;0.0;0.61;33.5;7.3;0.04;58.07
1.28;0.0;1.67;25.78;15.12;0.13;56.02
0.7;0.0;0.48;71.56;3.8;0.04;23.43
1.04;0.0;0.53;66.29;6.0;0.13;26.01
2.23;0.0;0.29;96.55;0.09;0.41;0.43
1.62;0.0;1.32;54.0;7.4;0.06;35.6
3.58;0.0;1.73;48.26;12.66;0.15;33.62
10.22;0.01;2.52;83.85;0.36;1.98;1.06
9.47;0.0;0.91;85.93;0.5;2.04;1.16
3.33;0.0;0.14;95.82;0.09;0.47;0.15
0.71;0.0;0.18;80.06;2.15;0.06;16.83
1.56;0.0;0.5;54.14;5.9;0.12;37.78
0.59;0.0;0.18;75.51;1.46;0.05;22.21
8.58;0.0;1.2;86.52;0.3;2.13;1.26
0.51;0.0;0.28;88.45;2.79;0.08;7.89
0.77;0.0;1.03;76.1;4.32;0.08;17.7
7.52;0.13;3.07;44.18;10.8;0.06;34.24
0.73;0.0;0.2;67.97;4.82;0.04;26.22
2.05;0.0;0.41;36.29;8.43;0.1;52.72
2.63;0.0;0.58;65.14;12.76;0.04;18.85
10.3;0.0;0.8;85.97;0.23;2.08;0.62
1.78;0.0;0.63;38.64;10.99;0.15;47.81
6.73;0.0;0.76;89.2;0.2;2.08;1.03
9.48;0.0;0.69;86.28;0.31;2.63;0.62
1.58;0.0;0.2;80.59;2.45;0.29;14.89
2.0;0.0;0.51;49.71;10.31;0.12;37.35
32.86;0.01;3.93;54.92;1.28;5.32;1.68
1.84;0.0;0.8;40.72;5.44;0.16;51.04
9.78;0.0;0.84;85.89;0.59;0.93;1.96
1.97;0.0;0.82;81.79;6.52;0.04;8.86
40.06;0.01;1.81;54.96;0.58;1.74;0.84
40.83;0.01;2.9;52.53;1.0;1.68;1.05
1.96;0.0;1.43;48.11;14.02;0.05;34.43
4.38;0.0;0.99;48.95;18.51;0.04;27.14
3.86;0.0;1.59;20.54;20.4;0.31;53.3
29.95;0.01;2.88;62.92;0.71;2.59;0.93
19.53;0.01;1.58;72.4;0.34;4.96;1.17
17.38;0.0;1.49;77.35;0.49;2.25;1.03
27.01;0.02;2.8;59.11;0.67;8.62;1.78
13.6;0.0;1.25;81.6;0.42;2.23;0.91
6.62;0.06;18.85;12.73;34.12;1.34;26.28
1.01;0.02;1.93;84.82;4.88;0.06;7.29
2.08;0.03;1.86;80.16;8.2;0.11;7.56
20.79;0.0;1.44;73.26;0.5;2.41;1.6
12.42;0.0;0.78;80.46;0.49;4.64;1.21
18.4;0.0;1.03;78.27;0.45;1.2;0.66
7.52;0.3;11.94;23.5;23.29;1.09;32.36
26.42;0.93;22.6;4.28;10.73;3.86;31.18
5.48;0.1;20.08;7.57;24.95;2.67;39.15
4.13;0.0;0.34;88.12;0.27;5.61;1.53
13.32;0.01;0.47;83.24;0.23;1.43;1.3
14.47;0.01;0.41;83.53;0.19;0.92;0.48
1.79;0.0;0.62;70.94;6.68;0.05;19.92
4.22;0.0;1.19;84.77;0.4;7.99;1.43
2.09;0.03;4.05;75.76;7.67;0.04;10.37
2.9;0.0;1.18;81.05;0.77;11.35;2.74
4.21;0.0;0.32;91.95;0.12;2.71;0.69
1.12;0.0;0.26;95.51;0.17;2.21;0.73
1.99;0.0;0.59;88.65;0.33;7.16;1.27
10.04;0.0;3.24;64.0;1.51;18.88;2.33
8.9;0.0;1.63;76.97;0.54;10.41;1.54
22.36;0.0;1.02;74.05;0.39;1.19;1.01
10.84;0.0;1.2;83.73;0.74;2.32;1.17
1.78;0.0;0.49;70.6;7.55;0.08;19.49
4.03;0.0;0.81;89.69;0.18;3.94;1.36
10.19;0.0;0.78;82.3;0.22;5.19;1.32
0.57;0.01;1.23;80.03;8.6;0.05;9.51
3.04;0.0;0.38;95.24;0.11;0.76;0.47
12.73;0.0;1.75;82.89;0.49;1.25;0.88
12.53;0.0;1.17;83.39;0.13;2.41;0.36
11.98;0.0;1.44;81.33;0.33;3.58;1.34
2.12;0.0;1.54;43.64;11.64;0.12;40.95
4.33;0.0;0.53;92.88;0.21;1.23;0.82
5.07;0.0;0.85;88.51;0.29;4.49;0.79
16.65;1.99;7.65;26.44;27.15;0.3;19.82
27.57;2.31;19.48;5.7;11.27;9.2;24.46
4.88;0.0;1.21;65.54;7.07;0.29;21.01
12.5;0.0;1.14;77.42;0.18;7.88;0.87
1.61;0.0;0.44;58.76;3.97;0.18;35.04
2.53;0.06;18.52;33.39;9.64;2.26;33.59
9.37;0.0;1.24;85.23;0.4;2.59;1.17
8.21;0.01;1.01;79.75;0.72;9.05;1.25
19.99;0.0;1.06;76.81;0.45;0.87;0.82
30.57;0.29;11.15;7.72;15.32;4.96;29.98
0.73;0.0;0.28;79.8;2.23;0.06;16.91
5.98;0.0;0.45;91.85;0.36;0.52;0.83
5.03;0.0;0.25;93.53;0.15;0.61;0.42
29.73;0.62;19.81;6.26;12.1;2.65;28.84
25.96;0.0;1.61;68.0;0.85;2.61;0.97
4.42;0.04;27.01;12.1;31.45;1.82;23.17
18.28;0.0;1.78;72.29;0.45;6.23;0.98
27.95;0.01;2.92;60.76;0.7;6.67;0.99
0.58;0.0;1.32;77.26;5.93;0.02;14.89
0.43;0.0;0.28;64.03;2.99;0.07;32.19
23.24;0.01;1.67;68.27;0.59;4.55;1.66
22.84;0.82;24.33;6.91;7.94;13.19;23.97
10.45;0.38;25.7;9.74;32.07;1.39;20.28
37.27;0.0;1.86;57.8;0.47;1.73;0.87
5.49;0.0;0.53;91.87;0.2;1.14;0.76
20.78;0.0;1.04;75.42;0.32;1.69;0.74
7.85;0.0;0.7;89.01;0.81;0.83;0.8
3.79;0.05;22.57;6.53;27.43;1.09;38.55
1.47;0.0;0.62;42.79;7.54;0.17;47.41
7.43;0.0;0.57;90.54;0.16;0.91;0.39
11.11;0.0;0.99;84.94;0.77;1.42;0.77
8.35;0.0;0.52;88.76;0.51;0.92;0.94
4.06;0.0;1.45;82.48;0.99;7.75;3.27
2.59;0.02;39.21;6.57;20.09;1.38;30.13
24.37;0.01;2.01;66.87;0.39;5.31;1.04
0.95;0.0;0.34;93.98;0.06;4.13;0.54
15.73;0.0;1.63;79.13;0.71;1.82;0.98
22.3;0.01;1.47;71.53;0.82;2.34;1.53
8.34;0.01;2.4;71.05;0.77;14.86;2.56
4.34;0.0;2.24;54.23;15.69;0.43;23.07
7.65;0.01;0.78;84.18;0.22;5.77;1.39
8.43;0.0;1.12;85.44;0.57;3.21;1.23
24.46;0.0;1.06;71.22;0.77;1.4;1.1
0.35;0.0;0.39;82.0;2.15;0.04;15.06
3.0;0.0;0.21;95.17;0.38;0.41;0.83
3.63;0.01;0.39;93.92;0.2;1.12;0.74
12.82;0.01;1.13;81.86;0.25;2.97;0.97
6.49;0.0;0.63;90.68;0.22;1.48;0.5
9.99;0.01;0.9;83.67;0.36;4.27;0.8
10.02;0.0;0.3;88.16;0.48;0.44;0.61
7.22;0.0;0.7;89.45;0.3;1.51;0.81
7.19;0.14;16.2;11.91;28.2;3.16;33.2
22.11;0.0;1.03;75.69;0.18;0.54;0.44
0.63;0.0;0.92;74.54;5.83;0.07;18.01
8.09;0.02;0.31;90.57;0.2;0.2;0.61
12.77;0.01;0.48;85.64;0.23;0.32;0.55
3.2;0.01;0.08;96.02;0.24;0.06;0.4
16.61;0.02;0.84;81.25;0.54;0.44;0.3
9.34;0.01;1.22;86.72;0.28;1.34;1.09
15.29;0.0;0.27;82.81;0.63;0.57;0.43
2.96;0.0;0.23;95.96;0.16;0.35;0.34
27.68;0.0;0.82;69.42;0.54;0.86;0.68
32.08;0.0;1.11;64.71;1.17;0.39;0.53
2.96;0.06;1.79;60.64;8.0;0.13;26.41
3.07;0.02;3.45;44.29;9.4;0.06;39.7
4.2;0.04;0.25;94.11;0.28;0.41;0.73
1.34;0.01;0.53;61.03;9.8;0.05;27.24
1.77;0.0;0.62;67.29;4.42;0.07;25.81
0.7;0.0;0.33;81.28;3.34;0.07;14.28
0.62;0.0;0.84;82.2;3.02;0.22;13.11
0.56;0.02;2.25;74.86;4.81;0.07;17.43
0.63;0.0;0.41;78.9;4.49;0.1;15.47
1.61;0.01;1.75;54.33;10.52;0.27;31.51
1.61;0.03;0.68;60.35;8.37;0.13;28.82
1.74;0.02;1.53;66.95;10.99;0.04;18.74
1.41;0.0;0.98;88.11;1.31;0.05;8.14
2.39;0.14;9.29;45.43;17.28;0.2;25.25
5.06;1.32;7.66;53.7;7.59;1.0;23.67
1.95;0.35;6.62;52.9;9.37;1.06;27.75
3.87;0.43;6.0;27.66;7.02;1.58;53.44
4.06;0.28;8.21;45.24;11.37;1.23;29.6
5.95;0.26;10.69;44.34;11.52;1.54;25.7
4.55;0.04;8.65;27.21;14.73;1.36;43.46
1.47;0.05;2.48;38.16;3.84;2.64;51.36
1.36;0.04;4.87;45.68;11.75;0.3;36.0
0.93;0.05;2.24;54.46;5.57;1.37;35.38
1.59;0.03;3.24;47.83;5.7;2.65;38.96
2.86;0.04;3.81;57.8;7.12;1.41;26.97
2.18;0.03;4.02;36.24;10.78;1.24;45.51
1.81;0.06;5.18;37.16;8.69;1.01;46.09
0.87;0.05;2.36;50.09;6.94;0.31;39.37
2.55;0.27;5.8;55.27;9.55;0.81;25.75
0.76;0.01;3.75;70.68;6.66;0.87;17.27
1.82;0.03;0.11;94.56;2.33;0.07;1.07
3.52;0.01;0.43;89.29;5.38;0.06;1.3
2.56;0.1;0.06;94.13;0.34;0.35;2.46
2.83;0.01;0.32;95.08;0.73;0.12;0.91
0.87;0.05;3.36;59.59;7.01;0.23;28.89
7.6;0.25;3.05;63.89;16.52;0.02;8.66
12.83;0.18;5.91;44.1;19.14;0.03;17.81
10.68;0.1;7.35;42.31;20.27;0.08;19.22
9.12;0.28;18.43;6.38;46.21;0.08;19.5
2.63;0.03;6.42;59.44;5.89;0.24;25.35
8.87;0.1;12.82;9.81;43.39;0.08;24.93
4.64;0.2;12.23;21.14;35.26;0.16;26.37
8.82;0.02;15.73;19.47;3.39;7.9;44.67
7.35;0.02;11.28;16.23;5.3;5.98;53.84
2.49;0.19;1.37;66.21;5.94;0.19;23.61
2.53;0.04;0.69;85.6;5.14;0.03;5.96
5.69;0.59;8.5;44.53;10.05;1.85;28.8
14.16;8.07;26.17;16.36;13.2;8.23;13.81
11.85;3.07;24.63;25.82;16.57;7.34;10.71
3.34;0.37;0.51;89.63;3.02;0.78;2.34
4.43;0.06;12.45;39.46;18.7;0.47;24.44
2.91;0.08;0.7;88.71;2.01;0.02;5.57
1.19;0.03;0.19;91.55;1.05;0.0;6.0
1.47;0.02;0.44;91.75;1.76;0.01;4.55
1.82;0.06;0.41;88.1;2.7;0.02;6.89
1.31;0.01;0.31;92.69;2.86;0.01;2.82
1.41;0.06;0.28;91.69;2.52;0.02;4.03
3.19;0.09;0.59;85.24;5.16;0.03;5.69
4.72;0.07;1.29;67.41;3.75;1.37;21.39
9.72;0.67;5.04;64.35;12.62;0.11;7.5
14.44;0.65;18.27;33.26;22.84;0.19;10.35
14.64;0.39;11.21;35.32;25.66;0.08;12.7
14.9;0.43;13.2;36.1;22.93;0.12;12.32
11.67;0.24;10.01;35.84;22.7;0.11;19.41
13.78;0.3;11.07;16.95;30.94;0.25;26.71
14.31;0.48;8.25;24.32;27.93;0.11;24.59
1.41;0.04;0.87;63.06;3.98;0.04;30.61
0.76;0.04;0.16;91.99;1.87;0.0;5.17
1.87;0.01;5.1;58.64;4.51;2.27;27.61
0.66;0.0;0.39;74.59;1.67;0.02;22.66
1.0;0.0;0.37;84.38;4.69;0.03;9.53
1.69;0.0;0.51;76.01;7.95;0.07;13.77
0.57;0.0;0.39;93.84;1.92;0.03;3.26
0.42;0.0;0.3;84.45;2.76;0.02;12.06
1.03;0.0;0.09;98.36;0.13;0.17;0.21
5.88;0.11;3.73;35.11;9.59;0.4;45.18
4.34;0.02;1.75;71.32;4.85;0.37;17.36
11.22;0.11;18.39;5.75;35.35;3.48;25.71
7.26;0.01;0.12;92.11;0.19;0.14;0.17
0.13;0.0;0.2;82.22;2.11;0.01;15.34
11.97;0.28;28.49;14.26;16.31;4.95;23.75
0.75;0.0;0.05;99.0;0.02;0.09;0.08
1.48;0.0;0.59;69.74;8.85;0.02;19.32
0.45;0.0;0.45;71.33;9.89;0.03;17.85
0.37;0.0;0.31;78.38;5.7;0.03;15.21
0.87;0.0;0.11;98.17;0.13;0.34;0.38
9.74;0.0;0.35;88.93;0.57;0.13;0.28
3.85;0.0;1.34;62.7;9.38;0.16;22.58
4.11;0.0;0.37;94.19;0.47;0.53;0.32
14.18;0.35;28.33;10.08;15.26;4.08;27.71
0.83;0.0;0.39;62.72;3.92;0.18;31.96
4.48;0.0;0.06;94.82;0.19;0.17;0.29
17.54;5.23;9.32;33.95;19.37;2.47;12.11
0.93;0.0;0.65;61.94;4.2;0.27;32.02
0.44;0.0;0.21;77.09;1.82;0.07;20.38
1.16;0.0;0.89;60.04;9.47;0.15;28.28
5.82;0.0;0.51;92.75;0.3;0.24;0.38
16.4;0.0;0.65;80.61;0.7;1.11;0.52
14.56;0.0;0.98;82.08;0.74;0.69;0.95
3.72;0.04;2.35;67.6;9.96;0.57;15.75
13.78;0.0;0.25;84.7;0.29;0.4;0.57
25.59;0.0;0.73;72.26;0.39;0.45;0.58
0.95;0.0;0.28;80.38;4.51;0.05;13.82
0.93;0.0;0.51;70.32;3.57;0.15;24.52
12.67;0.0;0.57;85.24;0.19;0.55;0.78
5.58;0.0;0.22;93.59;0.16;0.18;0.27
5.24;0.0;0.29;93.36;0.21;0.44;0.46
2.03;0.0;0.89;46.97;10.29;0.04;39.77
8.52;0.0;0.21;90.53;0.22;0.12;0.4
17.09;0.0;0.51;80.88;0.52;0.31;0.69
5.39;0.0;4.98;64.2;9.99;0.2;15.24
11.38;0.0;0.45;87.39;0.46;0.17;0.15
2.05;0.0;1.53;79.44;7.08;0.09;9.81
3.27;0.01;1.45;71.84;10.5;0.18;12.75
3.12;0.0;1.41;70.16;9.51;0.24;15.56
14.59;0.01;4.62;74.5;0.86;3.61;1.82
1.91;0.0;0.66;76.0;5.51;0.17;15.76
14.39;0.01;0.92;83.77;0.29;0.51;0.11
3.42;0.0;0.3;68.07;4.41;0.08;23.72
3.67;0.01;0.13;96.0;0.06;0.08;0.05
1.86;0.0;0.4;86.05;4.42;0.03;7.24
11.96;0.12;9.51;37.91;24.76;3.72;12.03
12.7;0.09;8.16;20.14;34.98;0.96;22.97
22.1;0.85;18.1;27.07;17.44;2.77;11.67
22.28;1.13;25.3;11.93;24.63;2.03;12.71
28.53;1.01;18.86;17.12;23.65;2.93;7.89
12.36;0.66;26.04;7.0;25.73;13.43;14.79
5.5;0.8;11.72;15.15;38.31;6.58;21.94
13.08;0.25;21.47;5.47;33.34;13.91;12.49
12.93;0.75;12.39;7.09;41.44;1.63;23.76
12.52;1.09;20.53;6.05;28.58;7.07;24.16
14.06;1.44;16.11;13.25;33.77;7.28;14.1
18.66;0.79;15.86;5.12;38.65;7.27;13.64
5.63;1.76;14.1;25.59;14.42;20.57;17.93
6.03;2.99;30.74;8.67;23.32;7.78;20.47
9.21;3.7;18.7;3.39;34.03;11.69;19.28
6.35;7.12;24.79;2.91;38.13;8.76;11.94
8.58;2.53;26.9;4.98;32.64;11.11;13.26
8.42;3.28;24.97;7.71;24.13;13.82;17.66
7.27;0.26;7.44;35.46;21.59;1.33;26.66
8.1;0.42;8.85;33.91;25.41;0.58;22.74
4.55;0.61;6.2;55.46;8.17;3.08;21.92
5.89;0.02;12.51;14.37;8.07;13.47;45.68
14.4;0.63;29.39;2.18;32.2;8.36;12.84
30.08;0.0;11.07;36.04;3.64;12.34;6.82
12.9;0.0;3.16;64.32;1.28;14.82;3.51
1.05;0.0;0.59;73.14;4.2;0.27;20.75
2.82;0.01;0.93;58.76;6.11;0.37;31.0
21.01;1.13;20.34;3.03;31.81;13.17;9.51
25.97;1.05;27.91;4.71;20.32;5.81;14.23
16.31;0.0;10.26;44.24;2.95;19.55;6.69
10.62;0.0;3.43;76.5;1.33;4.65;3.46
20.63;0.46;22.12;7.11;26.22;12.28;11.18
18.27;1.59;20.01;11.97;23.88;9.3;14.98
7.45;0.23;8.94;21.6;17.99;0.45;43.35
13.93;0.86;31.62;7.82;23.27;7.86;14.65
14.56;0.0;3.57;78.12;0.64;2.32;0.79
10.97;0.79;32.26;13.37;9.98;10.29;22.34
7.31;2.4;31.55;8.46;15.29;10.66;24.33
7.27;3.95;30.2;9.06;16.11;11.33;22.06
3.65;0.0;1.69;63.43;12.51;0.08;18.63
4.12;0.0;0.6;83.61;4.79;0.03;6.84
9.24;1.23;16.94;7.59;42.74;8.66;13.61
0.44;0.03;0.12;88.96;1.98;0.14;8.33
0.06;0.01;0.01;99.32;0.04;0.03;0.54
2.79;0.0;2.38;42.11;14.22;0.14;38.35
0.85;0.0;0.46;85.82;2.66;0.04;10.17
1.17;0.0;0.52;87.59;2.92;0.05;7.75
2.3;0.28;24.14;9.38;11.34;16.67;35.9
2.78;0.34;27.81;6.46;12.33;21.31;28.96
17.96;0.04;16.55;36.06;6.63;3.6;19.16
17.62;0.02;16.24;25.1;4.54;6.83;29.64
17.13;0.06;16.79;25.82;4.25;8.74;27.21
18.13;0.07;15.29;21.35;4.05;10.41;30.7
22.38;0.14;14.81;22.34;4.79;9.67;25.86
7.32;0.19;0.27;90.34;0.72;0.39;0.76
35.59;0.06;16.67;21.86;11.58;2.59;11.66
33.98;0.05;9.53;23.66;8.94;1.86;21.97
6.0;0.14;24.58;7.69;10.02;12.63;38.92
5.3;0.37;26.51;9.32;10.79;10.43;37.28
3.98;0.15;27.29;9.74;10.18;13.62;35.04
5.48;0.1;24.93;8.37;7.62;11.39;42.11
5.84;0.12;24.75;7.99;6.61;13.48;41.2
17.39;0.26;24.97;29.57;9.05;5.09;13.67
4.05;0.38;25.59;8.14;10.56;13.83;37.46
4.02;0.51;27.27;11.16;16.41;14.12;26.5
4.85;0.91;27.72;14.53;15.64;7.95;28.4
4.16;0.56;28.74;13.48;12.42;7.68;32.96
4.51;0.35;31.93;14.47;10.83;9.08;28.82
3.51;0.54;26.94;16.35;13.47;9.75;29.43
3.65;0.5;25.26;16.0;12.54;14.12;27.94
2.67;2.22;25.63;11.33;19.88;15.63;22.63
4.01;1.54;26.75;14.25;19.34;10.41;23.7
2.89;1.12;30.82;10.53;14.73;17.69;22.22
2.03;1.57;30.7;8.53;15.98;18.64;22.54
3.21;0.9;25.79;12.07;33.61;5.71;18.72
3.43;1.19;23.67;11.99;27.94;7.05;24.74
4.06;0.97;23.84;14.81;24.31;6.13;25.88
3.48;2.47;23.35;14.91;16.48;7.98;31.34
3.5;2.58;22.75;14.46;19.51;7.59;29.62
4.21;0.9;25.22;17.19;14.56;9.74;28.18
5.06;0.96;26.52;18.31;11.01;6.5;31.64
7.11;1.23;22.86;19.9;15.25;5.68;27.98
4.06;0.68;21.1;19.81;14.95;9.0;30.4
5.93;0.85;24.26;19.34;19.85;6.92;22.86
2.83;0.78;26.25;20.13;16.61;15.42;17.99
0.69;0.0;0.53;88.02;4.19;0.06;6.51
4.96;0.92;23.61;16.69;27.89;8.64;17.29
2.89;1.75;22.9;21.69;25.1;9.24;16.43
5.54;0.7;24.09;21.49;15.55;12.13;20.51
3.03;0.79;30.66;17.07;14.07;12.07;22.31
2.47;0.71;29.33;17.49;17.62;7.38;25.0
2.46;0.48;20.15;21.22;16.14;6.07;33.49
2.05;0.89;24.41;17.06;14.78;10.31;30.49
3.21;1.21;24.9;14.53;17.06;11.94;27.15
2.33;0.6;20.41;19.99;12.86;11.83;31.98
2.84;0.66;21.43;19.91;11.86;13.21;30.09
2.13;0.34;24.8;14.73;9.52;16.24;32.24
17.97;0.04;7.91;26.01;10.43;7.18;30.47
2.19;0.72;28.29;13.96;14.24;14.01;26.59
2.14;0.42;24.48;13.84;11.17;19.48;28.47
1.92;0.54;21.48;16.29;11.28;18.69;29.8
2.09;0.36;26.49;15.89;10.09;16.23;28.84
2.6;0.3;23.69;16.41;10.61;18.13;28.27
2.27;0.31;25.5;12.53;10.68;24.34;24.36
25.1;0.05;3.18;65.62;0.77;4.53;0.75
19.09;0.01;7.77;26.82;11.75;6.45;28.11
2.76;0.31;27.89;9.56;11.5;14.56;33.42
3.24;0.52;28.19;16.34;11.5;14.7;25.52
2.82;0.44;26.64;14.87;12.98;16.96;25.29
3.37;0.38;28.86;16.69;12.59;13.53;24.58
2.96;0.53;27.89;18.38;11.84;13.6;24.8
4.05;0.57;30.56;13.45;13.45;12.52;25.39
4.44;0.84;33.6;13.27;11.78;12.14;23.93
3.93;0.5;32.66;15.51;11.83;12.85;22.72
3.46;0.55;31.35;15.16;11.84;14.31;23.33
4.32;0.52;31.76;15.82;12.3;14.28;21.0
3.78;0.48;31.61;17.53;9.97;10.27;26.35
4.54;0.83;27.57;21.66;19.15;8.62;17.62
1.12;0.0;0.92;57.21;11.06;0.11;29.59
2.52;1.02;24.82;14.4;12.95;13.99;30.3
2.51;0.72;26.35;11.01;11.23;14.4;33.78
2.68;1.69;23.53;12.76;15.06;15.19;29.1
2.82;0.98;28.37;8.33;13.2;12.06;34.24
3.53;1.43;27.28;10.72;12.68;12.62;31.74
2.57;0.75;31.63;8.48;11.04;13.48;32.05
2.77;0.71;30.84;9.04;10.67;15.44;30.54
4.19;1.06;31.6;8.96;14.6;10.55;29.04
1.15;0.0;1.6;85.33;4.65;0.23;7.04
2.37;2.85;25.15;8.02;16.37;17.09;28.14
1.74;2.26;23.4;8.61;15.36;18.62;30.0
2.32;1.32;26.59;9.23;12.78;15.64;32.11
2.33;1.92;26.24;8.93;14.88;16.95;28.75
2.0;0.87;23.91;9.71;15.28;20.92;27.32
1.9;1.5;16.85;16.93;14.0;17.12;31.7
1.62;1.06;20.89;12.08;12.79;23.69;27.86
2.13;1.29;21.55;12.06;14.68;20.99;27.3
2.37;0.93;21.53;14.73;12.17;18.83;29.44
2.7;0.69;24.12;14.69;11.5;16.79;29.51
2.58;0.96;21.18;13.0;10.41;15.5;36.36
2.54;0.54;23.24;19.74;10.13;17.96;25.85
2.59;0.96;23.31;13.9;9.86;16.43;32.96
2.26;0.44;31.89;12.16;9.2;16.12;27.93
1.56;0.0;1.83;72.5;14.94;0.16;9.02
3.36;0.48;27.35;12.05;11.29;19.04;26.43
2.3;0.39;27.63;14.33;9.57;15.31;30.47
2.57;0.44;27.18;9.85;11.07;20.95;27.94
2.66;0.41;25.56;12.53;14.71;13.34;30.8
1.21;0.0;0.72;76.78;8.85;0.04;12.41
3.67;0.99;24.41;21.72;13.75;11.39;24.09
3.53;0.98;25.53;18.31;16.78;8.44;26.43
3.79;0.4;22.68;20.22;12.41;12.1;28.39
14.49;0.01;6.1;29.78;4.32;3.82;41.49
12.0;0.01;7.85;24.02;6.65;5.69;43.78
14.72;0.01;10.76;23.55;5.4;8.32;37.25
17.05;0.01;12.99;25.36;6.42;8.43;29.73
14.65;0.01;12.99;20.66;4.74;10.44;36.52
15.26;0.02;18.31;25.12;4.4;6.71;30.17
2.57;0.44;24.38;15.94;15.37;14.97;26.32
2.65;0.39;23.03;16.96;14.1;14.16;28.72
1.99;0.26;23.53;12.66;10.12;15.78;35.67
1.93;0.64;22.38;15.18;15.89;13.42;30.56
1.96;0.39;20.71;15.24;13.42;16.71;31.57
3.67;0.39;18.55;16.44;10.48;17.43;33.04
3.92;0.32;17.23;21.29;11.01;15.05;31.18
4.53;0.23;19.13;14.62;10.3;18.05;33.14
3.02;0.28;17.82;14.15;9.09;18.7;36.94
3.29;0.21;20.02;13.17;9.51;17.14;36.67
3.45;0.14;25.11;14.16;14.68;10.74;31.72
0.58;0.0;1.55;68.16;10.61;0.05;19.04
0.44;0.0;1.29;63.03;8.66;0.09;26.49
0.83;0.0;5.17;72.55;8.05;0.26;13.14
57.48;0.2;3.97;34.23;1.8;1.27;1.05
2.68;0.01;6.79;56.7;16.25;0.28;17.3
1.03;0.01;3.66;82.28;5.67;0.19;7.17
2.2;0.0;10.6;43.79;25.87;0.33;17.2
1.61;0.0;10.3;46.4;26.73;0.26;14.7
1.55;0.0;15.25;38.78;29.72;0.3;14.4
1.28;0.01;2.9;54.62;16.91;0.2;24.09
15.43;0.02;11.62;8.0;11.93;0.41;52.59
1.75;0.02;1.45;47.05;13.35;0.13;36.25
37.09;0.02;11.74;9.68;7.02;0.34;34.11
13.26;0.06;1.81;80.44;1.93;0.64;1.86
2.11;0.17;23.22;10.91;13.62;16.0;33.96
1.24;0.01;0.3;96.08;0.49;0.24;1.64
2.01;0.01;0.27;95.02;0.7;0.28;1.72
1.03;0.0;0.5;97.02;0.14;0.53;0.78
2.06;0.81;21.29;9.57;20.18;17.12;28.96
2.25;0.01;1.07;95.49;0.11;0.56;0.52
2.83;0.66;31.26;7.84;14.71;17.88;24.82
2.24;0.32;27.63;12.63;17.67;13.57;25.93
1.98;0.43;25.09;9.73;15.79;16.27;30.72
2.69;0.07;1.53;94.16;0.36;0.38;0.81
2.86;0.85;23.68;8.96;10.79;19.91;32.95
2.74;0.14;17.49;11.06;7.34;23.19;38.02
2.85;0.08;15.52;15.57;6.36;19.02;40.6
4.18;0.1;15.65;18.72;7.55;15.48;38.31
5.23;0.21;17.83;11.95;7.65;14.18;42.96
3.24;0.23;25.46;20.17;9.67;13.0;28.23
2.86;0.51;28.18;16.64;12.99;12.84;25.99
3.01;0.43;26.13;18.7;13.5;12.43;25.8
3.41;0.54;26.86;13.95;14.88;11.53;28.83
1.39;0.0;2.45;67.94;9.11;0.16;18.96
1.11;0.0;1.92;66.57;12.67;0.06;17.67
4.14;0.71;25.62;13.35;17.79;12.56;25.83
23.3;0.11;1.81;70.62;0.35;3.3;0.51
3.74;0.99;30.05;8.87;19.46;16.65;20.25
3.74;0.91;25.69;13.07;22.51;11.09;23.0
14.59;0.02;11.73;16.1;3.92;12.57;41.07
3.16;0.53;24.64;18.94;10.03;14.56;28.14
14.56;0.03;17.97;21.5;5.43;6.02;34.49
3.35;0.26;21.73;10.38;9.74;15.95;38.58
12.35;0.13;14.26;15.98;11.77;8.39;37.11
8.13;0.25;14.02;15.36;31.19;9.07;21.99
9.83;0.05;16.13;19.38;31.37;11.21;12.03
3.05;0.1;24.37;7.02;7.89;18.85;38.71
6.06;0.08;18.83;11.27;29.13;8.33;26.3
4.92;0.1;28.85;11.06;26.43;5.68;22.96
4.96;0.05;20.31;9.02;26.45;17.04;22.17
7.02;0.06;22.36;14.25;22.84;11.36;22.11
8.0;0.12;23.52;20.82;22.72;7.27;17.55
8.35;0.05;21.38;19.42;20.07;7.6;23.12
4.38;0.06;19.9;20.81;21.93;12.71;20.22
14.62;0.1;25.59;13.7;9.6;9.3;27.08
14.36;0.22;19.84;10.83;14.29;5.52;34.95
15.3;0.33;17.91;15.99;10.95;8.44;31.08
11.69;0.1;23.87;13.8;9.69;10.58;30.27
9.34;0.08;9.71;11.71;15.82;13.31;40.03
10.09;0.1;18.29;13.44;27.32;6.01;24.75
17.36;0.24;15.59;21.66;16.58;3.8;24.78
10.23;0.14;23.75;14.34;24.98;3.57;22.99
15.69;0.21;15.06;19.73;14.92;4.09;30.31
19.13;0.17;9.95;15.9;15.18;1.87;37.79
0.47;0.0;1.17;70.82;10.65;0.08;16.81
1.3;0.0;2.63;55.89;19.76;0.18;20.23
1.23;0.0;1.93;52.54;16.74;0.09;27.47
1.55;0.0;2.91;67.91;9.13;0.15;18.34
1.87;0.0;0.85;48.73;8.25;0.07;40.23
0.81;0.01;2.79;73.36;10.25;0.1;12.69
0.66;0.0;1.31;72.44;10.25;0.09;15.26
1.67;0.0;1.94;57.27;21.01;0.07;18.03
0.99;0.0;0.93;71.29;14.7;0.07;12.02
1.01;0.0;1.14;71.56;15.52;0.03;10.74
0.84;0.0;1.09;84.7;6.56;0.04;6.77
0.78;0.0;1.38;74.49;8.6;0.13;14.63
0.61;0.1;4.4;77.52;8.48;0.29;8.61
0.55;0.0;0.77;83.15;4.81;0.07;10.65
1.05;0.36;5.05;70.58;10.87;0.35;11.75
0.86;0.0;0.9;83.18;5.92;0.08;9.06
0.97;0.0;1.14;85.42;5.69;0.05;6.72
