angry;disgust;scared;happy;sad;surprised;neutral
21.49;0.19;38.97;14.92;3.95;4.74;15.74
17.04;0.03;26.24;16.25;3.3;6.38;30.76
18.63;0.13;27.86;19.75;3.7;4.06;25.88
12.38;0.02;38.71;10.38;5.33;11.48;21.69
18.16;0.22;11.97;58.98;3.11;2.98;4.59
14.69;0.25;34.71;20.18;4.78;3.97;21.42
17.96;0.24;41.67;16.05;3.54;4.02;16.51
7.05;0.02;23.78;14.27;4.51;7.63;42.75
8.53;0.08;13.24;19.82;19.68;2.18;36.47
10.65;0.04;12.64;25.92;19.89;1.43;29.43
3.69;0.13;14.71;14.06;16.73;6.2;44.48
7.07;0.19;21.3;17.61;27.76;12.38;13.67
21.68;0.05;29.36;30.43;2.99;3.18;12.31
21.01;0.2;31.43;26.06;5.11;2.35;13.84
7.27;0.04;21.78;11.84;3.25;19.09;36.74
19.57;0.17;35.16;15.93;3.38;5.81;19.98
17.38;0.25;36.72;16.29;2.64;8.63;18.09
19.16;0.15;33.65;13.68;2.91;6.14;24.31
11.96;0.0;13.3;6.31;2.49;6.85;59.09
6.74;0.4;28.99;37.08;2.98;9.08;14.73
11.63;0.76;29.08;38.33;3.93;4.44;11.84
19.29;0.15;32.81;17.35;3.24;5.45;21.71
20.69;0.13;34.28;15.0;3.23;4.75;21.91
20.15;0.15;36.96;13.88;3.03;5.29;20.55
18.45;1.05;26.58;36.08;5.12;2.27;10.46
10.4;0.84;29.29;39.38;3.62;5.22;11.25
7.2;0.7;26.24;45.65;3.88;4.38;11.95
15.87;0.8;35.5;31.2;4.51;2.78;9.35
8.12;1.06;33.15;37.71;3.69;5.55;10.73
10.75;1.3;30.98;38.17;4.56;3.13;11.11
10.25;1.29;31.66;35.89;4.31;3.37;13.23
8.65;1.05;32.51;35.26;4.22;4.72;13.59
7.7;0.68;34.21;31.1;4.55;6.32;15.44
12.83;0.68;35.33;30.48;4.33;3.89;12.46
11.41;1.37;34.2;32.8;2.9;4.96;12.37
7.03;0.03;5.12;27.69;46.4;0.22;13.51
16.77;0.35;17.09;32.38;6.32;5.98;21.11
14.59;0.01;15.87;10.66;2.91;6.91;49.05
5.54;0.02;16.67;7.9;5.85;14.19;49.84
10.41;0.01;16.5;9.01;3.09;6.87;54.11
16.03;0.19;12.32;25.89;6.45;8.73;30.39
8.52;0.02;16.72;15.19;2.65;6.28;50.61
9.07;0.01;15.51;12.52;2.86;9.85;50.18
9.54;0.01;16.24;13.01;2.66;10.92;47.63
8.89;0.01;16.87;15.71;2.74;6.59;49.19
10.05;0.02;14.96;11.3;3.09;8.86;51.73
10.82;0.02;15.15;12.39;2.88;7.76;50.98
10.49;0.01;15.99;11.92;3.36;7.0;51.23
9.6;0.02;15.18;10.86;3.19;7.51;53.65
10.3;0.01;15.67;12.3;2.95;6.52;52.24
9.87;0.01;16.99;13.23;2.9;7.26;49.74
19.62;0.51;23.09;12.21;12.63;6.04;25.9
20.58;0.4;23.18;10.81;13.67;5.49;25.87
21.33;0.58;24.21;8.71;16.83;3.94;24.4
8.28;0.03;14.33;10.21;3.32;7.92;55.92
27.77;0.27;29.72;8.46;9.87;3.36;20.55
26.23;0.15;31.26;8.28;10.4;2.74;20.94
8.1;0.02;15.55;12.04;3.44;7.56;53.29
24.92;0.31;32.21;10.93;11.83;3.35;16.46
8.2;0.02;14.99;12.25;3.13;7.47;53.94
9.47;0.01;15.75;11.28;2.49;10.68;50.33
24.02;3.66;17.8;37.82;8.16;1.68;6.85
9.91;0.01;15.24;10.0;3.31;7.18;54.35
10.01;0.02;14.28;11.07;3.73;5.8;55.09
9.28;0.01;13.66;11.02;3.3;5.81;56.92
8.22;0.01;15.12;11.76;3.02;6.89;54.98
8.89;0.01;13.05;10.36;2.77;7.21;57.71
8.24;0.01;13.28;11.17;2.99;7.2;57.11
7.76;0.01;12.24;12.35;2.3;9.04;56.3
8.4;0.01;15.36;11.51;2.41;7.18;55.12
8.89;0.01;15.1;13.27;2.61;7.44;52.68
10.1;0.01;14.37;11.11;3.23;7.33;53.85
9.92;0.31;5.15;68.9;6.5;0.33;8.89
11.1;0.26;8.36;57.12;9.84;0.63;12.69
15.43;0.22;9.2;54.76;8.09;0.52;11.78
11.62;0.5;5.67;62.71;8.93;0.46;10.11
8.86;0.01;14.87;12.55;2.7;7.23;53.78
13.06;0.41;10.94;49.15;10.39;0.93;15.13
7.02;0.15;10.58;60.21;7.25;0.98;13.8
12.46;0.03;11.48;12.36;6.15;37.32;20.21
11.47;0.13;21.02;15.01;6.17;5.42;40.78
6.57;0.1;21.36;17.86;5.04;7.13;41.92
14.63;0.08;4.51;38.99;37.55;1.24;2.99
12.97;0.03;5.53;39.64;38.26;1.08;2.49
14.35;0.05;3.3;55.98;19.6;2.24;4.49
9.22;0.04;9.51;14.49;5.27;43.24;18.24
28.57;0.08;7.77;25.28;30.1;2.04;6.16
12.59;0.32;7.69;63.4;6.93;0.34;8.72
18.02;0.33;19.57;16.92;16.0;14.33;14.82
9.53;0.05;20.22;17.08;4.54;6.1;42.47
8.08;0.03;20.65;17.58;3.8;5.78;44.08
10.35;0.05;17.93;12.66;5.37;5.14;48.48
8.24;0.03;18.6;13.67;3.41;4.67;51.38
6.12;0.01;11.28;5.02;3.37;46.32;27.88
5.3;0.01;10.99;5.24;3.11;48.16;27.2
7.71;0.03;17.04;16.46;3.48;5.42;49.87
9.81;0.06;18.07;12.94;5.22;5.68;48.23
7.35;0.03;17.58;13.61;3.81;10.85;46.77
6.96;0.03;18.08;15.33;3.92;8.77;46.91
7.2;0.02;16.48;15.5;3.23;7.52;50.05
7.84;0.04;17.85;16.16;4.1;7.66;46.35
13.21;0.11;19.3;13.02;6.17;8.58;39.62
17.55;0.14;19.95;16.38;5.81;9.05;31.13
12.21;0.08;16.69;11.29;5.55;7.11;47.06
12.12;0.07;14.9;14.02;4.85;6.35;47.69
13.97;0.13;17.92;12.97;5.68;9.07;40.27
11.94;0.06;15.3;15.04;4.6;6.94;46.13
8.55;0.04;19.12;13.66;5.78;5.45;47.4
9.51;0.03;18.0;13.71;4.47;5.01;49.27
8.94;0.04;19.77;17.05;4.18;5.15;44.88
9.31;0.03;19.79;16.43;3.83;5.53;45.07
8.53;0.03;21.99;16.14;4.28;4.59;44.44
10.74;0.05;20.17;15.03;5.0;5.01;44.01
9.22;0.07;19.29;13.01;4.9;6.9;46.61
8.56;0.02;20.08;14.23;3.83;4.3;48.98
12.21;0.03;17.78;14.21;4.91;4.29;46.56
8.64;0.04;15.94;15.96;3.68;7.62;48.11
9.83;0.04;18.87;12.9;4.9;5.26;48.21
10.53;0.28;17.19;13.9;5.97;10.63;41.5
8.98;0.21;20.15;15.22;6.94;9.66;38.84
8.11;0.02;16.52;12.78;3.21;7.26;52.11
11.83;0.16;17.09;16.82;5.05;10.96;38.1
8.63;0.13;18.07;18.76;6.01;8.61;39.79
8.16;0.2;17.27;21.94;6.38;9.8;36.25
7.7;0.09;18.21;18.39;6.07;9.51;40.04
8.43;0.17;18.28;21.21;6.0;8.56;37.35
9.7;0.07;16.55;16.31;5.51;7.69;44.17
8.98;0.05;18.89;14.0;4.22;7.82;46.04
9.6;0.1;19.12;16.08;5.91;8.33;40.86
12.7;0.11;18.68;15.91;5.78;9.15;37.67
10.83;0.16;18.91;16.04;5.88;10.17;38.01
10.07;0.13;17.71;16.57;5.48;11.43;38.62
8.29;0.13;18.75;15.5;6.02;10.99;40.31
9.31;0.13;18.95;15.69;5.72;12.16;38.04
12.91;0.13;18.86;19.79;5.82;10.58;31.9
9.17;0.04;17.12;12.23;4.91;5.4;51.12
11.96;0.06;19.07;17.39;4.33;5.04;42.15
11.36;0.04;17.54;9.73;3.92;7.0;50.42
21.06;0.38;13.56;35.23;13.6;1.53;14.65
9.07;0.03;17.95;13.49;3.71;10.14;45.61
10.41;0.03;16.72;10.47;3.44;8.96;49.97
10.06;0.03;17.7;14.98;3.32;7.85;46.06
9.62;0.03;18.45;12.81;3.38;10.54;45.17
8.72;0.02;17.67;14.87;3.16;7.2;48.36
9.76;0.05;17.35;11.81;4.8;6.16;50.07
8.1;0.03;15.86;11.45;3.52;6.84;54.21
7.85;0.02;19.48;14.51;3.86;6.92;47.36
10.02;0.03;18.47;11.41;3.43;9.41;47.24
10.33;0.03;17.84;11.36;3.49;7.52;49.43
8.37;0.03;17.5;14.11;3.3;8.4;48.28
9.6;0.02;16.24;12.66;3.56;6.83;51.09
9.17;0.02;15.6;13.28;3.46;6.17;52.3
9.11;0.03;17.01;12.71;3.6;6.46;51.08
12.18;0.05;18.76;12.96;3.86;6.09;46.11
9.21;0.01;16.46;10.11;3.15;7.47;53.59
9.82;0.02;19.3;10.52;4.26;6.01;50.06
10.91;0.04;17.66;9.91;4.71;6.03;50.74
9.11;0.03;16.88;11.6;3.72;7.32;51.34
8.65;0.02;16.34;12.54;3.2;7.17;52.08
9.09;0.02;16.81;12.39;3.46;6.26;51.97
10.68;0.02;16.61;10.31;4.54;5.9;51.93
8.93;0.02;15.87;8.02;3.74;6.81;56.6
9.69;0.03;21.33;10.1;5.12;6.17;47.55
10.02;0.04;19.56;10.25;5.2;5.9;49.02
10.01;0.03;17.25;8.52;4.89;6.18;53.12
9.63;0.03;18.66;11.05;4.33;7.15;49.14
7.34;0.02;15.22;6.99;6.73;32.87;30.83
9.65;0.03;20.09;11.23;4.77;7.16;47.07
10.55;0.02;16.81;11.39;3.7;7.48;50.05
8.21;0.01;17.86;7.87;6.61;26.26;33.17
8.73;0.01;19.31;7.04;8.07;21.23;35.6
8.07;0.01;18.33;7.36;6.82;24.26;35.13
8.46;0.02;18.15;13.07;3.5;7.45;49.34
6.65;0.02;15.54;7.79;6.03;34.01;29.96
10.47;0.03;18.4;12.22;3.78;6.98;48.13
7.56;0.02;19.27;8.62;6.79;28.48;29.26
8.9;0.02;19.39;7.5;6.84;28.9;28.46
9.92;0.03;18.36;10.54;4.31;8.08;48.77
10.11;0.03;19.37;11.74;4.7;6.32;47.73
9.79;0.02;17.2;7.97;7.8;25.8;31.43
8.38;0.01;18.25;8.23;7.36;25.98;31.78
7.83;0.01;16.44;8.12;6.61;30.48;30.51
8.1;0.02;17.55;8.68;7.01;29.95;28.69
8.2;0.02;16.26;8.89;6.66;30.03;29.94
7.71;0.02;16.79;8.27;7.19;33.69;26.33
8.02;0.01;16.54;7.76;6.89;31.7;29.08
8.93;0.02;17.81;7.97;6.9;32.01;26.36
7.47;0.01;17.17;7.92;6.05;32.52;28.86
7.82;0.02;16.76;7.49;6.25;33.07;28.59
7.52;0.02;17.58;8.19;6.73;29.71;30.25
8.3;0.02;17.95;7.92;7.22;27.59;31.0
8.09;0.02;18.26;7.77;7.49;28.39;29.97
8.57;0.02;19.26;13.5;3.53;7.65;47.47
10.08;0.03;19.73;8.98;7.78;27.29;26.11
10.21;0.02;21.09;9.01;7.88;24.7;27.09
11.15;0.03;20.5;8.93;8.15;23.75;27.49
9.78;0.01;18.11;9.64;7.08;24.28;31.09
10.02;0.03;17.25;9.46;3.91;6.37;52.96
10.23;0.04;17.0;11.93;4.55;6.3;49.95
8.52;0.44;21.1;31.83;21.71;3.69;12.7
22.56;0.08;15.94;42.3;3.47;3.5;12.15
9.28;0.02;22.22;11.84;3.12;7.44;46.08
10.22;0.03;20.82;12.6;3.75;7.66;44.91
7.26;0.04;20.63;18.11;3.25;8.67;42.05
9.73;0.04;22.18;15.74;3.86;8.0;40.45
11.34;0.04;20.18;16.03;4.48;5.73;42.2
8.21;0.04;21.05;17.29;3.73;6.88;42.8
9.31;0.04;18.68;19.72;3.37;6.82;42.06
11.82;0.05;16.59;15.16;8.27;4.26;43.85
7.2;0.03;19.37;21.51;2.94;8.32;40.62
9.28;0.05;20.05;17.76;4.59;7.17;41.09
9.84;0.06;22.01;15.03;5.52;6.75;40.8
14.29;0.03;20.56;11.22;3.76;7.6;42.53
9.63;0.05;20.8;16.4;4.46;6.58;42.08
11.33;0.09;19.04;12.86;6.64;6.25;43.78
8.41;0.06;22.04;15.65;4.82;7.22;41.8
8.51;0.41;32.96;21.52;9.2;1.81;25.59
5.27;0.32;29.08;42.75;6.2;2.75;13.62
8.65;0.05;22.34;13.63;4.55;6.64;44.14
7.21;0.07;22.11;14.84;4.91;5.85;45.0
9.56;0.1;23.59;15.48;5.37;6.03;39.87
7.04;0.06;22.38;14.71;4.87;6.84;44.09
9.2;0.05;27.14;11.46;4.59;7.37;40.19
8.38;0.08;23.68;13.5;5.84;7.73;40.79
7.63;0.09;22.52;15.38;5.77;6.41;42.2
7.66;0.07;24.81;16.22;5.25;6.38;39.62
8.3;0.09;25.45;14.86;6.03;6.23;39.04
8.26;0.09;25.56;14.26;6.54;6.45;38.84
9.69;0.06;19.19;15.38;6.72;6.12;42.84
8.11;0.05;21.03;15.17;4.83;8.49;42.31
8.45;0.08;18.64;15.28;6.45;5.55;45.55
8.93;0.07;20.24;13.16;5.83;6.57;45.2
9.9;0.06;22.24;13.31;5.11;7.51;41.88
9.37;0.09;21.96;14.68;6.68;5.85;41.37
9.65;0.06;21.55;13.74;5.53;6.6;42.87
13.76;0.1;22.43;10.51;7.6;5.82;39.78
10.27;0.11;25.18;14.73;6.68;5.24;37.79
10.31;0.09;21.93;15.95;6.0;7.0;38.72
24.61;0.29;25.65;23.95;7.0;2.91;15.59
7.69;0.1;21.92;19.32;5.89;6.98;38.1
8.97;0.08;22.59;18.4;5.82;5.73;38.41
8.47;0.09;20.35;16.47;5.16;8.23;41.24
7.44;0.11;22.61;17.88;5.68;7.57;38.7
8.42;0.1;24.72;14.94;6.55;7.62;37.64
7.3;0.08;22.49;16.46;5.43;6.87;41.36
7.17;0.06;22.99;16.83;5.56;6.83;40.56
10.37;0.11;27.21;13.14;7.36;8.75;33.06
7.49;0.06;21.58;14.25;5.2;9.6;41.82
6.22;0.04;20.2;18.3;4.37;9.19;41.68
7.58;0.08;22.99;17.29;6.18;6.98;38.9
10.27;0.15;23.9;12.96;8.1;6.82;37.8
18.94;0.87;42.76;10.42;9.88;1.82;15.32
6.37;0.08;22.62;15.14;5.59;7.6;42.6
7.39;0.12;24.14;15.98;7.14;8.29;36.94
7.95;0.12;26.57;14.58;7.57;6.76;36.46
41.96;1.08;27.82;12.69;7.02;1.57;7.86
29.37;0.86;35.51;13.11;9.2;1.52;10.42
7.91;0.05;23.26;14.57;5.36;9.05;39.79
7.2;0.07;21.96;16.75;5.05;7.89;41.08
9.87;0.13;21.78;18.29;6.9;8.05;34.98
10.08;0.11;20.31;18.64;5.86;8.01;36.99
6.78;0.08;20.54;18.03;4.56;10.51;39.49
12.54;0.22;22.48;17.7;7.54;8.51;31.01
11.8;0.22;22.47;17.95;8.0;7.44;32.13
9.07;0.19;21.68;18.28;6.4;7.59;36.8
8.37;0.15;19.42;18.79;6.72;7.19;39.36
8.32;0.16;19.44;21.04;6.51;6.59;37.94
13.55;3.07;29.64;19.58;14.34;2.52;17.29
19.97;2.06;38.82;14.34;10.38;1.58;12.84
8.91;0.97;35.37;14.9;13.78;2.94;23.13
13.91;2.34;30.93;10.49;15.81;3.69;22.83
9.41;0.01;16.19;12.53;3.03;11.58;47.24
9.54;0.03;18.18;9.44;4.0;10.87;47.95
9.54;0.06;21.79;13.15;5.35;6.66;43.46
9.75;0.06;20.97;11.63;4.93;6.71;45.95
7.2;0.05;21.57;13.2;5.05;7.56;45.38
12.02;0.08;20.14;10.52;6.95;5.61;44.68
8.96;0.07;20.29;11.64;4.86;7.46;46.72
8.08;0.05;18.76;11.19;4.51;7.7;49.71
10.33;0.06;21.03;11.68;5.7;6.29;44.91
8.35;0.09;18.46;11.7;5.85;7.86;47.68
9.93;0.06;19.52;10.25;5.67;6.89;47.67
5.94;0.04;20.41;16.54;4.55;7.97;44.55
7.53;0.07;19.19;14.65;5.51;5.74;47.32
7.66;0.05;18.27;10.03;4.82;6.62;52.55
7.8;0.07;21.41;12.04;6.0;6.32;46.36
6.44;0.05;22.16;15.04;4.65;7.85;43.8
7.92;0.05;20.86;11.65;5.03;7.44;47.04
9.19;0.04;19.15;10.14;5.35;5.66;50.46
10.49;0.07;17.37;8.86;5.6;5.83;51.79
7.55;0.05;18.79;11.83;5.45;6.18;50.13
10.69;0.08;17.84;13.51;5.19;7.31;45.39
10.27;0.05;20.43;12.71;4.99;6.49;45.07
6.93;0.04;22.23;13.23;4.0;7.63;45.95
9.11;0.06;23.84;14.73;5.05;7.5;39.7
10.93;0.07;23.14;12.96;5.59;6.6;40.7
10.71;0.06;20.51;11.68;5.5;6.86;44.68
7.02;0.03;22.15;15.1;4.15;6.72;44.84
7.41;0.02;19.28;12.09;3.61;7.71;49.88
7.97;0.03;19.13;12.94;4.09;7.91;47.93
9.08;0.05;17.89;11.72;4.77;6.75;49.74
11.06;0.08;18.02;11.74;5.49;6.45;47.15
9.2;0.05;21.02;11.83;5.45;4.98;47.47
10.57;0.06;18.7;9.31;4.61;7.51;49.24
9.17;0.06;18.57;9.5;4.7;8.15;49.86
10.19;0.07;19.99;10.18;5.8;7.49;46.28
6.88;0.03;18.88;12.08;3.86;8.85;49.41
9.76;0.08;21.68;11.83;5.78;6.84;44.03
11.33;0.08;17.37;13.2;4.96;6.86;46.2
9.23;0.07;20.05;12.74;5.4;7.5;45.02
8.9;0.06;20.33;13.56;4.99;7.93;44.23
14.05;0.07;16.77;10.54;5.46;5.26;47.84
11.57;0.06;21.53;11.63;5.47;5.8;43.94
9.12;0.06;21.21;14.34;4.98;4.97;45.33
8.84;0.06;20.31;12.91;5.35;5.64;46.9
9.31;0.05;19.08;10.74;5.01;6.29;49.52
6.31;0.03;21.29;15.1;3.52;6.05;47.71
10.04;0.02;16.15;9.67;3.32;8.26;52.54
10.78;0.04;20.52;11.47;4.6;6.75;45.84
18.35;0.03;27.14;30.67;6.87;3.63;13.31
66.87;0.01;12.82;7.31;3.9;0.47;8.62
19.87;0.69;17.31;38.65;5.63;3.84;14.01
68.11;0.02;8.97;14.0;1.94;0.37;6.59
70.61;0.02;8.9;8.71;3.59;0.29;7.88
46.91;0.04;9.59;21.26;7.67;0.22;14.31
51.17;0.03;10.9;16.92;8.85;0.21;11.92
51.82;0.03;9.19;17.61;6.2;0.21;14.93
53.34;0.07;7.7;25.54;2.85;1.07;9.43
49.03;0.06;8.94;30.63;2.34;1.14;7.87
22.9;0.16;13.33;6.56;8.58;0.55;47.92
12.87;0.16;16.28;13.6;5.96;7.51;43.62
21.61;0.41;9.49;37.46;14.79;1.1;15.15
10.72;0.47;5.8;52.07;8.43;1.42;21.08
8.58;0.06;20.62;11.53;5.16;9.28;44.77
17.72;0.04;15.26;10.16;3.65;7.02;46.15
2.48;0.08;20.38;4.0;59.41;1.38;12.28
9.37;0.05;28.16;14.7;7.36;21.37;19.0
44.69;0.6;28.07;7.75;12.44;1.98;4.48
68.37;1.89;13.52;4.84;8.29;1.0;2.1
13.88;2.17;9.25;48.06;11.71;2.32;12.61
6.26;1.39;5.95;64.46;8.13;1.45;12.36
44.02;0.42;8.18;37.31;6.61;0.82;2.64
29.83;0.87;13.83;35.68;13.37;0.48;5.95
5.49;0.29;4.23;64.2;8.92;0.6;16.29
8.05;0.32;5.8;61.08;12.11;0.29;12.35
31.31;33.92;6.67;19.17;5.12;2.21;1.61
27.02;33.78;6.24;22.68;6.08;2.71;1.49
31.27;32.94;4.48;21.86;5.84;2.09;1.53
42.06;23.67;8.51;14.85;7.34;1.67;1.9
40.34;13.03;11.04;22.49;8.63;2.37;2.11
10.17;1.89;4.28;64.86;9.63;0.3;8.88
36.45;6.87;10.21;30.22;12.23;0.71;3.31
40.31;21.34;7.41;19.55;7.79;1.7;1.91
38.69;26.6;7.5;17.5;6.75;1.49;1.47
48.49;16.01;11.17;11.94;9.2;1.16;2.04
41.94;29.39;8.39;9.64;7.37;1.48;1.79
47.06;21.23;8.41;11.22;8.75;1.46;1.89
40.75;23.15;7.5;15.73;9.04;1.76;2.08
34.61;28.8;7.68;16.44;9.64;1.21;1.63
46.09;23.24;5.02;16.51;6.67;0.58;1.89
12.86;0.1;21.71;13.11;8.08;15.72;28.41
5.81;1.47;17.54;34.55;4.8;16.72;19.09
12.41;0.22;55.07;9.48;8.3;3.59;10.93
12.16;0.03;20.36;10.15;6.99;27.9;22.4
11.47;0.02;19.62;10.43;7.87;24.57;26.02
13.35;0.02;16.2;11.31;7.47;26.98;24.67
10.43;0.01;16.62;8.92;6.72;26.44;30.86
8.69;0.0;14.43;4.8;2.52;8.86;60.69
7.64;0.01;14.36;7.88;5.82;30.48;33.81
10.97;0.03;18.61;12.39;4.6;5.02;48.39
8.91;0.0;13.39;4.49;2.12;7.72;63.37
8.32;0.0;13.04;4.15;2.12;7.69;64.68
9.09;0.0;13.78;5.43;2.26;7.9;61.54
6.9;0.02;16.05;9.2;6.22;30.09;31.52
7.11;0.01;15.97;9.27;5.62;29.67;32.35
7.1;0.02;16.54;8.79;6.57;26.89;34.09
6.54;0.02;16.85;9.27;5.95;31.37;29.99
10.16;0.24;16.21;19.22;4.1;13.15;36.91
20.31;0.05;5.59;2.75;52.51;0.02;18.77
9.66;0.02;23.86;11.84;3.96;8.14;42.51
6.54;0.01;17.09;8.25;6.15;30.72;31.23
9.76;0.03;19.65;11.69;5.07;9.33;44.47
6.46;0.02;14.91;9.21;5.14;38.26;26.0
6.97;0.01;15.52;8.73;4.99;33.47;30.31
10.43;0.03;18.66;11.5;4.79;6.75;47.85
12.68;0.03;18.59;12.33;4.94;5.62;45.8
12.41;0.18;47.15;20.53;7.37;4.1;8.24
14.03;0.02;19.08;12.17;4.07;7.0;43.62
12.16;0.02;21.47;12.86;4.16;6.51;42.82
14.3;0.02;21.07;12.57;4.61;6.28;41.14
12.71;0.15;43.47;10.5;15.11;1.77;16.29
11.05;0.27;46.51;7.79;17.49;3.13;13.77
9.07;0.26;49.51;10.16;16.09;2.26;12.65
10.93;0.25;42.48;10.5;16.8;3.28;15.77
6.69;0.01;17.61;6.9;5.3;29.03;34.46
6.14;0.01;18.34;5.7;5.74;27.06;37.01
6.72;0.36;51.56;9.31;13.9;3.13;15.01
8.79;0.03;19.65;10.21;5.71;7.3;48.31
8.22;0.03;17.84;11.39;4.54;7.61;50.37
4.29;0.21;24.39;21.0;7.05;11.0;32.07
9.06;0.02;18.21;10.95;4.31;6.58;50.87
5.21;0.05;21.57;21.19;6.15;5.49;40.34
21.72;0.03;16.92;12.25;4.47;6.98;37.63
12.45;0.1;14.64;19.47;7.62;30.61;15.11
11.32;0.05;12.33;10.8;5.98;37.05;22.48
12.97;0.08;15.96;14.5;8.78;27.37;20.35
11.5;0.03;16.49;8.52;4.86;6.04;52.55
10.0;0.03;18.87;13.14;4.92;5.75;47.29
13.99;0.14;17.8;15.83;9.5;19.11;23.62
8.89;0.05;10.4;11.06;6.95;35.48;27.18
9.5;0.02;16.56;13.25;4.29;5.4;50.98
3.67;0.46;30.61;12.78;11.09;11.06;30.33
9.62;0.03;16.39;11.27;6.89;33.29;22.49
14.53;0.08;14.64;12.51;7.28;26.66;24.29
3.52;0.32;20.84;21.95;9.74;6.48;37.14
13.57;0.05;18.66;12.81;5.76;6.46;42.68
4.26;0.25;22.89;20.73;6.89;14.77;30.21
12.86;0.28;29.72;21.73;20.53;13.35;1.53
19.96;0.53;26.08;13.17;28.32;10.44;1.49
7.31;0.02;19.44;16.87;3.4;9.06;43.9
11.58;0.05;19.11;13.64;4.6;10.17;40.87
11.63;0.05;19.51;15.23;4.78;8.62;40.19
11.13;0.06;21.8;17.42;4.85;7.19;37.56
15.66;0.64;45.43;7.0;22.01;7.28;1.98
3.72;0.27;4.47;75.88;5.55;0.54;9.56
13.88;0.05;19.84;15.88;5.09;6.55;38.7
10.65;0.04;21.29;14.33;4.46;7.03;42.2
3.74;0.23;7.83;66.21;9.91;0.62;11.46
12.4;0.03;20.34;13.21;4.01;5.79;44.23
11.81;0.03;19.73;16.29;4.32;7.33;40.49
11.58;0.05;24.51;17.9;4.65;6.77;34.53
14.01;0.05;21.38;16.19;5.23;6.97;36.18
15.54;0.05;21.13;15.87;4.83;6.19;36.38
15.06;0.04;23.99;14.87;5.73;4.93;35.37
15.19;0.05;17.04;11.6;4.39;8.34;43.39
6.82;2.16;29.8;13.17;16.93;10.6;20.51
17.14;0.03;5.76;10.35;32.46;3.45;30.8
11.4;0.58;4.81;56.26;23.65;1.94;1.36
13.41;0.05;26.63;15.55;6.25;6.71;31.38
9.76;0.03;20.35;12.34;4.31;6.46;46.75
8.57;0.04;12.69;29.84;7.37;24.57;16.93
6.27;0.03;16.14;23.3;9.73;24.83;19.68
6.3;0.14;13.26;27.06;11.95;21.43;19.86
21.29;1.28;42.66;22.81;7.45;3.21;1.29
56.59;3.23;25.96;4.28;6.92;2.09;0.93
11.7;0.04;19.38;10.46;4.7;7.95;45.77
9.35;0.01;13.79;7.84;2.95;7.26;58.79
8.94;0.02;10.48;5.88;4.92;39.22;30.54
9.2;0.03;13.32;7.28;7.44;29.23;33.49
11.76;0.01;16.17;8.96;2.48;6.71;53.91
6.44;0.02;12.0;7.72;5.43;38.88;29.52
17.96;0.17;12.09;27.48;34.97;1.6;5.73
8.56;0.01;14.97;9.26;3.83;6.6;56.77
65.59;0.18;1.83;16.85;8.72;0.02;6.8
10.0;0.0;13.08;5.39;2.97;6.26;62.31
9.09;0.0;11.9;5.38;2.48;5.92;65.21
71.3;0.11;1.63;11.79;8.61;0.03;6.54
10.76;0.02;16.07;9.12;4.67;5.79;53.57
10.72;0.02;14.43;10.46;4.56;5.46;54.35
6.21;0.01;10.18;6.15;2.57;6.41;68.48
60.06;0.36;1.24;21.1;7.47;0.02;9.74
63.96;0.24;2.0;17.56;5.95;0.07;10.22
5.41;0.02;8.55;39.68;9.59;0.73;36.01
11.96;0.01;16.15;8.84;3.14;7.47;52.43
10.41;0.02;16.25;8.22;4.13;6.91;54.06
7.96;0.0;10.18;7.12;2.2;10.41;62.13
10.42;0.02;14.97;9.18;3.52;6.53;55.37
10.17;0.02;15.74;9.79;3.89;6.12;54.28
9.99;0.01;15.42;7.49;3.5;7.43;56.15
9.79;0.0;13.48;7.75;2.3;8.9;57.79
30.53;0.37;5.38;35.59;14.59;0.61;12.95
10.36;0.01;15.59;8.88;3.33;7.41;54.4
8.92;0.01;11.31;9.03;2.98;10.31;57.46
7.87;0.0;11.56;7.22;2.12;9.93;61.29
11.18;0.0;13.84;6.01;1.98;6.93;60.06
9.26;0.01;11.48;7.1;2.98;9.5;59.68
11.95;0.0;14.63;6.34;2.1;7.18;57.8
8.52;0.01;11.17;7.81;2.89;9.84;59.76
8.17;0.0;10.17;5.93;2.5;6.39;66.84
11.38;0.03;18.3;10.44;4.1;8.28;47.48
9.33;0.05;16.61;13.41;3.78;11.1;45.71
17.11;0.02;14.16;11.72;3.9;8.19;44.88
34.96;0.9;10.88;1.06;29.95;6.78;15.48
26.15;0.98;9.76;5.56;20.49;7.6;29.47
19.75;0.98;6.94;6.83;16.63;8.31;40.56
14.59;0.03;15.81;9.25;2.75;9.53;48.04
22.33;0.66;12.41;4.79;22.05;6.06;31.7
13.37;0.03;15.1;8.48;3.01;10.25;49.75
4.58;0.15;13.9;25.71;5.16;27.3;23.2
18.05;0.03;15.8;14.26;4.44;6.87;40.56
17.75;0.03;16.94;14.22;4.65;6.81;39.6
18.92;0.02;17.02;14.73;4.47;5.73;39.1
4.71;0.23;9.9;25.29;5.18;30.45;24.24
8.72;0.02;19.52;15.2;2.76;10.4;43.38
8.95;0.05;19.02;13.34;6.1;6.35;46.19
56.94;0.26;4.33;12.63;13.93;0.19;11.72
56.2;0.14;1.46;20.48;7.13;0.04;14.54
49.86;0.17;4.66;17.94;16.67;0.16;10.54
5.42;0.05;12.37;17.01;4.75;13.0;47.42
6.88;0.05;13.25;15.84;4.86;13.54;45.57
4.99;0.04;11.42;17.3;4.23;18.46;43.56
5.64;0.03;11.36;16.11;4.2;18.28;44.37
5.2;0.03;10.56;13.21;3.56;21.53;45.9
11.16;0.3;23.51;30.45;5.73;4.2;24.65
6.69;0.44;15.6;51.66;3.96;4.36;17.29
4.77;0.3;13.69;59.86;3.66;2.77;14.94
4.97;0.02;12.63;16.45;4.36;9.82;51.75
10.94;1.85;19.2;15.72;17.41;6.43;28.44
12.84;0.01;9.14;29.45;15.28;0.94;32.34
12.38;0.01;4.24;46.14;7.38;3.74;26.11
12.76;0.01;8.93;28.44;10.35;5.06;34.45
14.55;0.02;2.11;52.26;8.07;1.85;21.15
9.96;0.0;11.91;5.23;2.32;6.89;63.7
20.67;0.04;0.73;49.34;7.12;3.01;19.1
7.81;0.01;0.94;71.82;3.91;1.49;14.03
14.77;0.03;1.45;60.86;3.77;5.06;14.05
17.59;0.26;11.19;33.1;20.27;1.41;16.19
19.71;0.09;4.99;12.67;5.65;2.38;54.51
18.24;0.03;8.2;24.01;8.8;1.49;39.22
18.29;0.04;10.7;14.43;12.14;2.18;42.22
13.83;0.0;14.59;9.24;22.77;1.04;38.53
7.7;0.1;16.58;19.95;15.17;9.75;30.75
12.81;0.0;13.72;6.55;2.39;6.32;58.21
8.46;0.29;3.43;66.54;12.22;0.32;8.74
13.11;0.01;15.13;8.36;2.96;6.74;53.69
6.23;0.15;4.35;67.87;12.08;0.42;8.89
7.92;0.05;6.56;42.14;3.69;6.42;33.2
7.49;0.07;20.45;13.71;4.85;6.82;46.61
11.3;0.01;15.31;8.2;2.98;5.59;56.61
11.9;0.01;12.27;6.53;3.05;6.97;59.26
11.93;0.01;13.97;8.28;2.97;7.4;55.44
11.03;0.01;14.73;8.86;2.92;8.39;54.05
5.02;0.24;3.39;68.58;10.79;0.33;11.66
11.41;0.01;13.62;7.01;2.81;7.96;57.17
4.93;0.11;4.72;67.96;11.72;0.32;10.25
9.9;0.01;14.49;9.0;2.96;6.82;56.81
10.34;0.01;12.92;9.94;2.47;8.78;55.55
9.97;0.01;14.03;8.59;2.84;8.4;56.16
9.07;0.01;12.99;7.72;2.81;9.06;58.35
10.12;0.01;13.78;7.43;2.93;7.93;57.79
7.35;0.01;13.1;14.77;7.43;7.0;50.34
10.96;0.01;12.23;17.49;5.53;7.47;46.31
11.58;0.02;10.44;15.22;5.66;8.91;48.17
8.91;0.07;21.04;10.41;5.5;6.72;47.35
9.58;0.05;18.52;11.41;5.03;5.97;49.45
11.31;0.28;3.47;62.4;13.81;0.2;8.52
52.11;0.64;3.05;25.12;10.7;0.13;8.25
8.89;0.05;17.56;10.92;5.0;6.65;50.94
8.12;0.03;18.3;11.98;4.37;6.18;51.02
40.32;0.11;4.87;29.11;11.39;0.16;14.04
9.96;0.03;19.16;9.49;4.73;9.79;46.84
13.73;0.05;17.96;9.63;4.35;8.42;45.85
10.0;0.05;18.68;12.32;4.42;8.48;46.05
13.03;0.07;19.01;11.26;6.15;7.8;42.67
8.76;0.05;18.37;12.46;5.03;8.85;46.48
9.87;0.03;18.6;11.36;4.52;6.44;49.17
11.44;0.06;15.57;28.55;2.87;10.12;31.39
9.22;0.02;9.01;20.03;5.3;8.5;47.92
11.81;0.01;9.05;15.51;4.53;7.1;52.0
