angry;disgust;scared;happy;sad;surprised;neutral
2.3;1.31;4.15;0.66;16.43;0.05;75.09
7.22;0.56;11.54;0.76;21.69;0.11;58.12
5.27;0.83;9.16;1.05;24.48;0.2;59.01
4.17;0.3;5.77;0.79;15.02;0.2;73.76
2.16;0.08;2.86;0.48;11.77;0.11;82.53
2.32;0.35;4.05;0.84;13.42;0.12;78.91
3.05;0.48;4.46;0.73;13.02;0.08;78.18
2.76;0.47;2.66;0.52;16.3;0.04;77.27
3.84;0.88;5.31;0.85;20.39;0.14;68.58
3.19;0.33;3.39;0.32;15.35;0.05;77.38
2.57;1.27;3.39;0.29;10.91;0.03;81.54
2.36;0.66;3.71;0.43;12.78;0.07;79.99
4.2;1.27;5.43;0.49;15.37;0.1;73.14
2.23;0.52;3.29;0.32;8.94;0.03;84.68
3.23;0.55;4.53;0.48;16.25;0.14;74.81
2.49;0.53;2.53;0.28;12.75;0.02;81.38
5.1;0.24;6.17;0.46;15.6;0.23;72.2
5.02;1.09;3.8;0.39;17.13;0.06;72.51
2.88;2.85;6.13;0.23;24.58;0.05;63.27
2.91;2.32;5.77;0.5;28.22;0.11;60.16
2.96;1.12;6.2;0.45;24.52;0.15;64.6
4.35;1.0;7.74;0.3;19.15;0.23;67.22
4.11;0.51;10.62;0.26;21.09;0.11;63.29
2.85;0.79;3.8;0.09;15.68;0.04;76.77
3.14;0.32;4.01;0.33;14.94;0.05;77.21
4.45;0.34;3.33;0.17;16.16;0.07;75.48
6.96;0.43;9.93;0.19;24.27;0.15;58.07
2.24;0.15;2.51;0.12;12.2;0.02;82.76
3.36;0.42;3.84;0.19;17.92;0.03;74.24
1.79;0.05;2.85;0.15;9.86;0.01;85.28
2.66;0.11;2.89;0.18;11.38;0.03;82.76
4.28;0.54;3.86;0.33;14.69;0.04;76.27
3.2;0.23;1.38;0.14;8.83;0.03;86.2
2.08;0.11;1.5;0.11;11.17;0.03;84.99
3.02;0.16;1.68;0.12;10.29;0.02;84.71
2.74;0.23;1.73;0.18;12.36;0.04;82.7
1.54;0.05;2.51;0.2;12.13;0.02;83.56
2.2;0.1;2.25;0.14;12.46;0.04;82.82
1.55;0.04;1.9;0.23;10.09;0.05;86.14
2.54;0.03;3.04;0.23;11.79;0.09;82.29
2.28;0.05;2.5;0.2;10.02;0.02;84.92
1.61;0.04;1.99;0.06;12.32;0.02;83.96
0.77;0.02;1.74;0.12;7.98;0.02;89.35
1.14;0.04;2.14;0.12;9.38;0.02;87.16
1.46;0.06;2.46;0.13;12.34;0.02;83.53
2.15;0.04;2.55;0.14;11.5;0.03;83.59
1.7;0.08;2.26;0.17;12.07;0.03;83.69
2.19;0.13;2.93;0.22;13.98;0.03;80.53
1.95;0.11;3.03;0.24;14.52;0.04;80.11
5.43;0.26;2.58;0.15;15.91;0.03;75.63
3.74;0.25;3.16;0.3;13.14;0.04;79.38
3.18;0.06;2.47;0.16;14.35;0.05;79.73
3.54;0.15;3.09;0.21;13.41;0.03;79.57
1.75;0.11;2.35;0.19;8.66;0.05;86.89
0.93;0.06;1.08;0.1;6.97;0.03;90.84
0.85;0.61;1.51;0.17;9.41;0.03;87.43
0.82;0.25;1.58;0.08;11.08;0.02;86.17
0.94;0.25;2.62;0.1;9.68;0.03;86.39
1.13;0.17;2.44;0.13;8.34;0.04;87.75
1.91;0.21;2.56;0.17;8.37;0.02;86.76
1.96;0.11;3.76;0.11;14.24;0.02;79.81
1.75;0.07;2.63;0.07;11.61;0.02;83.85
2.18;0.07;3.4;0.18;14.71;0.04;79.42
1.39;0.06;2.43;0.16;11.11;0.02;84.83
1.44;0.07;2.71;0.15;13.41;0.02;82.21
2.79;0.12;2.96;0.18;16.8;0.03;77.12
1.45;0.06;3.06;0.11;15.54;0.04;79.73
5.19;0.27;3.23;0.12;15.76;0.05;75.38
3.58;0.14;3.49;0.12;17.68;0.08;74.92
2.32;0.04;2.58;0.17;14.82;0.07;80.0
1.57;0.1;2.73;0.23;13.48;0.03;81.85
4.4;0.12;2.86;0.11;13.72;0.06;78.73
3.48;0.05;3.05;0.1;14.52;0.07;78.72
2.46;0.24;1.77;0.11;13.22;0.02;82.19
3.42;0.16;1.97;0.12;16.68;0.05;77.6
3.24;0.13;3.56;0.14;15.71;0.1;77.11
2.29;0.04;2.07;0.16;11.69;0.11;83.64
2.19;0.06;3.17;0.11;16.23;0.03;78.21
1.6;0.07;2.33;0.14;14.53;0.05;81.29
2.01;0.21;2.52;0.19;15.49;0.03;79.55
1.73;0.48;2.27;0.08;13.22;0.03;82.19
2.1;0.16;2.61;0.09;12.39;0.09;82.57
1.29;0.23;4.17;0.07;12.06;0.04;82.13
2.7;0.21;5.57;0.09;21.1;0.03;70.29
2.05;0.09;2.85;0.13;11.86;0.02;83.01
2.26;0.2;1.92;0.12;14.34;0.02;81.15
1.71;0.11;2.36;0.18;12.2;0.02;83.42
3.05;0.14;2.31;0.09;15.38;0.03;79.01
2.52;0.22;2.81;0.16;16.14;0.04;78.12
3.1;0.3;2.85;0.12;17.68;0.03;75.92
4.28;0.06;1.7;0.11;13.4;0.05;80.4
3.74;0.11;2.63;0.16;12.28;0.11;80.97
8.08;0.11;4.72;0.1;18.3;0.1;68.58
3.72;0.12;2.8;0.09;16.05;0.04;77.18
4.78;0.13;3.52;0.1;14.94;0.05;76.48
2.9;0.15;2.13;0.17;13.07;0.05;81.52
2.13;0.08;2.45;0.2;12.87;0.06;82.21
4.27;0.15;2.16;0.1;13.35;0.08;79.89
7.23;0.2;4.53;0.15;17.11;0.12;70.66
7.04;0.24;3.36;0.12;16.81;0.06;72.37
5.34;0.09;5.87;0.11;19.8;0.12;68.67
7.56;0.15;3.24;0.11;17.44;0.09;71.42
6.76;0.23;2.87;0.1;18.72;0.09;71.22
5.28;0.1;3.98;0.13;18.4;0.09;72.03
2.85;0.1;3.12;0.17;13.56;0.03;80.18
1.77;0.22;2.91;0.45;12.59;0.04;82.02
3.68;0.15;2.8;0.32;15.77;0.08;77.18
1.75;0.09;1.88;0.61;10.86;0.08;84.73
2.18;0.18;2.22;0.39;12.92;0.07;82.04
2.08;0.12;2.1;0.16;16.61;0.03;78.9
1.38;0.06;2.38;0.29;11.69;0.04;84.16
3.58;0.11;2.71;0.19;16.71;0.04;76.67
3.39;0.09;2.29;0.12;16.0;0.04;78.07
2.28;0.05;3.03;0.2;15.16;0.04;79.23
1.2;0.1;2.9;0.61;11.94;0.04;83.21
2.6;0.07;2.37;0.22;15.34;0.04;79.36
2.9;0.1;2.61;0.26;14.94;0.04;79.15
1.8;0.05;2.87;0.21;14.14;0.02;80.9
1.15;0.09;1.61;0.14;10.12;0.02;86.87
1.7;0.17;2.0;0.09;11.66;0.03;84.35
1.16;0.42;1.69;0.09;13.23;0.02;83.39
0.86;0.46;0.98;0.14;10.55;0.03;86.98
1.0;0.38;1.9;0.16;9.96;0.04;86.55
1.36;0.41;3.37;0.2;12.54;0.04;82.06
1.19;0.13;2.0;0.08;11.27;0.03;85.31
1.11;0.1;2.03;0.32;10.43;0.02;85.99
1.21;0.17;2.05;0.2;11.3;0.02;85.05
1.54;0.18;3.89;0.13;16.81;0.02;77.44
2.93;0.27;5.18;0.26;17.68;0.05;73.64
1.26;0.16;2.22;0.19;10.64;0.03;85.51
2.2;0.33;2.34;0.16;12.91;0.04;82.03
2.85;0.35;3.0;0.16;16.31;0.03;77.31
2.95;0.21;4.4;0.2;16.97;0.04;75.24
2.05;0.22;5.34;0.31;15.33;0.07;76.68
4.64;0.34;3.41;0.13;23.88;0.05;67.56
2.09;0.16;2.02;0.12;11.28;0.03;84.3
2.93;0.31;1.66;0.15;12.52;0.03;82.4
3.82;0.25;2.19;0.14;14.24;0.02;79.33
3.02;0.29;3.45;0.14;15.71;0.04;77.35
2.67;0.13;2.19;0.13;11.67;0.02;83.18
4.77;0.46;2.19;0.15;16.68;0.06;75.69
1.98;0.18;1.95;0.17;11.75;0.03;83.94
2.42;0.27;2.68;0.19;10.86;0.02;83.57
2.74;0.14;2.4;0.18;11.19;0.03;83.32
3.56;0.26;2.29;0.2;13.7;0.04;79.94
1.7;0.11;1.96;0.17;11.48;0.04;84.54
4.1;0.1;3.78;0.21;16.65;0.03;75.12
4.97;0.19;3.55;0.2;16.84;0.07;74.18
6.13;0.13;2.94;0.27;14.63;0.06;75.85
3.71;0.09;2.95;0.15;16.4;0.04;76.66
3.65;0.13;2.88;0.18;12.95;0.05;80.16
2.2;0.05;2.04;0.15;10.64;0.06;84.86
3.06;0.12;3.58;0.12;19.56;0.02;73.54
2.42;0.1;2.72;0.17;19.79;0.04;74.75
3.39;0.11;2.23;0.13;13.51;0.05;80.59
4.11;0.11;3.07;0.15;12.68;0.05;79.84
2.29;0.05;1.6;0.12;10.14;0.03;85.76
4.2;0.13;2.48;0.1;15.49;0.04;77.57
2.37;0.06;3.13;0.16;16.66;0.06;77.55
2.01;0.15;1.56;0.11;12.82;0.04;83.3
3.23;0.15;2.15;0.14;13.41;0.03;80.89
2.11;0.08;3.1;0.17;14.44;0.07;80.04
2.84;0.11;2.49;0.13;16.93;0.05;77.44
2.27;0.15;2.07;0.11;15.78;0.03;79.59
2.57;0.06;2.47;0.12;14.56;0.05;80.15
2.55;0.11;2.71;0.2;15.53;0.02;78.88
1.88;0.06;2.9;0.14;15.11;0.03;79.87
1.71;0.12;1.89;0.14;10.8;0.04;85.29
1.35;0.35;1.97;0.12;12.45;0.02;83.73
1.73;0.4;2.58;0.18;10.41;0.05;84.66
1.01;0.18;2.35;0.13;10.48;0.12;85.72
1.29;0.07;2.2;0.2;11.52;0.04;84.68
1.43;0.03;2.19;0.17;10.28;0.05;85.85
1.11;0.03;2.01;0.19;10.13;0.07;86.46
2.41;0.06;2.87;0.13;14.35;0.07;80.11
2.56;0.06;2.65;0.22;15.94;0.05;78.52
1.77;0.04;2.39;0.15;11.88;0.07;83.7
1.36;0.04;2.57;0.24;10.95;0.08;84.77
2.03;0.17;1.57;0.19;13.72;0.06;82.28
1.55;0.09;2.22;0.25;14.16;0.04;81.69
1.44;0.04;1.83;0.13;9.51;0.03;87.02
1.32;0.05;1.62;0.14;10.43;0.06;86.39
2.06;0.09;3.06;0.22;14.61;0.07;79.9
1.65;0.07;3.23;0.13;16.77;0.03;78.12
1.57;0.12;3.26;0.25;11.8;0.02;82.99
1.22;0.04;2.32;0.23;10.89;0.05;85.26
1.67;0.08;2.58;0.15;14.72;0.03;80.78
2.19;0.09;3.83;0.17;14.15;0.05;79.52
2.76;0.19;4.47;0.17;15.45;0.02;76.94
2.53;0.21;1.81;0.18;14.08;0.04;81.15
2.32;0.05;2.51;0.1;12.35;0.04;82.62
3.4;0.24;3.08;0.14;13.54;0.04;79.56
3.36;0.94;3.02;0.12;17.46;0.04;75.05
1.5;0.29;2.57;0.08;12.05;0.03;83.47
0.97;0.2;2.35;0.12;10.26;0.03;86.08
2.87;0.39;5.29;0.14;18.49;0.05;72.77
3.44;0.18;4.8;0.12;20.71;0.04;70.72
2.33;0.17;3.27;0.23;14.96;0.07;78.96
2.56;0.11;3.11;0.19;15.33;0.05;78.65
1.91;0.11;3.72;0.28;12.08;0.02;81.87
1.59;0.08;2.32;0.22;9.48;0.03;86.29
3.05;0.19;2.54;0.2;10.15;0.05;83.82
1.54;0.04;2.38;0.09;14.92;0.01;81.03
2.7;0.2;2.19;0.13;12.53;0.04;82.21
2.99;0.15;2.24;0.08;12.66;0.04;81.85
2.62;0.12;3.58;0.15;12.38;0.02;81.12
4.22;0.27;2.49;0.08;17.1;0.03;75.8
2.88;0.28;1.79;0.16;13.57;0.04;81.28
3.95;0.3;2.17;0.14;14.49;0.03;78.91
1.9;0.12;2.18;0.14;12.55;0.02;83.09
4.51;0.13;3.62;0.1;16.2;0.09;75.36
3.69;0.09;3.16;0.16;14.02;0.08;78.8
2.48;0.14;4.02;0.18;17.0;0.06;76.12
3.67;0.16;2.53;0.1;14.56;0.03;78.95
1.95;0.09;2.53;0.13;12.68;0.06;82.56
1.58;0.05;1.73;0.14;10.91;0.04;85.55
1.43;0.04;2.04;0.07;12.22;0.02;84.18
1.89;0.1;3.19;0.16;13.72;0.03;80.92
2.09;0.08;1.8;0.08;13.19;0.02;82.74
1.93;0.08;2.22;0.12;11.25;0.05;84.35
1.74;0.1;2.38;0.13;14.46;0.07;81.13
2.58;0.21;1.51;0.1;13.74;0.02;81.83
1.74;0.08;1.78;0.15;9.96;0.03;86.27
1.35;0.06;3.16;0.15;14.19;0.04;81.05
1.46;0.05;1.67;0.13;11.15;0.03;85.51
2.58;0.08;2.77;0.18;17.27;0.11;77.01
1.66;0.04;1.92;0.14;12.17;0.02;84.06
1.63;0.07;1.2;0.15;9.17;0.02;87.77
1.09;0.03;1.52;0.13;11.04;0.01;86.18
1.65;0.09;1.21;0.08;11.85;0.01;85.12
1.37;0.12;1.58;0.12;11.54;0.02;85.24
1.0;0.03;1.7;0.13;13.11;0.01;84.01
0.87;0.04;1.3;0.1;10.28;0.02;87.38
1.28;0.03;1.47;0.15;10.81;0.02;86.25
0.68;0.02;1.27;0.11;9.15;0.01;88.76
1.18;0.04;1.81;0.1;10.43;0.01;86.44
0.64;0.01;1.38;0.06;9.83;0.02;88.06
1.43;0.04;2.53;0.08;13.09;0.01;82.82
2.15;0.16;1.46;0.09;11.62;0.02;84.51
1.8;0.07;1.72;0.12;9.99;0.01;86.28
1.54;0.08;1.84;0.15;12.02;0.02;84.36
0.89;0.06;1.11;0.08;8.13;0.02;89.72
1.23;0.05;2.71;0.1;14.51;0.03;81.36
0.99;0.03;1.71;0.06;12.56;0.02;84.64
1.49;0.06;1.49;0.1;8.64;0.01;88.2
1.62;0.09;4.33;0.15;15.67;0.02;78.13
2.62;0.13;2.66;0.1;13.43;0.01;81.04
2.09;0.09;4.12;0.1;18.81;0.02;74.77
2.56;0.12;2.66;0.1;17.03;0.04;77.48
1.4;0.1;1.39;0.12;10.59;0.02;86.39
1.55;0.18;2.78;0.09;18.14;0.01;77.26
1.28;0.08;1.76;0.1;12.34;0.02;84.42
4.06;0.16;1.98;0.07;14.06;0.04;79.65
4.26;0.15;2.73;0.07;20.13;0.04;72.63
3.75;0.05;3.94;0.09;15.17;0.05;76.94
3.35;0.21;1.98;0.07;13.69;0.05;80.66
2.7;0.15;1.85;0.1;15.1;0.03;80.07
1.81;0.04;2.7;0.07;15.27;0.03;80.09
3.44;0.14;1.83;0.05;12.85;0.03;81.65
3.51;0.12;2.89;0.06;16.06;0.06;77.29
2.0;0.11;2.33;0.18;12.96;0.03;82.4
2.81;0.15;1.5;0.07;11.36;0.03;84.08
2.71;0.15;1.9;0.07;12.32;0.03;82.82
2.44;0.42;1.57;0.07;10.77;0.04;84.68
2.22;0.24;2.83;0.08;15.16;0.2;79.27
1.87;0.1;3.03;0.05;13.27;0.09;81.6
3.81;0.79;2.43;0.1;17.36;0.08;75.44
3.54;0.19;3.33;0.09;16.96;0.06;75.83
4.67;0.12;4.08;0.11;16.96;0.13;73.93
6.31;0.21;4.95;0.13;21.0;0.18;67.21
10.66;0.35;5.54;0.11;24.59;0.1;58.65
6.13;0.26;3.57;0.1;20.48;0.06;69.4
4.39;0.14;4.67;0.13;18.69;0.22;71.76
6.12;0.47;3.53;0.1;17.85;0.07;71.87
6.22;0.18;4.02;0.15;16.33;0.12;72.98
5.44;0.16;2.92;0.09;17.94;0.05;73.4
6.1;0.11;4.15;0.12;15.55;0.1;73.87
2.24;0.15;1.88;0.07;12.34;0.02;83.3
2.22;0.08;2.47;0.1;12.32;0.08;82.73
3.96;0.19;2.8;0.09;15.06;0.03;77.87
2.91;0.17;3.21;0.15;15.35;0.04;78.17
3.53;0.33;2.29;0.1;13.7;0.03;80.02
3.95;0.23;1.83;0.13;14.17;0.04;79.64
7.37;0.17;4.99;0.17;21.54;0.17;65.58
2.6;0.11;2.43;0.12;13.35;0.05;81.33
3.86;0.13;3.07;0.1;16.2;0.09;76.57
3.8;0.23;1.95;0.1;12.52;0.05;81.35
3.96;0.11;2.11;0.11;15.22;0.04;78.47
5.36;0.1;4.02;0.13;20.62;0.07;69.69
7.73;0.27;5.39;0.16;21.65;0.25;64.54
2.8;0.18;2.47;0.1;11.75;0.08;82.63
4.58;0.28;3.94;0.19;17.22;0.17;73.62
5.49;0.13;3.62;0.17;18.04;0.18;72.37
2.52;0.1;2.39;0.15;14.43;0.06;80.36
1.85;0.08;1.96;0.13;10.76;0.05;85.16
2.06;0.15;1.88;0.12;13.14;0.04;82.61
3.11;0.13;3.26;0.14;15.08;0.12;78.16
2.79;0.15;2.34;0.09;14.45;0.03;80.15
2.51;0.09;3.24;0.13;14.56;0.07;79.41
3.86;0.18;4.03;0.15;18.74;0.21;72.83
4.63;0.08;4.02;0.16;16.78;0.09;74.24
3.05;0.2;2.25;0.18;13.64;0.04;80.63
3.41;0.15;2.9;0.12;15.22;0.04;78.15
1.7;0.07;1.82;0.15;10.11;0.04;86.12
2.13;0.07;2.07;0.1;11.59;0.05;84.0
3.97;0.13;3.07;0.25;16.08;0.12;76.38
1.64;0.08;1.63;0.1;10.88;0.03;85.65
2.48;0.08;2.39;0.12;12.17;0.08;82.69
1.97;0.08;2.3;0.11;12.16;0.09;83.3
2.96;0.16;2.2;0.16;17.67;0.06;76.78
2.91;0.13;2.21;0.11;15.59;0.04;79.02
1.72;0.06;2.29;0.1;13.76;0.02;82.05
2.88;0.22;2.78;0.09;18.48;0.03;75.53
3.2;0.14;2.95;0.18;16.36;0.05;77.12
2.5;0.15;3.31;0.13;16.18;0.1;77.63
2.92;0.17;2.41;0.12;11.45;0.04;82.89
3.84;0.1;3.66;0.13;15.71;0.1;76.46
2.52;0.09;3.23;0.15;14.43;0.08;79.5
2.65;0.07;2.81;0.12;15.34;0.04;78.96
3.06;0.13;3.2;0.15;14.94;0.07;78.45
3.81;0.09;3.09;0.15;17.48;0.06;75.31
3.91;0.22;3.2;0.16;15.4;0.05;77.06
4.03;0.12;2.86;0.21;14.74;0.14;77.89
3.83;0.13;1.89;0.05;12.79;0.03;81.28
3.48;0.48;1.92;0.09;12.77;0.03;81.23
2.91;0.21;4.12;0.13;15.39;0.03;77.21
2.62;0.12;1.55;0.12;10.73;0.03;84.83
1.42;0.09;3.18;0.14;14.32;0.02;80.83
1.61;0.16;2.85;0.13;12.14;0.02;83.09
5.74;0.18;1.81;0.07;15.52;0.05;76.63
2.32;0.13;2.69;0.1;12.21;0.02;82.53
2.65;0.12;3.43;0.07;14.32;0.02;79.4
3.7;0.18;3.3;0.08;16.34;0.02;76.39
3.74;0.15;4.4;0.09;17.39;0.02;74.21
5.32;0.29;2.48;0.09;18.69;0.04;73.08
3.79;0.05;2.79;0.14;12.35;0.05;80.82
2.93;0.07;4.17;0.13;15.24;0.04;77.42
9.61;0.25;5.65;0.09;26.01;0.08;58.3
8.41;0.21;5.83;0.07;24.33;0.07;61.07
4.65;0.17;4.35;0.08;21.05;0.05;69.65
2.78;0.13;3.47;0.15;14.41;0.03;79.02
4.56;0.1;2.87;0.08;16.2;0.06;76.12
4.63;0.08;4.22;0.09;16.67;0.04;74.27
4.17;0.08;3.73;0.1;17.54;0.08;74.3
3.47;0.07;3.41;0.1;16.69;0.04;76.23
1.87;0.08;2.62;0.14;12.63;0.02;82.63
5.77;0.24;3.17;0.11;18.43;0.04;72.23
3.99;0.13;2.46;0.11;16.46;0.04;76.81
2.19;0.08;3.19;0.15;16.09;0.05;78.25
2.75;0.07;2.42;0.11;15.19;0.05;79.42
3.79;0.13;2.11;0.12;16.78;0.05;77.03
4.78;0.18;2.02;0.09;15.3;0.03;77.6
5.8;0.09;2.69;0.08;16.3;0.04;75.0
5.42;0.1;3.39;0.09;17.53;0.08;73.39
8.44;0.12;4.29;0.07;20.31;0.07;66.7
2.43;0.12;2.85;0.08;14.48;0.02;80.03
2.21;0.07;2.79;0.1;13.75;0.02;81.06
7.49;0.23;3.69;0.09;19.28;0.05;69.16
4.22;0.08;3.81;0.09;15.29;0.05;76.47
5.61;0.11;4.48;0.08;17.79;0.04;71.89
3.14;0.06;3.6;0.09;12.76;0.03;80.31
1.25;0.04;2.6;0.41;9.07;0.05;86.58
1.38;0.43;1.93;0.26;6.98;0.03;89.01
2.6;0.25;4.26;0.11;13.06;0.08;79.64
2.4;0.22;3.65;0.09;14.13;0.07;79.44
3.19;0.21;4.17;0.12;11.21;0.06;81.04
4.19;0.99;4.83;0.25;15.19;0.06;74.5
2.06;0.35;4.19;0.19;9.94;0.03;83.26
2.2;0.19;4.3;0.11;9.78;0.03;83.39
2.78;0.1;3.69;0.09;13.29;0.04;80.0
2.02;0.06;2.91;0.08;10.55;0.02;84.36
4.5;0.14;2.38;0.07;12.77;0.05;80.09
1.76;0.13;1.38;0.1;10.47;0.03;86.12
6.58;0.21;5.72;0.19;28.31;0.19;58.81
5.86;0.08;3.48;0.1;14.46;0.08;75.93
5.56;0.12;3.54;0.14;15.81;0.08;74.74
7.94;0.32;2.92;0.15;19.4;0.06;69.22
3.67;0.04;2.55;0.06;13.56;0.05;80.08
3.99;0.13;2.14;0.1;13.06;0.04;80.54
3.29;0.1;2.73;0.14;11.34;0.05;82.36
2.85;0.11;2.8;0.14;13.56;0.04;80.5
2.41;0.21;1.9;0.1;11.18;0.03;84.19
2.08;0.18;1.97;0.11;11.74;0.04;83.88
1.53;0.3;2.36;0.07;14.91;0.03;80.81
2.12;0.45;5.48;0.1;17.87;0.05;73.94
2.77;0.16;2.44;0.06;12.3;0.06;82.21
3.17;0.3;3.21;0.07;13.84;0.05;79.37
1.91;0.16;3.13;0.1;12.93;0.03;81.73
2.29;0.09;1.93;0.1;10.39;0.02;85.18
3.12;0.15;1.61;0.1;14.52;0.03;80.46
1.49;0.11;1.35;0.11;11.84;0.03;85.06
1.0;0.05;1.36;0.12;9.06;0.02;88.4
2.2;0.08;2.58;0.13;13.03;0.02;81.95
2.67;0.15;2.47;0.19;16.75;0.05;77.71
2.3;0.11;1.51;0.15;13.31;0.04;82.59
1.23;0.07;2.29;0.11;9.7;0.02;86.6
2.46;0.12;1.87;0.11;10.74;0.03;84.68
2.41;0.15;1.54;0.08;10.9;0.04;84.87
1.75;0.14;1.51;0.08;11.81;0.03;84.68
2.34;0.1;1.87;0.11;11.05;0.03;84.51
3.14;0.19;1.9;0.09;15.16;0.03;79.48
2.19;0.09;1.61;0.08;14.05;0.06;81.92
3.01;0.11;2.27;0.1;15.95;0.04;78.52
1.9;0.12;2.45;0.08;13.39;0.03;82.02
1.46;0.07;1.88;0.12;11.06;0.07;85.34
2.42;0.06;2.45;0.14;12.61;0.07;82.25
2.93;0.16;2.2;0.11;14.67;0.05;79.89
1.26;0.03;1.49;0.11;8.68;0.07;88.37
1.4;0.07;1.92;0.12;9.8;0.04;86.65
2.85;0.13;2.06;0.09;14.42;0.03;80.43
1.72;0.05;2.29;0.1;14.13;0.03;81.68
2.31;0.07;1.54;0.12;13.5;0.03;82.43
1.72;0.06;1.4;0.07;8.27;0.03;88.44
1.26;0.07;1.5;0.07;10.89;0.04;86.17
1.99;0.07;1.69;0.11;8.37;0.05;87.72
1.73;0.12;1.45;0.12;11.4;0.03;85.15
2.55;0.23;1.48;0.09;12.05;0.03;83.58
1.98;0.09;1.6;0.1;8.51;0.02;87.71
3.67;0.32;3.1;0.08;15.29;0.06;77.48
1.81;0.08;2.42;0.09;10.54;0.03;85.04
2.26;0.24;2.45;0.09;11.1;0.02;83.83
2.38;0.17;3.04;0.11;9.92;0.02;84.36
1.57;0.07;1.54;0.12;6.74;0.01;89.94
0.92;0.05;1.79;0.1;8.16;0.02;88.96
2.04;0.11;3.91;0.07;16.7;0.03;77.13
1.35;0.08;2.7;0.07;10.43;0.01;85.35
2.28;0.12;2.82;0.08;13.04;0.02;81.64
3.55;0.17;4.44;0.13;16.61;0.06;75.04
3.23;0.25;1.73;0.08;12.94;0.02;81.75
0.79;0.02;1.32;0.06;7.62;0.01;90.18
2.19;0.18;2.61;0.1;11.97;0.02;82.93
2.34;0.1;2.49;0.09;12.12;0.02;82.83
2.02;0.06;3.1;0.1;10.58;0.02;84.12
1.88;0.14;2.64;0.15;13.22;0.02;81.95
4.47;0.36;2.04;0.17;15.4;0.04;77.53
3.14;0.12;3.35;0.13;15.64;0.02;77.59
1.47;0.07;4.05;0.12;13.01;0.02;81.25
2.64;0.09;2.54;0.1;13.1;0.03;81.5
2.68;0.19;1.69;0.1;12.38;0.03;82.93
1.62;0.09;1.95;0.07;12.99;0.03;83.25
1.57;0.06;3.34;0.13;13.95;0.02;80.92
2.02;0.11;3.52;0.14;15.89;0.02;78.3
1.81;0.05;3.19;0.08;13.84;0.02;81.01
1.83;0.11;3.81;0.1;16.63;0.03;77.48
3.27;0.08;3.88;0.07;12.17;0.02;80.51
1.96;0.04;2.45;0.06;14.06;0.02;81.4
2.05;0.1;3.51;0.25;17.5;0.03;76.57
2.78;0.13;4.19;0.12;14.21;0.03;78.53
4.38;0.14;5.67;0.17;15.99;0.05;73.6
2.87;0.18;3.14;0.13;12.5;0.02;81.16
3.77;0.09;2.12;0.07;17.25;0.04;76.66
3.38;0.07;4.25;0.12;16.18;0.03;75.96
6.11;0.08;4.14;0.08;16.28;0.05;73.27
2.74;0.1;4.24;0.14;13.38;0.03;79.38
2.88;0.09;2.79;0.08;12.59;0.03;81.54
4.13;0.06;5.97;0.08;16.73;0.04;73.0
2.61;0.08;2.84;0.07;12.43;0.02;81.94
5.81;0.15;1.63;0.11;12.62;0.05;79.64
6.17;0.19;3.0;0.08;18.28;0.04;72.24
5.3;0.08;4.13;0.1;20.43;0.05;69.92
2.54;0.12;3.43;0.12;13.5;0.03;80.26
8.63;0.21;2.98;0.1;18.2;0.07;69.81
6.45;0.13;2.4;0.07;14.53;0.05;76.36
5.45;0.5;4.39;0.08;18.78;0.08;70.72
1.99;0.24;5.45;0.07;17.05;0.03;75.18
3.36;0.17;2.39;0.07;12.73;0.08;81.2
7.78;0.64;6.28;0.07;22.93;0.14;62.16
2.09;0.21;3.39;0.1;13.76;0.03;80.42
2.82;0.11;1.9;0.07;13.05;0.04;82.01
6.53;0.18;2.17;0.08;16.81;0.02;74.19
5.89;0.17;2.75;0.1;15.32;0.05;75.71
2.31;0.08;2.23;0.09;12.61;0.03;82.65
4.5;0.1;3.2;0.14;15.17;0.05;76.85
8.27;0.09;5.15;0.11;18.27;0.08;68.04
2.65;0.14;2.14;0.16;11.11;0.03;83.76
8.31;0.14;5.16;0.12;22.36;0.13;63.78
2.76;0.1;2.01;0.11;9.0;0.05;85.98
3.72;0.1;4.48;0.12;16.84;0.22;74.53
4.14;0.1;2.35;0.06;17.65;0.03;75.66
8.23;0.2;5.91;0.1;18.78;0.08;66.7
5.05;0.14;3.41;0.14;17.71;0.07;73.48
3.63;0.19;3.13;0.1;15.76;0.1;77.09
3.59;0.26;2.51;0.06;14.27;0.05;79.27
1.29;0.05;3.37;0.07;11.78;0.02;83.42
2.17;0.11;3.55;0.08;13.97;0.03;80.09
1.67;0.07;2.92;0.07;12.05;0.02;83.2
1.91;0.07;3.05;0.09;9.96;0.02;84.89
2.19;0.06;3.11;0.1;11.54;0.02;82.97
1.51;0.06;2.01;0.09;9.8;0.02;86.51
2.1;0.16;1.71;0.09;11.98;0.02;83.95
1.29;0.1;2.11;0.11;7.52;0.02;88.85
1.16;0.05;1.99;0.07;6.7;0.02;90.0
1.75;0.09;2.24;0.06;11.04;0.01;84.81
2.92;0.11;1.55;0.05;12.62;0.03;82.72
2.33;0.09;3.05;0.09;11.58;0.03;82.85
2.0;0.05;2.43;0.07;8.18;0.03;87.23
2.32;0.12;2.43;0.09;13.39;0.01;81.63
5.4;0.16;5.05;0.1;20.87;0.04;68.38
6.82;0.14;3.44;0.08;19.33;0.06;70.14
4.45;0.15;3.04;0.09;15.99;0.04;76.24
5.24;0.23;2.43;0.09;14.44;0.06;77.5
4.65;0.25;2.64;0.09;13.9;0.03;78.43
2.76;0.1;2.52;0.07;12.54;0.05;81.97
4.83;0.12;1.94;0.05;13.36;0.03;79.66
2.53;0.12;2.01;0.12;11.11;0.02;84.09
6.16;0.22;2.11;0.1;15.47;0.04;75.9
5.91;0.13;1.99;0.06;15.79;0.04;76.08
2.88;0.14;3.04;0.12;12.37;0.08;81.36
4.04;0.14;3.29;0.13;13.16;0.08;79.15
2.71;0.09;2.36;0.09;10.4;0.05;84.3
3.04;0.11;3.74;0.1;16.83;0.04;76.12
3.82;0.17;4.17;0.12;15.32;0.09;76.3
2.33;0.38;2.63;0.12;10.34;0.09;84.11
1.0;1.68;1.38;0.07;9.44;0.02;86.41
3.65;1.73;2.22;0.09;16.59;0.05;75.67
2.01;0.72;1.76;0.09;14.17;0.04;81.23
2.39;0.99;3.55;0.07;14.8;0.03;78.17
2.95;0.42;3.73;0.07;16.89;0.04;75.9
1.35;0.23;2.38;0.15;10.9;0.02;84.97
1.68;0.39;2.32;0.08;9.48;0.02;86.03
1.8;0.2;2.64;0.12;9.15;0.02;86.07
1.34;0.15;2.78;0.11;7.51;0.03;88.1
1.75;0.24;3.28;0.12;9.72;0.02;84.88
1.59;0.18;3.21;0.14;13.24;0.04;81.59
2.71;0.16;2.39;0.1;10.1;0.04;84.5
1.43;0.18;2.13;0.14;10.37;0.02;85.73
1.51;0.14;2.5;0.1;10.65;0.02;85.08
1.42;0.12;2.28;0.2;7.06;0.03;88.9
2.39;0.23;3.22;0.19;9.36;0.04;84.56
3.45;0.31;2.5;0.16;14.94;0.04;78.6
3.28;0.61;5.81;0.14;13.9;0.04;76.22
2.03;0.34;3.43;0.15;10.48;0.05;83.52
1.77;0.23;2.99;0.09;14.5;0.02;80.4
5.21;0.14;3.33;0.17;16.03;0.05;75.06
2.71;0.28;3.79;0.14;12.68;0.06;80.33
7.02;0.24;4.61;0.13;18.1;0.1;69.8
6.74;0.22;4.69;0.14;18.46;0.06;69.68
4.75;0.19;3.86;0.17;20.19;0.06;70.77
6.37;0.31;3.67;0.16;16.79;0.05;72.64
3.33;0.33;1.86;0.12;13.28;0.03;81.06
4.5;0.07;5.18;0.23;19.98;0.13;69.91
3.69;0.79;3.98;0.16;13.24;0.02;78.12
2.9;0.18;1.7;0.1;12.15;0.02;82.94
2.62;0.22;1.72;0.17;13.55;0.02;81.7
4.42;0.25;5.61;0.07;17.68;0.04;71.92
2.09;0.09;2.06;0.08;13.84;0.05;81.78
3.02;0.21;1.79;0.12;13.72;0.03;81.11
3.1;0.23;1.92;0.15;13.54;0.03;81.03
3.91;0.42;2.29;0.12;14.51;0.03;78.71
3.14;0.21;1.67;0.12;13.23;0.02;81.61
3.27;0.75;1.44;0.11;14.17;0.02;80.25
2.35;1.49;2.54;0.05;14.61;0.03;78.93
2.41;0.82;3.63;0.16;13.58;0.06;79.34
5.62;1.42;7.0;0.13;22.36;0.09;63.38
2.15;0.34;1.69;0.11;11.95;0.05;83.71
5.64;0.64;3.74;0.16;21.31;0.05;68.47
3.45;0.36;3.71;0.13;17.51;0.07;74.78
3.22;0.68;2.35;0.14;19.27;0.04;74.3
3.19;0.4;3.74;0.14;17.66;0.03;74.84
2.84;0.08;2.05;0.16;14.27;0.04;80.56
4.79;0.18;3.77;0.1;15.83;0.04;75.29
2.7;0.19;1.57;0.1;10.9;0.03;84.51
3.81;0.47;3.12;0.11;13.35;0.04;79.08
2.28;0.15;2.04;0.11;8.79;0.04;86.58
1.65;0.13;2.14;0.15;12.13;0.03;83.76
2.08;0.12;1.97;0.16;13.24;0.03;82.39
3.09;0.56;2.82;0.07;14.53;0.04;78.9
2.2;0.19;1.58;0.11;13.31;0.03;82.58
2.04;0.2;1.48;0.09;13.83;0.02;82.34
2.36;0.32;3.13;0.05;12.77;0.04;81.33
2.1;0.22;1.17;0.06;14.62;0.02;81.8
2.35;0.3;2.53;0.05;13.4;0.05;81.32
1.45;0.14;1.89;0.07;11.37;0.04;85.03
3.98;0.48;2.43;0.14;19.77;0.05;73.15
2.2;0.19;2.63;0.08;12.61;0.04;82.26
2.17;0.08;1.32;0.08;11.05;0.02;85.28
2.03;0.07;2.75;0.19;13.44;0.06;81.46
3.0;0.3;1.85;0.04;13.12;0.02;81.66
3.43;0.27;3.0;0.08;17.88;0.07;75.28
3.99;0.28;2.32;0.06;14.53;0.03;78.79
3.02;0.07;3.07;0.12;14.04;0.05;79.63
2.63;0.21;2.42;0.09;16.74;0.03;77.87
1.88;0.12;1.76;0.06;11.93;0.03;84.22
2.28;0.16;2.41;0.07;15.66;0.05;79.37
2.44;0.21;3.46;0.09;17.09;0.04;76.66
1.71;0.07;2.42;0.04;11.35;0.03;84.37
2.07;0.08;3.46;0.1;13.54;0.05;80.7
2.45;0.1;2.88;0.12;15.35;0.03;79.06
1.98;0.06;2.57;0.1;13.09;0.06;82.14
2.07;0.1;1.54;0.11;11.62;0.04;84.52
2.5;0.08;2.94;0.07;15.24;0.06;79.12
1.91;0.12;1.81;0.1;14.03;0.03;82.0
1.34;0.15;2.2;0.07;13.67;0.02;82.55
1.53;0.05;1.91;0.05;10.76;0.03;85.66
2.59;0.24;3.68;0.08;14.28;0.05;79.09
1.24;0.07;2.06;0.06;11.29;0.05;85.23
2.21;0.26;1.82;0.09;12.46;0.04;83.12
2.25;0.19;2.13;0.14;12.2;0.02;83.07
4.0;0.19;2.84;0.1;16.46;0.06;76.35
2.35;0.2;2.08;0.09;12.51;0.02;82.75
2.72;0.18;2.23;0.11;11.79;0.04;82.93
2.07;0.15;2.49;0.12;11.7;0.04;83.44
1.18;0.14;1.16;0.08;9.55;0.01;87.88
3.72;0.29;1.9;0.06;13.37;0.02;80.64
3.91;0.18;2.85;0.1;13.11;0.05;79.81
5.11;0.1;3.83;0.12;13.99;0.08;76.76
2.95;0.17;2.95;0.08;17.67;0.03;76.14
4.03;0.17;2.33;0.08;16.23;0.02;77.15
1.97;0.14;2.27;0.1;13.85;0.02;81.65
3.41;0.16;3.06;0.11;13.58;0.04;79.65
3.4;0.22;4.23;0.14;16.09;0.09;75.84
3.84;0.1;3.51;0.09;13.57;0.1;78.79
2.28;0.15;2.97;0.14;13.42;0.05;80.99
2.28;0.14;1.84;0.07;11.43;0.02;84.21
2.12;0.09;2.09;0.17;9.85;0.03;85.65
3.06;0.14;1.86;0.06;11.54;0.02;83.31
2.36;0.14;2.84;0.1;11.07;0.06;83.43
1.78;0.09;2.51;0.07;11.51;0.02;84.02
1.8;0.11;1.34;0.08;10.62;0.03;86.01
2.61;0.12;2.31;0.11;12.92;0.03;81.91
3.25;0.16;2.5;0.05;14.12;0.02;79.9
3.69;0.24;2.37;0.09;14.93;0.04;78.65
1.96;0.19;1.42;0.08;12.24;0.03;84.09
4.5;0.26;2.99;0.07;17.71;0.03;74.43
2.36;0.13;1.82;0.09;10.7;0.02;84.88
2.3;0.05;2.47;0.09;9.81;0.03;85.25
2.6;0.07;3.18;0.06;12.56;0.01;81.5
3.06;0.14;1.62;0.06;10.63;0.02;84.47
2.76;0.18;2.09;0.06;10.29;0.02;84.59
3.11;0.2;2.28;0.07;13.04;0.03;81.26
2.65;0.18;2.69;0.13;12.03;0.03;82.29
3.35;0.22;3.97;0.1;14.51;0.03;77.81
2.1;0.08;2.82;0.08;11.76;0.03;83.13
3.31;0.32;3.67;0.07;16.99;0.02;75.62
4.18;0.26;3.09;0.09;15.07;0.03;77.28
3.93;0.21;5.82;0.1;18.12;0.03;71.79
1.59;0.08;1.8;0.11;11.09;0.05;85.28
1.73;0.07;3.1;0.08;12.78;0.04;82.19
1.41;0.07;4.89;0.16;15.27;0.08;78.14
1.7;0.1;3.47;0.22;14.82;0.16;79.53
1.06;0.06;2.6;0.15;10.72;0.1;85.31
1.03;0.07;1.69;0.18;10.38;0.1;86.56
2.57;0.1;2.41;0.11;13.26;0.05;81.5
2.52;0.12;2.69;0.1;13.89;0.04;80.63
1.58;0.11;1.73;0.11;10.69;0.06;85.72
1.65;0.25;1.34;0.25;13.08;0.04;83.38
1.55;0.06;1.43;0.1;8.86;0.04;87.97
2.27;0.21;2.03;0.13;16.03;0.04;79.28
2.84;0.09;4.14;0.14;20.12;0.03;72.64
2.22;0.11;2.13;0.14;16.73;0.06;78.6
1.58;0.08;3.31;0.13;19.31;0.04;75.54
2.93;0.11;3.58;0.13;15.7;0.06;77.49
1.27;0.11;2.97;0.1;15.89;0.07;79.59
1.9;0.17;2.18;0.13;13.68;0.03;81.91
1.73;0.12;3.14;0.17;10.57;0.02;84.25
1.61;0.09;1.41;0.17;8.06;0.03;88.62
1.05;0.05;1.71;0.19;9.3;0.04;87.65
2.1;0.09;2.24;0.46;11.84;0.03;83.24
1.59;0.09;1.5;0.27;10.08;0.04;86.42
2.39;0.1;3.11;0.17;13.29;0.05;80.9
1.3;0.03;2.17;0.1;9.73;0.05;86.62
2.56;0.1;2.95;0.14;11.24;0.05;82.97
2.37;0.06;3.66;0.18;13.07;0.05;80.62
3.36;0.08;4.26;0.13;17.95;0.07;74.15
2.11;0.07;3.25;0.18;11.87;0.05;82.46
2.62;0.09;3.17;0.18;14.78;0.06;79.1
2.1;0.16;3.01;0.18;18.33;0.1;76.12
1.91;0.11;2.29;0.19;15.28;0.1;80.12
1.28;0.11;3.06;0.16;14.84;0.05;80.51
1.26;0.09;1.92;0.16;11.65;0.08;84.84
1.4;0.06;2.0;0.28;12.13;0.1;84.03
1.33;0.11;2.24;0.12;14.76;0.08;81.37
1.3;0.06;2.59;0.23;13.44;0.11;82.26
1.85;0.25;2.54;0.1;13.83;0.07;81.35
1.53;0.1;2.05;0.23;14.22;0.08;81.8
1.91;0.23;2.23;0.19;12.13;0.08;83.24
1.61;0.2;2.37;0.33;14.06;0.08;81.36
1.49;0.29;2.36;0.24;15.27;0.06;80.28
1.87;0.17;2.53;0.19;13.2;0.04;82.0
2.34;0.15;2.23;0.25;12.11;0.04;82.88
1.66;0.06;2.54;0.13;11.19;0.02;84.41
1.1;0.05;1.36;0.08;7.07;0.02;90.33
1.03;0.04;1.41;0.13;9.49;0.06;87.84
1.0;0.07;1.75;0.09;13.27;0.06;83.77
1.59;0.07;2.31;0.18;14.19;0.06;81.6
2.66;0.06;2.82;0.11;10.48;0.03;83.83
2.08;0.09;1.24;0.11;8.13;0.01;88.34
1.82;0.11;2.14;0.23;9.67;0.06;85.98
2.0;0.04;3.65;0.24;12.71;0.07;81.3
1.22;0.07;3.04;0.15;10.92;0.06;84.54
1.73;0.1;2.59;0.33;14.78;0.05;80.42
1.08;0.07;1.95;0.27;13.01;0.04;83.58
1.8;0.04;3.29;0.17;12.15;0.08;82.46
1.81;0.06;3.34;0.21;13.67;0.07;80.84
1.5;0.07;1.76;0.24;9.88;0.06;86.5
2.39;0.04;2.2;0.21;11.53;0.08;83.56
3.74;0.22;3.31;0.15;16.34;0.04;76.2
1.83;0.14;2.32;0.18;13.48;0.04;82.01
2.3;0.15;1.63;0.17;9.15;0.02;86.58
3.43;0.2;2.48;0.17;14.3;0.05;79.38
1.93;0.11;1.83;0.11;9.28;0.03;86.72
1.52;0.1;1.86;0.07;11.32;0.01;85.12
1.52;0.1;1.76;0.16;9.24;0.01;87.21
1.52;0.13;1.19;0.13;8.26;0.02;88.75
1.18;0.1;1.27;0.18;10.05;0.03;87.18
1.32;0.08;1.35;0.26;9.49;0.08;87.42
1.81;0.09;1.89;0.27;13.12;0.08;82.75
1.45;0.04;1.81;0.11;10.0;0.05;86.54
2.37;0.17;3.75;0.26;14.62;0.04;78.79
2.35;0.11;2.22;0.21;10.33;0.08;84.71
1.76;0.11;3.38;0.23;17.81;0.04;76.66
1.65;0.28;3.17;0.14;14.49;0.06;80.21
2.02;0.23;2.66;0.23;13.82;0.04;81.0
1.63;0.06;3.19;0.13;9.95;0.06;84.97
1.49;0.15;2.4;0.27;14.53;0.09;81.07
1.94;0.35;3.03;0.16;14.58;0.04;79.9
1.29;0.07;2.38;0.2;12.5;0.06;83.5
0.86;0.06;1.84;0.12;12.33;0.05;84.74
2.96;0.27;2.15;0.35;14.52;0.05;79.7
0.91;0.04;2.69;0.19;7.9;0.13;88.14
0.67;0.03;1.43;0.1;10.84;0.03;86.9
1.67;0.05;2.91;0.14;13.23;0.03;81.97
2.25;0.12;2.39;0.25;9.43;0.06;85.5
1.58;0.07;2.66;0.12;8.74;0.07;86.78
1.53;0.09;2.17;0.13;11.06;0.05;84.97
1.99;0.13;1.71;0.25;10.43;0.02;85.47
1.74;0.17;2.08;0.35;14.42;0.11;81.13
0.91;0.07;1.19;0.22;9.39;0.02;88.21
1.18;0.06;1.77;0.16;10.91;0.03;85.9
1.76;0.1;2.11;0.17;11.18;0.02;84.65
0.97;0.04;1.19;0.1;7.2;0.01;90.5
4.13;0.68;2.55;0.16;17.6;0.09;74.78
3.51;0.45;2.09;0.08;15.33;0.05;78.5
2.98;0.61;2.94;0.13;16.86;0.03;76.45
1.32;0.17;2.53;0.14;11.02;0.03;84.78
2.16;0.19;3.74;0.08;16.66;0.02;77.15
2.46;0.19;3.11;0.16;10.37;0.02;83.68
2.09;0.15;2.63;0.09;10.81;0.01;84.22
1.21;0.07;1.85;0.09;10.19;0.01;86.58
1.07;0.14;2.02;0.09;10.72;0.03;85.92
1.1;0.05;1.31;0.12;9.24;0.03;88.14
0.69;0.03;1.48;0.14;7.85;0.02;89.79
1.12;0.05;2.02;0.11;7.83;0.05;88.82
2.22;0.15;2.23;0.26;10.73;0.03;84.37
0.89;0.03;1.42;0.07;10.25;0.02;87.32
1.13;0.06;1.9;0.07;8.55;0.04;88.26
0.73;0.05;1.25;0.12;7.03;0.02;90.79
1.52;0.06;2.59;0.14;9.76;0.04;85.88
2.37;0.06;2.35;0.11;12.86;0.04;82.2
1.1;0.06;1.82;0.11;9.21;0.04;87.66
1.7;0.21;1.73;0.1;15.34;0.03;80.9
2.09;0.1;1.45;0.11;11.25;0.04;84.96
1.77;0.04;2.05;0.06;11.65;0.02;84.41
1.41;0.04;2.72;0.13;10.71;0.05;84.93
2.61;0.11;2.52;0.11;14.66;0.03;79.95
2.51;0.07;1.99;0.11;12.35;0.04;82.92
3.28;0.1;1.82;0.1;14.58;0.03;80.09
2.61;0.07;2.7;0.1;14.1;0.07;80.36
2.5;0.16;1.78;0.09;12.72;0.09;82.66
1.83;0.1;1.36;0.08;11.75;0.04;84.84
2.56;0.28;1.61;0.09;15.47;0.04;79.96
1.65;0.09;1.62;0.1;13.05;0.06;83.42
1.78;0.15;2.03;0.14;14.02;0.07;81.8
1.03;0.05;2.13;0.1;11.52;0.03;85.13
1.08;0.05;1.98;0.08;10.59;0.04;86.18
2.57;0.1;2.15;0.18;13.39;0.07;81.54
2.19;0.05;2.7;0.09;10.53;0.04;84.41
1.97;0.09;1.99;0.08;14.05;0.04;81.77
1.97;0.1;3.53;0.15;19.71;0.05;74.49
1.77;0.11;2.17;0.08;13.45;0.05;82.37
1.61;0.13;1.88;0.16;12.67;0.06;83.5
1.06;0.07;1.67;0.09;9.33;0.03;87.76
1.52;0.16;1.73;0.08;7.11;0.01;89.4
0.76;0.38;1.79;0.1;6.62;0.02;90.32
1.72;0.18;2.52;0.07;11.75;0.05;83.72
0.47;0.11;2.04;0.08;6.53;0.03;90.73
0.9;0.07;2.37;0.05;5.79;0.02;90.81
1.4;0.11;2.7;0.07;6.84;0.05;88.82
0.73;0.05;1.77;0.05;8.25;0.03;89.12
0.86;0.02;1.95;0.11;8.23;0.05;88.78
3.13;0.21;2.46;0.12;14.85;0.04;79.18
2.55;0.06;3.64;0.08;12.64;0.09;80.95
1.88;0.08;2.14;0.08;9.34;0.03;86.45
2.42;0.06;2.59;0.09;12.51;0.02;82.31
2.56;0.08;2.66;0.14;13.42;0.02;81.11
1.49;0.06;2.25;0.1;14.04;0.02;82.05
1.55;0.03;2.08;0.1;11.15;0.03;85.06
2.06;0.06;1.56;0.08;8.72;0.01;87.51
1.73;0.1;1.9;0.1;12.52;0.03;83.63
4.52;0.05;3.96;0.09;20.54;0.04;70.79
3.37;0.05;3.25;0.11;15.95;0.06;77.21
1.51;0.08;1.88;0.1;13.65;0.04;82.74
7.06;0.1;5.62;0.18;24.04;0.19;62.81
1.9;0.1;1.88;0.12;13.71;0.03;82.27
4.93;0.07;3.57;0.17;17.08;0.18;74.0
1.37;0.05;1.84;0.09;10.17;0.04;86.45
1.61;0.08;1.4;0.11;12.8;0.02;83.98
2.18;0.04;2.43;0.08;14.09;0.04;81.14
3.59;0.11;2.37;0.08;14.17;0.04;79.64
2.84;0.11;2.91;0.07;12.02;0.04;82.01
4.01;0.11;4.06;0.08;18.48;0.09;73.17
3.24;0.14;3.07;0.07;16.06;0.05;77.37
4.07;0.05;2.56;0.07;15.62;0.06;77.57
3.65;0.07;3.53;0.1;16.28;0.09;76.28
2.79;0.04;2.29;0.06;16.19;0.04;78.59
4.53;0.07;2.87;0.05;15.52;0.06;76.9
3.98;0.06;3.64;0.07;16.83;0.09;75.34
2.61;0.09;2.2;0.11;13.38;0.04;81.58
2.57;0.1;2.02;0.07;14.88;0.02;80.34
2.62;0.1;1.88;0.06;15.41;0.03;79.9
1.87;0.04;2.66;0.12;14.0;0.02;81.29
3.35;0.09;3.66;0.11;14.35;0.03;78.41
2.32;0.07;1.62;0.08;12.54;0.02;83.35
2.9;0.07;3.11;0.11;13.22;0.03;80.56
4.17;0.08;4.04;0.08;15.79;0.03;75.82
2.36;0.06;1.74;0.07;11.36;0.03;84.38
6.73;0.08;2.64;0.07;18.22;0.05;72.21
2.37;0.08;1.72;0.06;13.58;0.02;82.16
3.4;0.06;3.08;0.06;17.32;0.05;76.04
2.18;0.06;1.65;0.07;11.54;0.03;84.46
1.51;0.1;2.01;0.09;12.36;0.03;83.9
3.26;0.05;2.7;0.09;14.05;0.09;79.77
1.98;0.06;1.51;0.08;9.88;0.03;86.46
4.15;0.05;3.53;0.12;15.32;0.21;76.63
3.38;0.05;2.99;0.09;14.99;0.11;78.4
4.67;0.06;4.14;0.1;16.01;0.13;74.89
3.98;0.05;3.25;0.13;15.61;0.14;76.84
2.28;0.07;1.48;0.09;10.85;0.02;85.21
2.61;0.05;2.8;0.1;12.56;0.09;81.78
2.94;0.14;2.2;0.04;14.49;0.03;80.15
0.92;0.09;1.72;0.07;8.46;0.03;88.7
2.69;0.21;3.22;0.09;15.3;0.06;78.43
3.18;0.15;2.6;0.05;15.06;0.03;78.93
3.33;0.09;3.45;0.09;17.48;0.04;75.51
1.64;0.08;2.43;0.07;11.45;0.03;84.29
3.77;0.08;4.5;0.11;17.72;0.14;73.67
3.06;0.21;2.59;0.09;15.1;0.05;78.89
3.43;0.07;5.25;0.31;19.13;0.26;71.56
1.78;0.12;2.21;0.2;13.74;0.03;81.92
2.24;0.09;2.67;0.48;16.01;0.15;78.36
1.06;0.07;1.78;0.49;10.85;0.04;85.72
1.63;0.08;1.77;0.44;11.64;0.07;84.37
1.04;0.06;1.16;0.37;9.72;0.02;87.63
0.77;0.09;1.03;0.22;10.31;0.02;87.55
1.77;0.1;1.54;0.25;12.56;0.02;83.76
4.98;0.2;2.94;0.29;17.32;0.06;74.2
4.87;0.18;2.87;0.2;19.38;0.04;72.44
2.9;0.16;2.72;0.07;17.47;0.04;76.65
3.46;0.56;2.19;0.22;18.32;0.07;75.17
3.36;0.26;3.77;0.18;19.6;0.04;72.79
3.46;0.28;2.43;0.18;15.64;0.05;77.97
1.63;0.16;2.07;0.12;11.06;0.04;84.91
4.2;0.38;3.09;0.14;16.88;0.03;75.27
2.6;0.15;2.8;0.13;14.9;0.02;79.4
2.36;0.16;2.02;0.09;12.7;0.02;82.66
1.95;0.07;2.57;0.14;12.82;0.03;82.43
2.49;0.11;3.44;0.13;17.88;0.06;75.89
3.95;0.23;2.0;0.08;14.7;0.02;79.03
3.84;0.15;2.91;0.1;18.18;0.04;74.78
5.7;0.08;4.26;0.28;22.16;0.15;67.36
6.42;0.14;4.69;0.13;21.26;0.07;67.28
5.22;0.1;4.65;0.14;20.64;0.11;69.14
4.42;0.05;4.32;0.15;16.83;0.09;74.15
3.28;0.16;2.76;0.08;15.52;0.03;78.17
6.79;0.11;6.05;0.18;26.03;0.24;60.61
6.47;0.12;2.81;0.11;16.98;0.09;73.41
4.44;0.06;4.49;0.13;19.84;0.12;70.93
2.81;0.11;3.79;0.1;15.4;0.05;77.73
3.43;0.21;2.25;0.07;14.29;0.03;79.71
4.02;0.08;3.81;0.16;19.74;0.11;72.08
3.2;0.18;2.22;0.1;15.64;0.04;78.62
4.28;0.08;3.52;0.17;17.14;0.15;74.66
4.14;0.15;2.83;0.13;16.92;0.07;75.77
2.28;0.09;1.63;0.1;14.36;0.03;81.51
3.66;0.16;2.71;0.09;16.04;0.03;77.31
3.34;0.12;2.12;0.08;14.33;0.03;79.98
3.38;0.05;3.97;0.09;16.07;0.12;76.31
2.18;0.03;2.99;0.08;14.25;0.03;80.44
3.34;0.08;3.99;0.14;17.88;0.17;74.4
4.23;0.26;2.41;0.06;21.0;0.03;72.01
4.63;0.1;3.64;0.15;21.83;0.13;69.53
5.87;0.1;5.04;0.09;21.98;0.1;66.82
5.72;0.11;4.73;0.13;20.79;0.16;68.36
6.52;0.2;3.92;0.13;23.36;0.13;65.75
4.05;0.16;4.2;0.14;20.06;0.17;71.23
5.41;0.11;2.54;0.07;20.7;0.03;71.15
9.02;0.11;3.85;0.12;25.21;0.09;61.6
5.24;0.16;2.54;0.07;18.37;0.04;73.58
4.4;0.13;2.25;0.06;13.89;0.04;79.22
2.33;0.05;2.79;0.1;12.15;0.03;82.55
1.01;0.04;1.96;0.12;11.07;0.03;85.78
3.82;0.16;2.58;0.05;16.83;0.06;76.5
2.83;0.05;1.73;0.05;13.54;0.04;81.77
3.58;0.19;2.95;0.08;18.29;0.04;74.88
1.59;0.06;1.82;0.1;11.8;0.03;84.6
3.9;0.11;2.55;0.1;14.61;0.04;78.68
1.5;0.07;1.24;0.1;9.55;0.01;87.54
2.92;0.2;1.8;0.1;12.87;0.02;82.09
2.34;0.14;1.34;0.09;11.03;0.02;85.05
2.98;0.08;2.9;0.14;14.1;0.13;79.66
1.47;0.03;2.65;0.1;12.2;0.03;83.52
1.69;0.04;3.28;0.13;13.35;0.04;81.47
0.86;0.04;1.62;0.09;9.36;0.01;88.02
3.5;0.06;3.31;0.08;17.41;0.04;75.59
1.25;0.06;1.64;0.07;9.27;0.01;87.7
3.78;0.22;2.43;0.08;16.5;0.06;76.95
3.51;0.14;1.87;0.09;11.87;0.04;82.48
3.46;0.15;1.81;0.08;12.42;0.04;82.04
1.53;0.05;2.85;0.08;11.4;0.02;84.06
5.46;0.09;4.29;0.15;16.89;0.11;73.01
3.69;0.11;4.35;0.07;16.62;0.05;75.11
3.69;0.09;3.41;0.07;15.59;0.05;77.1
4.43;0.11;4.16;0.1;22.35;0.11;68.74
5.12;0.13;3.85;0.2;19.32;0.13;71.25
4.1;0.39;3.22;0.12;22.67;0.09;69.4
3.91;0.07;4.04;0.13;18.47;0.12;73.26
4.31;0.07;3.19;0.09;15.58;0.05;76.72
3.69;0.12;1.85;0.07;14.4;0.05;79.82
2.59;0.06;2.54;0.1;15.3;0.09;79.32
3.68;0.12;3.37;0.14;19.68;0.13;72.88
5.44;0.18;2.41;0.14;20.82;0.05;70.95
4.12;0.16;4.55;0.22;16.65;0.05;74.24
6.34;0.19;3.23;0.1;25.13;0.1;64.91
2.59;0.13;2.31;0.09;13.24;0.02;81.62
2.36;0.09;3.26;0.08;14.02;0.02;80.17
3.48;0.18;2.41;0.09;15.47;0.03;78.34
7.44;0.08;3.32;0.08;17.93;0.07;71.08
2.93;0.08;1.81;0.1;12.94;0.03;82.12
5.21;0.08;6.65;0.09;23.58;0.05;64.33
3.27;0.07;2.7;0.07;16.73;0.04;77.12
3.26;0.37;1.82;0.08;16.64;0.03;77.8
3.53;0.24;2.34;0.11;15.63;0.04;78.11
1.51;0.05;1.6;0.07;9.49;0.02;87.26
1.46;0.06;1.88;0.07;11.67;0.02;84.85
1.39;0.06;1.39;0.08;9.91;0.02;87.15
1.87;0.08;1.86;0.08;11.17;0.04;84.89
1.14;0.04;2.37;0.09;11.62;0.02;84.73
1.47;0.05;1.82;0.08;8.51;0.02;88.05
1.58;0.11;2.01;0.12;10.3;0.03;85.85
2.81;0.15;1.63;0.08;11.93;0.03;83.35
1.7;0.1;2.29;0.08;11.13;0.02;84.69
2.6;0.19;2.58;0.15;12.8;0.02;81.65
1.66;0.03;2.61;0.05;10.11;0.01;85.52
3.93;0.16;2.28;0.07;15.56;0.05;77.95
4.79;0.11;2.71;0.1;15.36;0.06;76.87
3.98;0.09;1.97;0.08;13.5;0.03;80.36
4.02;0.1;2.1;0.08;12.62;0.06;81.01
4.06;0.07;1.96;0.09;12.48;0.06;81.27
4.06;0.06;1.9;0.07;14.02;0.05;79.84
1.36;0.04;2.12;0.09;10.2;0.02;86.18
3.15;0.05;1.7;0.08;12.09;0.03;82.9
4.91;0.11;3.05;0.13;15.02;0.03;76.75
5.06;0.15;1.85;0.09;15.7;0.03;77.12
1.81;0.11;2.36;0.07;12.15;0.02;83.48
1.78;0.11;3.53;0.11;10.58;0.05;83.84
1.65;0.14;2.22;0.07;7.37;0.04;88.51
2.53;0.09;2.93;0.08;10.77;0.15;83.45
3.35;0.15;2.42;0.06;14.25;0.05;79.72
2.93;0.19;1.86;0.08;13.56;0.04;81.35
5.33;0.29;2.22;0.1;17.63;0.03;74.39
3.31;0.31;3.8;0.1;16.17;0.03;76.27
5.04;0.19;3.29;0.09;19.55;0.08;71.77
3.31;0.08;4.34;0.16;15.92;0.11;76.08
5.25;0.1;4.17;0.15;20.83;0.09;69.42
3.68;0.08;3.99;0.17;19.71;0.09;72.28
4.5;0.14;2.26;0.11;17.26;0.04;75.68
3.8;0.07;3.66;0.14;15.48;0.1;76.75
4.83;0.06;4.0;0.14;15.7;0.07;75.22
5.17;0.12;3.62;0.13;22.1;0.11;68.75
3.52;0.1;3.28;0.12;16.77;0.09;76.12
6.1;0.13;5.12;0.15;22.0;0.24;66.25
6.44;0.08;5.11;0.12;21.89;0.13;66.23
3.59;0.05;3.28;0.08;13.65;0.09;79.27
4.18;0.05;4.04;0.07;14.94;0.1;76.61
4.02;0.11;3.81;0.15;17.61;0.16;74.16
3.75;0.06;3.7;0.14;16.33;0.16;75.87
4.34;0.09;4.24;0.12;22.33;0.33;68.55
5.38;0.06;3.91;0.13;15.25;0.14;75.13
5.29;0.07;2.57;0.07;15.14;0.04;76.81
3.97;0.08;3.65;0.12;19.04;0.13;73.01
2.88;0.05;2.91;0.06;11.69;0.08;82.35
2.31;0.09;3.08;0.09;16.77;0.11;77.55
2.79;0.11;1.86;0.09;12.38;0.04;82.74
5.93;0.09;3.92;0.08;22.11;0.08;67.79
4.24;0.09;2.41;0.11;14.66;0.06;78.42
3.03;0.06;2.46;0.08;15.79;0.05;78.55
3.07;0.03;2.17;0.09;10.73;0.07;83.84
3.87;0.07;3.48;0.11;17.95;0.1;74.42
3.57;0.11;1.49;0.09;13.97;0.03;80.74
4.86;0.07;2.98;0.08;19.08;0.06;72.87
3.97;0.07;2.78;0.08;17.05;0.02;76.03
2.44;0.03;2.88;0.06;12.37;0.02;82.18
4.48;0.09;2.23;0.09;14.67;0.06;78.37
3.09;0.11;2.1;0.1;15.54;0.03;79.03
2.01;0.04;2.31;0.1;9.66;0.04;85.85
3.8;0.07;2.35;0.09;12.69;0.11;80.88
2.66;0.08;2.21;0.09;12.56;0.03;82.38
3.89;0.09;2.49;0.1;13.35;0.09;80.0
2.45;0.05;2.38;0.08;13.22;0.09;81.73
3.66;0.09;3.17;0.09;17.51;0.08;75.4
4.65;0.2;2.19;0.1;15.86;0.08;76.93
2.78;0.09;2.89;0.06;16.85;0.04;77.29
2.81;0.03;3.85;0.07;15.55;0.03;77.66
1.5;0.06;2.56;0.09;17.86;0.05;77.88
1.6;0.05;3.52;0.09;12.96;0.02;81.76
1.77;0.02;3.73;0.09;12.63;0.03;81.73
1.34;0.03;1.99;0.05;8.65;0.01;87.92
2.52;0.05;1.68;0.06;10.86;0.04;84.79
2.35;0.03;2.38;0.06;15.07;0.03;80.08
2.35;0.04;2.42;0.07;11.83;0.08;83.22
4.43;0.05;2.74;0.09;13.2;0.08;79.41
5.48;0.14;5.32;0.13;22.47;0.14;66.31
2.33;0.05;1.92;0.08;11.5;0.06;84.05
3.21;0.23;1.87;0.06;12.37;0.04;82.22
1.14;0.06;1.33;0.06;10.39;0.08;86.94
2.08;0.18;2.37;0.09;12.67;0.22;82.39
6.42;0.13;6.02;0.1;23.99;0.17;63.18
7.28;0.47;5.51;0.1;23.95;0.09;62.59
5.36;0.13;2.61;0.08;19.21;0.03;72.57
2.89;0.08;3.27;0.07;15.37;0.03;78.29
5.23;0.13;4.07;0.1;16.45;0.08;73.93
3.84;0.09;3.71;0.13;16.15;0.1;75.98
4.45;0.06;5.14;0.13;21.43;0.13;68.66
3.81;0.05;1.99;0.07;12.11;0.07;81.91
2.82;0.06;2.95;0.08;14.54;0.12;79.43
2.29;0.07;1.92;0.07;11.57;0.03;84.06
4.42;0.06;2.5;0.07;14.25;0.08;78.62
4.45;0.09;3.37;0.09;18.19;0.08;73.73
3.06;0.04;2.75;0.09;11.07;0.07;82.92
3.63;0.07;2.73;0.08;16.11;0.06;77.32
4.84;0.06;2.44;0.08;10.98;0.09;81.51
4.88;0.08;3.75;0.1;19.02;0.06;72.1
3.85;0.11;3.08;0.08;17.83;0.04;75.01
3.05;0.03;2.46;0.1;9.0;0.09;85.27
5.44;0.05;3.2;0.15;14.32;0.14;76.7
3.47;0.08;3.5;0.15;20.7;0.11;71.98
2.83;0.12;2.49;0.15;13.35;0.07;80.98
3.13;0.07;4.4;0.17;16.77;0.17;75.3
5.5;0.11;3.52;0.18;15.77;0.16;74.77
2.16;0.05;2.06;0.12;11.23;0.06;84.32
4.46;0.07;2.14;0.1;14.77;0.05;78.41
4.49;0.06;2.57;0.11;12.45;0.1;80.22
2.96;0.07;2.34;0.11;12.37;0.07;82.07
2.65;0.07;2.99;0.1;16.71;0.07;77.41
4.06;0.08;3.33;0.1;18.18;0.08;74.17
4.68;0.05;3.33;0.09;15.53;0.09;76.23
7.47;0.06;2.6;0.07;13.31;0.08;76.4
4.56;0.04;3.36;0.06;12.26;0.09;79.64
4.42;0.05;2.79;0.1;14.05;0.08;78.5
8.31;0.08;4.76;0.12;22.18;0.16;64.39
3.31;0.12;3.6;0.11;19.83;0.07;72.96
4.03;0.08;2.65;0.11;19.64;0.12;73.37
4.12;0.09;3.22;0.05;17.98;0.05;74.49
3.0;0.08;2.69;0.13;12.32;0.02;81.75
2.7;0.09;1.65;0.07;13.49;0.03;81.98
2.76;0.11;3.17;0.14;13.2;0.03;80.6
2.83;0.12;2.2;0.09;13.15;0.04;81.56
2.38;0.09;2.28;0.11;12.43;0.04;82.67
1.95;0.02;2.99;0.07;11.03;0.03;83.91
2.09;0.15;1.54;0.07;14.11;0.04;82.0
1.76;0.06;2.36;0.09;12.91;0.06;82.75
1.46;0.06;1.8;0.06;11.16;0.06;85.39
1.09;0.03;1.39;0.09;7.59;0.06;89.75
2.27;0.11;1.51;0.07;13.92;0.03;82.09
2.41;0.05;4.25;0.07;11.84;0.1;81.28
2.4;0.12;3.65;0.12;14.36;0.02;79.31
2.58;0.1;3.65;0.15;13.35;0.03;80.12
2.85;0.02;3.94;0.11;12.86;0.07;80.14
1.34;0.04;2.52;0.08;13.24;0.05;82.73
2.37;0.07;3.2;0.12;15.34;0.04;78.85
1.14;0.02;2.52;0.09;11.16;0.05;85.01
1.74;0.06;3.39;0.13;12.43;0.06;82.18
