angry;disgust;scared;happy;sad;surprised;neutral
1.37;0.01;2.79;2.4;10.85;0.06;82.52
0.96;0.01;1.49;2.24;7.55;0.13;87.62
1.53;0.01;3.23;1.97;13.99;0.15;79.12
1.65;0.01;2.41;2.51;11.82;0.18;81.42
1.07;0.01;1.82;3.58;8.04;0.07;85.41
0.92;0.0;1.42;1.92;6.41;0.13;89.2
0.6;0.01;1.53;4.38;5.73;0.08;87.68
1.25;0.01;5.88;3.95;12.27;0.18;76.47
0.56;0.01;1.35;4.07;5.7;0.06;88.25
0.92;0.01;1.44;3.27;8.12;0.12;86.12
8.33;0.0;17.74;5.65;3.92;4.99;59.37
1.09;0.01;2.21;4.44;8.82;0.08;83.36
1.09;0.01;3.13;2.85;10.88;0.1;81.93
0.74;0.01;1.32;6.03;5.45;0.06;86.39
1.74;0.03;6.65;4.93;14.04;0.18;72.44
8.36;0.03;10.93;7.51;8.0;20.16;45.0
1.66;0.01;5.87;6.58;12.61;0.1;73.18
9.56;0.03;11.62;5.9;8.28;15.27;49.33
10.37;0.05;10.55;6.23;8.27;15.79;48.74
0.75;0.01;1.13;2.53;6.53;0.06;88.99
0.86;0.01;2.14;3.53;8.42;0.14;84.91
0.84;0.01;1.54;3.95;8.57;0.13;84.96
1.2;0.01;3.41;3.36;11.28;0.14;80.61
1.97;0.02;2.68;3.93;13.57;0.18;77.65
0.65;0.01;1.15;3.03;7.04;0.08;88.05
1.44;0.01;3.83;1.19;16.52;0.32;76.69
2.5;0.03;5.93;0.85;22.36;0.37;67.95
1.47;0.02;1.92;4.42;10.72;0.16;81.29
1.28;0.02;2.67;1.4;13.09;0.23;81.31
1.57;0.03;3.33;2.94;15.48;0.21;76.43
0.67;0.01;1.52;4.68;8.57;0.1;84.45
1.35;0.01;3.18;1.07;15.46;0.25;78.67
1.33;0.02;2.57;1.71;12.51;0.3;81.56
1.62;0.03;4.67;4.98;12.6;0.14;75.98
1.86;0.02;5.84;3.21;17.33;0.24;71.49
1.47;0.02;2.35;1.41;14.22;0.27;80.27
1.54;0.04;3.5;1.78;13.65;0.47;79.02
1.08;0.01;2.89;2.08;11.91;0.15;81.88
1.29;0.02;3.23;0.95;13.96;0.44;80.12
1.87;0.04;5.11;1.1;21.56;0.45;69.87
1.36;0.06;2.9;2.01;13.97;0.31;79.4
1.51;0.04;2.54;1.86;11.93;0.28;81.83
1.03;0.03;3.07;1.03;14.29;0.33;80.22
1.26;0.02;3.14;1.16;13.78;0.35;80.29
1.68;0.02;3.41;3.32;12.12;0.18;79.28
1.21;0.04;2.58;2.56;12.66;0.3;80.66
1.09;0.01;3.84;2.21;11.56;0.19;81.1
0.93;0.02;1.93;4.1;7.79;0.18;85.06
2.17;0.12;6.51;7.92;14.01;0.55;68.72
1.14;0.02;3.0;6.53;11.11;0.26;77.95
1.51;0.05;4.5;2.44;13.98;0.29;77.22
1.22;0.05;2.08;5.97;6.89;0.24;83.54
1.12;0.01;2.2;2.6;9.93;0.15;83.99
1.24;0.02;3.01;4.02;7.82;0.14;83.75
1.36;0.02;3.76;3.1;11.57;0.19;80.01
1.12;0.01;2.31;2.95;10.8;0.29;82.51
1.22;0.02;1.84;3.62;11.21;0.16;81.93
1.1;0.02;2.26;2.5;11.86;0.19;82.08
0.84;0.01;1.89;3.65;8.07;0.19;85.35
1.63;0.01;6.7;3.36;15.72;0.33;72.24
0.83;0.01;1.85;2.98;7.53;0.16;86.64
1.26;0.01;3.31;3.94;11.24;0.18;80.06
1.36;0.03;3.38;2.44;9.86;0.49;82.44
1.6;0.02;5.72;2.22;18.04;0.27;72.14
1.14;0.03;2.44;4.16;10.42;0.22;81.58
1.01;0.02;2.84;4.48;11.53;0.17;79.95
0.61;0.01;1.42;4.08;6.54;0.1;87.23
0.56;0.0;3.06;3.43;7.58;0.07;85.28
1.25;0.01;4.15;2.18;12.45;0.22;79.74
1.01;0.01;5.88;1.43;11.64;0.33;79.7
1.35;0.04;3.44;4.39;10.72;0.57;79.5
1.06;0.01;4.95;3.88;11.09;0.21;78.8
0.84;0.01;3.52;2.83;9.95;0.24;82.61
0.81;0.02;2.44;2.22;9.33;0.28;84.89
1.46;0.05;2.73;2.35;9.51;0.61;83.31
1.51;0.04;2.8;1.08;13.98;0.4;80.19
1.45;0.04;2.74;1.65;9.37;0.41;84.34
1.2;0.03;1.82;2.86;11.51;0.16;82.42
1.55;0.04;3.65;1.44;17.47;0.35;75.49
1.26;0.01;4.92;1.24;12.23;0.3;80.03
0.87;0.01;4.41;3.72;12.5;0.13;78.37
1.14;0.01;5.58;1.26;13.37;0.22;78.42
1.77;0.02;7.99;1.7;20.14;0.38;67.99
1.19;0.01;3.67;0.79;13.48;0.42;80.44
1.21;0.01;5.73;2.74;15.82;0.29;74.2
1.23;0.01;6.09;2.14;15.37;0.32;74.84
1.02;0.02;3.09;1.75;10.3;0.28;83.54
2.58;0.04;5.4;0.91;18.5;0.76;71.81
0.85;0.01;3.4;0.73;9.31;0.47;85.24
2.38;0.05;5.09;0.88;18.17;0.5;72.93
0.86;0.02;1.88;2.36;8.52;0.17;86.18
2.05;0.05;7.91;1.12;14.24;0.66;73.97
1.33;0.01;2.26;0.8;13.26;0.14;82.21
1.29;0.03;3.1;2.45;9.46;0.16;83.51
1.81;0.04;7.12;1.04;16.2;1.03;72.76
2.08;0.03;6.31;1.32;15.51;0.87;73.87
1.5;0.01;5.17;0.67;18.11;0.38;74.16
2.61;0.05;9.98;1.14;24.15;1.07;61.0
2.23;0.02;7.23;1.17;21.11;1.04;67.2
2.71;0.07;8.35;1.07;21.24;1.17;65.4
2.87;0.03;7.87;1.06;22.09;0.76;65.32
2.5;0.03;7.79;1.08;20.9;0.89;66.82
1.53;0.02;4.41;1.31;12.1;0.22;80.41
1.68;0.03;5.85;1.38;11.91;0.23;78.91
2.04;0.03;8.09;1.54;16.51;0.3;71.49
3.04;0.04;9.81;0.74;26.45;0.95;58.97
2.25;0.07;6.06;1.39;12.85;0.83;76.55
2.82;0.05;9.13;0.97;22.81;0.96;63.25
1.36;0.03;3.59;2.29;9.42;0.37;82.95
2.53;0.03;10.17;2.22;19.15;0.52;65.37
2.1;0.02;4.56;0.68;16.81;0.34;75.5
2.16;0.04;4.0;1.62;17.09;0.32;74.77
1.84;0.03;5.95;1.92;13.0;0.31;76.94
1.03;0.03;2.3;1.91;8.04;0.13;86.57
1.04;0.01;2.32;1.19;8.59;0.12;86.73
1.31;0.01;1.55;1.02;9.88;0.15;86.09
1.41;0.0;5.39;0.31;16.45;0.91;75.53
1.97;0.01;5.46;0.51;16.54;0.57;74.95
1.89;0.01;5.65;1.06;16.15;0.75;74.49
2.66;0.02;10.26;4.21;13.92;0.35;68.58
1.07;0.01;5.09;8.34;9.14;0.2;76.13
1.37;0.01;6.97;5.92;10.37;0.12;75.24
1.44;0.01;8.49;6.14;16.88;0.13;66.91
1.34;0.03;7.07;1.89;13.85;0.22;75.6
1.25;0.03;5.56;2.36;12.76;0.24;77.79
1.19;0.01;4.23;2.33;11.25;0.15;80.85
1.3;0.04;2.54;2.3;9.67;0.26;83.9
1.12;0.02;2.22;1.81;8.57;0.15;86.12
0.49;0.01;1.12;2.83;5.43;0.08;90.05
0.75;0.01;1.36;2.16;7.27;0.09;88.37
2.11;0.04;4.82;1.01;20.28;0.49;71.24
0.82;0.01;1.54;2.26;8.1;0.18;87.09
0.84;0.01;1.68;2.59;5.5;0.14;89.23
1.11;0.02;1.57;2.59;5.83;0.21;88.69
1.36;0.02;3.62;1.78;10.69;0.28;82.25
1.01;0.02;2.0;1.95;7.13;0.26;87.63
1.22;0.02;2.57;2.13;8.36;0.2;85.48
0.91;0.02;2.2;2.32;7.51;0.22;86.82
2.44;0.03;3.15;1.64;12.66;0.21;79.87
0.71;0.0;4.2;2.51;10.84;0.12;81.63
2.55;0.03;7.7;1.66;20.84;0.62;66.6
2.68;0.02;11.04;1.24;20.86;0.64;63.52
1.37;0.01;2.76;1.95;12.11;0.38;81.42
2.6;0.02;2.79;0.91;11.05;0.29;82.35
1.59;0.01;3.75;1.36;11.56;0.7;81.01
3.85;0.04;11.63;1.72;20.01;0.75;62.0
3.61;0.04;6.84;1.6;19.52;0.48;67.9
1.57;0.01;5.26;1.7;12.95;0.23;78.28
1.36;0.01;3.9;1.96;11.67;0.26;80.84
3.02;0.04;4.71;0.94;16.52;0.7;74.06
2.01;0.02;1.96;1.08;10.29;0.2;84.44
1.78;0.02;2.41;1.53;13.02;0.15;81.09
1.8;0.02;5.65;1.36;16.65;0.24;74.29
2.81;0.07;5.48;1.42;19.72;0.76;69.74
2.5;0.02;7.8;1.74;16.05;0.29;71.6
0.97;0.01;1.25;1.32;4.82;0.21;91.41
1.99;0.03;2.14;1.28;8.85;0.22;85.48
0.9;0.01;2.18;1.69;8.37;0.27;86.58
0.82;0.01;0.84;1.45;4.14;0.13;92.61
0.85;0.01;2.13;1.66;8.0;0.2;87.15
1.35;0.05;2.61;2.19;7.32;0.47;86.01
1.94;0.02;4.41;1.0;14.1;0.23;78.3
1.41;0.03;3.53;1.87;10.2;0.36;82.61
2.14;0.02;8.07;1.45;16.17;0.56;71.59
1.71;0.02;3.66;2.28;9.62;0.47;82.24
1.46;0.01;8.37;1.2;18.32;0.46;70.18
2.27;0.04;5.36;0.64;11.93;0.89;78.87
1.41;0.01;6.13;1.16;11.53;0.8;78.95
1.72;0.03;2.92;1.31;10.61;0.5;82.91
2.62;0.0;7.95;0.46;14.85;1.31;72.81
1.95;0.01;9.32;0.57;19.17;1.69;67.3
2.63;0.01;11.35;0.89;22.29;1.73;61.1
1.32;0.0;7.09;1.61;15.62;0.42;73.93
3.11;0.03;12.69;1.05;17.44;2.56;63.13
2.13;0.02;5.84;0.98;17.35;1.24;72.43
2.14;0.02;5.95;1.08;17.24;0.96;72.62
2.44;0.03;8.14;1.1;17.0;1.14;70.16
1.7;0.02;3.02;2.09;13.47;0.31;79.39
2.14;0.02;6.62;0.96;15.68;1.51;73.07
0.86;0.01;2.08;1.61;6.13;0.31;88.98
1.41;0.02;4.59;1.73;9.22;0.59;82.43
1.82;0.02;6.88;1.9;17.04;0.55;71.78
1.62;0.03;5.35;1.71;13.85;0.77;76.67
1.58;0.01;6.47;1.74;15.12;0.49;74.59
2.19;0.02;9.66;1.7;17.11;0.71;68.6
1.4;0.02;4.66;2.0;12.28;0.5;79.13
1.54;0.01;7.41;1.69;15.8;0.43;73.13
1.37;0.01;6.44;1.5;12.07;0.21;78.39
1.03;0.01;4.26;1.71;8.44;0.44;84.11
3.15;0.02;7.47;1.32;21.12;1.03;65.89
1.16;0.0;4.56;3.0;12.89;0.19;78.19
0.71;0.0;3.91;2.17;9.02;0.22;83.96
1.4;0.01;5.5;1.13;13.03;0.33;78.6
0.55;0.01;1.32;1.15;5.24;0.13;91.6
0.79;0.01;1.69;2.44;6.89;0.21;87.98
1.84;0.02;4.86;1.09;14.78;0.8;76.61
1.81;0.01;4.05;1.57;9.53;0.4;82.63
1.57;0.01;6.44;1.28;13.5;0.5;76.7
1.23;0.01;3.72;2.38;11.41;0.44;80.81
1.7;0.01;3.21;1.06;9.9;0.54;83.57
1.26;0.01;4.2;2.31;12.48;0.78;78.94
2.56;0.01;5.35;1.08;12.72;0.23;78.04
1.85;0.01;6.3;1.11;11.06;0.52;79.14
1.33;0.0;7.79;1.17;15.19;0.34;74.18
1.6;0.0;3.4;1.72;9.69;0.42;83.17
1.29;0.01;3.16;2.67;10.5;0.28;82.1
1.03;0.0;2.08;1.91;8.9;0.21;85.86
3.79;0.01;7.49;0.45;16.12;1.24;70.89
1.19;0.01;2.39;1.0;6.14;0.47;88.81
1.61;0.0;2.61;1.21;9.2;0.46;84.9
0.78;0.01;2.67;1.06;8.76;0.22;86.51
1.32;0.01;5.5;0.83;13.44;0.32;78.59
1.27;0.0;7.65;1.88;19.97;0.22;69.01
0.69;0.0;3.58;1.37;11.11;0.15;83.1
1.64;0.01;5.12;1.07;12.38;0.48;79.3
0.94;0.0;2.19;1.51;8.6;0.22;86.53
1.43;0.01;3.44;1.62;11.4;0.35;81.75
1.1;0.01;4.31;1.39;8.59;0.3;84.31
1.04;0.01;4.15;2.09;13.18;0.29;79.24
1.16;0.01;4.73;1.61;11.69;0.41;80.38
1.19;0.01;2.65;1.73;10.07;0.1;84.25
1.87;0.01;4.35;1.11;13.17;0.33;79.15
2.39;0.02;5.48;1.58;16.84;0.42;73.28
1.43;0.01;2.54;2.27;10.02;0.49;83.24
1.46;0.01;1.92;1.85;10.22;0.16;84.38
1.17;0.01;2.33;2.5;10.71;0.78;82.51
1.45;0.01;2.01;2.79;12.3;0.41;81.03
1.0;0.01;1.79;1.78;12.94;0.13;82.35
1.5;0.02;3.53;1.11;14.12;0.17;79.57
1.84;0.05;4.16;1.66;14.76;0.18;77.35
1.38;0.04;5.33;1.75;15.61;0.2;75.69
1.06;0.0;2.6;2.09;11.32;0.05;82.87
0.9;0.01;2.09;2.02;12.26;0.06;82.66
1.18;0.01;3.62;1.91;14.0;0.08;79.19
0.6;0.0;2.61;2.5;12.99;0.06;81.25
1.27;0.01;2.05;1.7;9.76;0.13;85.08
0.58;0.0;2.91;2.45;13.05;0.09;80.93
1.15;0.01;2.15;1.82;11.26;0.06;83.55
1.19;0.01;1.89;1.78;10.13;0.04;84.95
1.89;0.02;5.76;1.2;12.7;0.2;78.23
0.76;0.01;2.2;1.65;10.44;0.06;84.88
1.74;0.01;2.84;1.35;13.57;0.07;80.41
1.5;0.01;3.09;1.39;13.83;0.09;80.09
1.91;0.01;1.87;1.01;12.8;0.05;82.35
2.58;0.02;3.86;1.05;16.09;0.1;76.31
0.89;0.02;2.22;2.54;9.05;0.07;85.22
1.12;0.04;2.44;2.18;11.17;0.05;83.0
1.46;0.01;4.0;1.39;21.26;0.09;71.79
1.31;0.01;3.23;1.09;12.06;0.05;82.24
1.7;0.01;5.87;3.91;17.5;0.06;70.96
0.91;0.0;4.15;5.11;24.08;0.06;65.69
1.77;0.01;6.54;7.27;26.9;0.21;57.3
1.38;0.01;8.31;3.08;27.67;0.12;59.43
1.19;0.01;5.01;4.89;21.47;0.09;67.35
1.68;0.01;6.3;2.72;18.78;0.11;70.4
1.49;0.01;5.82;2.59;15.08;0.17;74.83
1.08;0.01;2.35;1.85;9.31;0.14;85.26
1.07;0.01;4.21;1.96;8.82;0.21;83.72
1.75;0.02;3.94;2.15;12.33;0.37;79.43
1.82;0.02;4.82;1.79;11.84;0.29;79.43
1.78;0.01;6.82;1.67;12.57;0.42;76.73
1.77;0.02;3.26;1.11;11.16;0.26;82.42
1.35;0.02;3.05;1.65;12.15;0.37;81.41
0.99;0.01;1.92;1.41;8.97;0.18;86.52
1.65;0.03;3.11;0.95;10.41;0.21;83.63
1.32;0.02;1.61;1.3;9.54;0.15;86.07
1.71;0.02;5.19;2.25;18.05;0.37;72.4
1.8;0.01;4.32;1.23;15.56;0.37;76.71
2.03;0.01;3.06;1.13;13.78;0.13;79.86
1.97;0.02;3.64;1.19;15.28;0.16;77.73
1.16;0.01;1.35;1.72;8.29;0.08;87.38
0.76;0.01;2.41;1.38;6.09;0.07;89.28
1.22;0.02;2.93;1.35;14.17;0.13;80.18
0.5;0.0;1.8;1.86;9.3;0.1;86.43
1.03;0.01;3.2;2.27;10.76;0.09;82.64
2.18;0.02;8.38;1.76;17.37;0.21;70.08
1.41;0.04;3.58;1.19;12.82;0.18;80.78
0.92;0.01;3.01;2.52;11.46;0.07;82.02
1.21;0.02;2.62;1.62;10.28;0.12;84.13
0.92;0.01;3.03;1.8;12.35;0.13;81.77
1.31;0.01;4.21;2.26;11.89;0.4;79.93
1.28;0.01;4.33;1.66;18.31;0.22;74.19
1.33;0.01;2.48;1.38;14.22;0.17;80.41
1.62;0.01;6.09;1.27;14.58;0.22;76.21
2.74;0.04;4.53;1.51;14.69;0.38;76.1
1.89;0.01;8.31;1.56;15.52;0.25;72.45
0.98;0.01;2.92;2.23;13.8;0.21;79.86
1.58;0.02;5.89;2.37;10.01;0.21;79.93
1.54;0.01;5.23;1.74;17.54;0.33;73.61
2.63;0.02;10.67;2.53;26.0;0.42;57.73
1.7;0.03;5.46;0.92;13.43;0.51;77.94
1.61;0.01;5.15;0.99;12.58;0.38;79.28
2.04;0.01;6.59;1.73;17.41;0.27;71.94
2.48;0.02;8.99;1.89;18.92;0.36;67.35
1.01;0.01;5.14;1.35;11.65;0.63;80.2
1.35;0.01;5.2;1.33;16.91;0.37;74.84
2.04;0.02;9.43;2.53;18.94;1.07;65.96
1.61;0.01;6.22;1.37;15.38;0.64;74.78
2.14;0.02;10.5;2.87;21.25;1.54;61.68
2.21;0.02;12.93;1.53;19.77;1.24;62.31
1.74;0.0;6.79;1.09;21.78;0.61;67.98
3.11;0.05;10.47;1.99;22.18;1.02;61.19
1.9;0.01;10.13;1.85;17.85;1.2;67.06
2.95;0.01;10.86;2.33;24.32;1.12;58.41
2.53;0.0;11.7;1.4;22.2;0.96;61.21
3.23;0.02;13.7;2.73;26.62;1.97;51.74
2.25;0.0;10.05;1.62;24.68;0.4;61.0
3.26;0.02;10.81;2.05;24.52;0.82;58.53
2.12;0.0;8.84;2.7;24.47;0.44;61.42
1.89;0.01;8.1;1.5;22.25;0.56;65.7
4.63;0.06;11.15;1.8;16.61;1.14;64.6
1.79;0.01;5.05;0.91;14.84;0.4;76.99
2.23;0.02;6.77;1.12;20.27;0.33;69.27
3.06;0.02;9.62;0.96;24.67;0.81;60.86
3.7;0.04;13.87;2.07;22.63;1.37;56.32
2.73;0.02;8.09;1.16;20.89;0.73;66.38
2.85;0.02;8.26;1.29;21.49;0.5;65.6
2.83;0.02;8.17;1.29;22.39;0.6;64.7
2.56;0.01;7.38;1.5;20.66;0.59;67.3
3.91;0.04;8.87;1.14;20.15;0.72;65.17
3.0;0.01;13.29;1.4;23.55;0.86;57.9
2.75;0.02;8.54;1.09;21.38;0.42;65.81
3.13;0.04;9.08;1.7;19.55;1.11;65.4
1.33;0.01;8.65;3.01;10.38;1.41;75.21
2.25;0.02;6.86;1.38;21.04;0.79;67.67
2.91;0.02;7.9;1.01;23.58;0.55;64.02
2.57;0.03;6.85;1.24;19.62;0.47;69.22
2.06;0.02;10.65;1.91;23.9;1.24;60.22
1.79;0.02;8.76;1.77;20.05;0.92;66.69
3.17;0.02;8.27;1.03;25.5;0.62;61.4
1.38;0.01;4.52;1.32;14.42;1.13;77.23
1.93;0.0;8.51;1.28;26.61;0.5;61.17
3.65;0.02;13.39;1.95;19.17;1.53;60.29
3.69;0.05;14.41;1.87;19.14;1.01;59.83
1.98;0.02;10.52;1.06;17.97;1.48;66.98
2.72;0.01;12.83;1.59;32.07;0.8;49.99
2.72;0.03;9.88;2.52;20.25;1.77;62.82
0.74;0.01;5.63;1.23;14.04;1.03;77.33
1.69;0.01;9.02;2.98;21.27;1.53;63.49
1.95;0.02;7.6;2.43;17.19;1.04;69.77
1.08;0.0;5.95;1.12;16.41;1.04;74.4
1.28;0.01;6.95;0.97;13.5;1.32;75.97
1.39;0.01;6.89;1.59;11.08;1.69;77.34
2.21;0.02;7.3;1.3;18.69;0.72;69.76
2.41;0.02;6.48;1.37;18.05;0.62;71.06
2.41;0.01;7.68;0.77;15.19;0.7;73.23
1.74;0.02;6.11;1.16;14.03;0.85;76.08
1.99;0.01;5.54;1.09;16.3;0.6;74.48
2.1;0.02;9.13;2.17;17.77;0.72;68.11
2.58;0.01;11.01;1.11;15.95;2.63;66.71
1.1;0.01;1.54;1.07;8.98;0.19;87.1
0.88;0.01;1.49;1.25;7.79;0.35;88.23
3.21;0.02;4.99;1.22;16.12;1.82;72.62
2.13;0.01;3.93;0.87;16.64;0.2;76.22
1.74;0.04;2.98;1.61;11.46;0.5;81.67
1.54;0.01;2.57;1.03;14.34;0.1;80.41
1.03;0.01;1.63;0.86;10.38;0.14;85.95
2.01;0.03;3.18;0.83;12.63;0.95;80.36
1.95;0.02;3.69;1.04;15.53;0.32;77.45
1.79;0.03;4.42;0.95;17.98;0.35;74.48
1.12;0.01;5.28;1.12;15.94;0.49;76.05
1.49;0.01;3.1;0.68;12.55;0.3;81.87
1.53;0.01;3.75;1.76;14.02;0.46;78.48
1.24;0.01;2.43;0.95;10.64;0.17;84.56
2.84;0.07;7.33;16.83;16.11;0.26;56.56
6.57;1.57;8.9;51.58;6.61;1.49;23.28
11.89;1.34;12.27;25.55;10.15;5.73;33.07
15.46;0.85;14.39;13.85;5.05;10.48;39.92
3.4;0.04;12.48;6.5;7.02;2.74;67.81
14.98;1.05;45.24;2.19;8.56;10.79;17.19
6.26;0.14;42.61;3.17;10.85;6.96;30.0
4.32;0.55;44.6;4.91;9.25;15.44;20.93
3.63;0.12;22.26;36.19;7.11;10.82;19.87
3.03;0.01;15.68;5.3;5.97;6.67;63.33
2.49;0.13;18.05;46.64;8.82;5.31;18.56
5.55;0.73;50.78;3.58;11.52;9.02;18.83
4.26;0.11;20.1;36.95;7.02;12.7;18.85
7.53;1.84;42.82;2.3;8.02;9.59;27.91
2.35;0.04;28.29;2.12;7.47;2.27;57.47
1.83;0.05;21.58;2.07;7.97;3.19;63.3
0.49;0.0;7.47;0.42;6.62;0.64;84.37
0.39;0.01;4.93;0.72;5.36;0.82;87.77
1.24;0.09;12.13;1.94;8.31;4.0;72.29
0.98;0.02;10.38;1.48;30.03;0.35;56.75
1.43;0.03;5.48;0.36;11.88;0.61;80.2
1.79;0.0;9.41;0.53;29.21;1.4;57.66
1.93;0.01;3.46;0.24;10.6;0.43;83.32
1.37;0.0;4.18;0.21;14.96;0.45;78.82
1.76;0.02;6.03;0.36;17.31;0.77;73.77
2.18;0.02;5.38;0.64;22.99;0.4;68.39
1.76;0.03;3.41;1.01;14.26;0.22;79.31
1.95;0.01;6.53;0.7;20.17;0.54;70.1
1.66;0.01;4.08;0.53;9.78;0.63;83.31
1.19;0.02;3.02;1.22;9.14;0.31;85.09
1.96;0.02;3.52;0.8;10.37;0.63;82.69
0.99;0.02;2.63;1.01;8.37;0.33;86.65
1.75;0.02;10.27;0.87;18.17;1.43;67.49
2.14;0.02;7.05;0.89;17.43;0.72;71.75
1.18;0.02;5.63;0.75;12.59;1.0;78.82
2.02;0.01;6.87;0.85;9.81;1.88;78.55
1.72;0.01;4.2;0.7;15.13;1.12;77.12
2.24;0.04;3.76;2.36;9.93;1.04;80.63
1.78;0.02;3.98;1.86;8.91;0.74;82.71
1.97;0.01;5.41;0.76;14.47;1.04;76.33
1.35;0.01;5.02;1.68;7.68;3.06;81.21
2.2;0.02;9.73;1.54;11.52;2.87;72.13
5.57;0.05;15.61;7.6;7.02;8.25;55.92
3.02;0.02;9.43;0.89;11.52;1.75;73.37
2.5;0.01;6.49;0.55;11.94;2.68;75.83
2.86;0.01;10.06;1.08;11.83;3.48;70.68
2.93;0.02;11.98;1.43;13.8;2.9;66.94
2.92;0.01;19.43;1.45;16.79;3.41;55.98
1.96;0.01;19.39;1.53;14.46;7.12;55.53
1.75;0.02;7.49;1.3;9.47;3.02;76.95
1.76;0.01;12.07;1.51;15.96;3.57;65.12
1.53;0.01;14.89;1.78;16.1;2.68;63.02
1.96;0.01;17.0;1.05;18.72;1.95;59.32
1.27;0.01;6.48;1.59;10.18;2.47;78.01
2.68;0.01;14.57;1.6;14.83;2.27;64.05
7.45;0.02;14.39;8.76;8.71;17.91;42.78
2.0;0.01;5.91;0.84;13.26;0.86;77.12
2.46;0.01;6.91;0.72;22.55;0.56;66.79
7.24;0.02;13.41;7.36;10.66;18.63;42.69
2.73;0.03;8.17;0.55;21.96;0.83;65.74
6.83;0.02;13.77;9.11;9.0;15.98;45.27
2.86;0.01;17.25;1.76;16.47;3.58;58.07
3.31;0.01;17.18;1.13;18.55;3.35;56.47
3.6;0.01;22.55;0.93;19.19;4.61;49.11
2.57;0.04;8.13;0.92;14.25;3.01;71.07
1.44;0.01;12.71;2.26;15.18;3.05;65.34
1.95;0.02;10.49;1.82;12.57;2.36;70.79
1.66;0.01;9.2;1.11;11.74;4.21;72.08
2.04;0.01;7.62;0.67;16.84;3.35;69.46
2.67;0.02;6.83;0.61;13.92;3.32;72.64
2.34;0.02;9.21;1.4;15.54;3.13;68.37
2.06;0.02;9.5;1.43;17.21;4.82;64.96
2.12;0.03;7.82;1.09;12.96;2.67;73.31
2.64;0.01;11.27;1.26;14.29;2.81;67.72
3.48;0.02;8.49;1.1;17.12;2.61;67.18
1.42;0.01;9.38;3.12;12.28;1.47;72.32
0.67;0.01;2.92;4.42;9.21;0.15;82.61
1.0;0.01;6.2;2.41;16.07;0.37;73.95
10.12;0.03;11.81;8.27;10.1;19.98;39.7
1.69;0.02;11.32;3.01;17.99;1.29;64.68
1.42;0.02;10.67;7.84;24.17;0.08;55.81
1.13;0.01;13.25;3.75;20.62;0.13;61.1
1.2;0.01;5.47;23.01;15.56;0.1;54.64
0.89;0.01;5.58;2.92;11.68;0.22;78.7
1.2;0.02;7.18;4.63;12.89;0.51;73.57
6.21;0.02;11.47;6.78;7.78;24.69;43.05
1.49;0.02;10.45;4.87;12.83;1.02;69.31
1.89;0.01;16.2;2.55;17.69;3.47;58.18
1.16;0.01;8.42;2.56;10.09;1.16;76.6
2.85;0.03;8.59;1.56;17.51;2.29;67.17
0.98;0.01;8.77;4.11;11.1;1.38;73.65
1.1;0.01;5.08;2.46;11.68;0.98;78.7
1.35;0.01;8.69;3.44;12.42;1.16;72.92
1.73;0.03;12.18;5.38;18.76;0.93;60.99
2.68;0.06;10.57;9.25;27.22;0.16;50.07
1.14;0.01;7.25;11.52;25.27;0.09;54.73
1.59;0.03;6.44;3.41;18.85;0.27;69.43
2.08;0.02;8.37;2.19;16.8;1.07;69.47
1.0;0.01;6.41;4.68;14.49;0.65;72.76
1.6;0.01;12.17;2.05;16.43;1.05;66.68
1.42;0.01;12.57;2.22;21.55;0.65;61.58
1.25;0.0;9.04;2.34;11.49;1.66;74.21
0.94;0.01;5.23;0.9;11.83;0.62;80.48
0.58;0.0;4.15;2.09;9.99;0.85;82.35
1.57;0.02;4.8;1.93;9.11;1.79;80.77
2.04;0.01;6.94;0.76;28.03;0.5;61.71
1.13;0.01;10.31;2.29;11.9;1.12;73.24
2.44;0.03;15.78;1.99;17.42;2.54;59.8
3.36;0.02;5.17;1.41;13.18;3.07;73.79
2.08;0.02;5.07;2.19;10.72;1.3;78.61
3.57;0.13;4.52;3.8;10.93;1.91;75.15
3.46;0.09;3.43;3.54;9.41;1.39;78.68
1.47;0.02;10.27;1.69;14.01;1.41;71.12
4.59;0.05;9.81;1.37;15.33;3.46;65.39
2.87;0.02;5.87;1.0;12.81;2.99;74.44
1.72;0.01;6.1;1.58;12.03;0.88;77.67
1.23;0.02;4.6;1.62;13.25;0.57;78.71
1.24;0.01;6.33;2.19;13.27;1.27;75.69
1.38;0.01;8.63;1.89;14.29;1.65;72.15
3.05;0.06;7.73;1.24;14.12;4.63;69.16
4.18;0.02;8.82;0.85;19.48;3.98;62.68
3.57;0.01;6.76;1.01;16.43;1.47;70.74
3.73;0.02;10.9;1.34;17.07;4.57;62.38
1.07;0.04;2.03;1.34;9.49;0.55;85.49
1.92;0.03;3.84;1.07;15.13;0.62;77.39
1.84;0.02;1.58;1.12;8.5;0.29;86.66
2.66;0.01;8.08;1.63;14.52;1.25;71.85
1.38;0.01;3.21;1.44;12.7;1.01;80.24
2.84;0.03;5.28;1.02;12.33;1.86;76.65
3.14;0.03;9.08;0.81;12.83;1.74;72.37
2.33;0.02;9.26;1.0;9.71;2.74;74.93
5.49;0.06;9.7;0.67;16.33;3.37;64.37
3.49;0.03;11.56;1.49;11.21;4.42;67.8
7.56;0.13;12.02;1.28;14.88;6.49;57.64
4.51;0.04;9.26;0.87;15.01;2.13;68.17
5.31;0.04;17.29;0.87;15.99;3.58;56.92
4.37;0.05;7.8;0.81;14.89;1.45;70.64
4.09;0.06;10.47;2.46;12.82;2.87;67.24
2.39;0.04;19.86;1.29;15.85;1.73;58.84
3.55;0.05;7.5;1.49;11.2;5.14;71.07
3.66;0.03;16.17;3.02;24.8;1.52;50.8
1.15;0.01;15.79;1.97;13.52;2.72;64.84
1.78;0.02;15.04;1.15;16.63;1.43;63.96
2.41;0.02;9.91;6.2;14.8;1.14;65.51
2.83;0.02;11.93;4.24;20.65;1.17;59.17
1.8;0.04;5.71;1.54;11.74;2.93;76.25
2.13;0.04;5.07;1.61;7.49;2.36;81.3
3.49;0.1;10.22;8.4;15.76;1.62;60.41
3.39;0.36;12.2;2.08;11.2;1.52;69.25
2.69;0.06;18.82;1.6;22.02;1.81;53.0
6.06;0.5;8.43;24.24;7.98;7.41;45.38
2.28;0.1;5.47;2.15;11.96;3.64;74.39
3.31;0.23;10.05;23.22;12.2;3.48;47.5
2.66;0.15;18.01;2.16;16.67;2.89;57.46
2.05;0.02;12.13;2.51;18.05;1.93;63.32
0.8;0.01;8.05;1.68;7.66;1.09;80.71
3.38;0.16;9.26;2.96;14.41;3.34;66.49
8.62;0.96;9.44;12.82;9.62;6.84;51.69
6.72;0.18;7.11;21.59;6.49;3.36;54.56
2.65;0.05;2.51;13.69;5.61;1.49;74.0
2.55;0.19;2.65;13.92;6.4;1.67;72.62
3.04;0.05;3.76;8.13;11.7;1.4;71.91
3.26;0.06;2.3;2.84;10.57;0.77;80.2
2.03;0.04;4.39;4.66;16.21;0.8;71.87
4.16;0.11;4.66;11.45;11.41;1.55;66.65
2.81;0.32;3.37;22.32;12.73;1.01;57.45
3.05;0.05;4.81;3.48;15.9;1.21;71.51
1.58;0.02;4.41;0.81;16.2;0.64;76.35
3.07;0.04;8.15;1.89;22.91;0.81;63.13
3.29;0.02;8.74;1.99;21.08;3.01;61.88
6.01;0.03;13.85;6.35;5.89;25.35;42.52
2.24;0.01;3.19;1.14;14.18;1.55;77.7
6.09;0.01;15.0;5.61;4.89;26.53;41.89
3.09;0.06;6.64;0.86;20.81;1.11;67.43
0.94;0.05;2.99;2.0;13.83;0.18;80.02
3.99;0.05;9.65;0.84;20.21;0.62;64.64
1.46;0.07;4.43;2.5;12.64;0.11;78.8
2.13;0.02;8.26;0.73;16.01;0.61;72.24
2.72;0.03;6.6;0.54;16.9;1.11;72.1
2.36;0.15;10.84;4.15;18.99;0.3;63.2
5.45;0.45;4.45;25.19;4.54;1.65;58.28
6.51;0.29;6.16;63.05;3.13;3.9;16.96
5.19;0.99;6.3;18.94;5.63;1.44;61.5
2.03;0.03;3.56;1.23;9.85;0.27;83.03
2.57;0.12;5.01;1.6;10.05;0.86;79.79
3.31;0.39;5.59;1.4;11.18;0.66;77.47
6.02;0.52;7.94;37.3;4.39;2.45;41.38
7.45;1.61;25.41;8.29;14.23;7.21;35.8
4.34;0.52;6.78;4.01;9.82;0.7;73.82
6.56;0.65;16.45;15.52;18.19;1.06;41.56
3.55;0.16;12.83;1.84;15.43;0.34;65.85
3.74;0.7;8.41;4.98;9.73;0.59;71.85
3.77;0.15;14.64;1.49;17.52;0.27;62.17
12.34;0.07;30.06;12.24;10.29;3.21;31.79
1.11;0.2;3.24;2.95;6.98;0.12;85.4
2.34;0.16;13.52;1.96;17.54;0.22;64.26
3.02;0.28;6.18;1.74;12.84;0.38;75.56
4.52;0.3;5.16;1.85;11.82;0.64;75.71
3.12;0.17;13.75;4.31;13.79;0.27;64.6
3.94;0.17;2.82;72.48;2.02;0.44;18.13
2.86;0.27;2.8;63.93;2.91;0.66;26.57
4.6;0.71;8.39;20.77;10.21;0.94;54.37
1.05;0.08;3.27;3.35;8.64;0.08;83.53
1.39;0.08;7.36;5.66;15.09;0.08;70.35
2.65;0.13;11.0;7.66;16.42;0.17;61.98
1.84;0.08;5.21;4.16;14.35;0.08;74.27
3.15;0.32;4.61;7.14;13.85;0.12;70.81
2.11;0.16;2.12;4.36;10.38;0.13;80.74
1.5;0.07;3.41;4.75;8.44;0.15;81.69
1.95;0.11;6.73;5.69;11.52;0.09;73.91
2.36;0.17;8.51;6.78;12.13;0.18;69.87
2.62;0.18;3.83;12.01;9.01;0.14;72.22
2.68;0.12;3.69;3.22;11.59;0.17;78.52
1.73;0.14;8.25;2.25;12.8;0.06;74.77
1.47;0.08;5.12;3.44;9.16;0.11;80.63
2.4;0.13;6.41;2.15;10.15;0.28;78.48
1.85;0.03;2.3;1.23;8.62;0.07;85.9
2.91;0.09;12.9;6.83;10.76;0.29;66.23
1.89;0.26;3.3;6.17;9.51;0.12;78.75
1.45;0.09;4.52;5.71;7.01;0.13;81.11
1.24;0.09;2.97;3.29;7.42;0.14;84.85
0.9;0.02;3.31;2.84;7.08;0.15;85.69
0.87;0.03;3.08;3.55;6.55;0.16;85.76
2.2;0.07;2.32;1.88;10.53;0.19;82.81
1.11;0.02;1.18;1.92;8.11;0.06;87.6
1.49;0.02;2.28;2.74;8.05;0.15;85.26
1.95;0.11;2.54;2.03;12.26;0.31;80.81
1.03;0.1;3.74;6.41;8.63;0.16;79.93
1.68;0.21;3.95;3.65;9.43;0.22;80.86
0.96;0.01;1.3;1.72;6.68;0.1;89.23
1.26;0.15;2.91;6.12;7.14;0.24;82.18
2.86;0.2;7.52;31.02;7.24;1.27;49.89
3.92;0.35;7.85;6.58;9.25;1.36;70.68
2.59;0.06;11.09;3.4;14.71;0.88;67.27
2.73;0.11;8.44;1.53;18.14;0.35;68.7
3.57;0.53;6.31;3.4;10.99;0.96;74.24
5.61;0.99;13.9;14.58;7.91;3.39;53.63
1.42;0.06;3.76;4.15;7.19;0.32;83.1
2.78;0.15;13.19;10.58;17.96;0.31;55.03
3.84;0.27;13.34;17.0;18.82;0.32;46.42
1.45;0.07;4.82;7.17;12.09;0.08;74.32
1.42;0.05;2.54;3.6;9.15;0.08;83.16
1.59;0.04;10.1;3.04;11.42;0.2;73.62
1.46;0.02;2.81;0.35;7.45;0.1;87.8
1.06;0.03;2.99;1.52;6.27;0.16;87.97
2.01;0.04;6.52;1.3;14.13;0.28;75.71
1.29;0.01;2.92;0.94;6.27;0.14;88.43
1.76;0.01;2.34;0.63;8.23;0.39;86.63
1.93;0.05;3.56;0.77;10.32;0.13;83.25
2.01;0.04;2.83;0.61;9.71;0.31;84.49
1.47;0.03;4.65;1.52;13.33;0.26;78.74
1.75;0.04;4.1;1.14;15.7;0.15;77.13
1.6;0.03;4.81;0.45;8.44;0.59;84.07
2.5;0.09;9.35;1.33;23.3;0.36;63.06
1.78;0.06;6.75;0.78;8.83;0.58;81.22
1.61;0.02;5.14;1.67;18.55;0.13;72.88
1.66;0.03;4.47;1.11;15.55;0.26;76.91
1.78;0.03;7.38;1.71;15.32;0.66;73.11
1.12;0.02;4.85;0.73;12.25;0.3;80.73
2.31;0.04;6.74;3.38;20.48;0.29;66.77
1.92;0.05;6.78;2.34;12.78;0.26;75.86
1.44;0.01;2.22;0.85;12.63;0.12;82.73
2.0;0.01;3.85;0.63;17.53;0.2;75.78
2.05;0.03;2.65;0.92;9.91;0.38;84.06
2.77;0.08;5.47;0.86;14.2;0.33;76.3
1.77;0.02;6.34;1.66;22.24;0.22;67.76
2.13;0.04;4.84;1.41;19.17;0.19;72.23
2.27;0.04;6.27;1.24;21.68;0.23;68.27
1.65;0.03;4.28;1.22;9.28;0.74;82.8
1.64;0.02;3.01;0.46;8.16;0.56;86.16
1.92;0.03;3.93;0.75;11.65;0.53;81.2
2.53;0.13;2.47;1.81;7.1;0.73;85.23
2.29;0.05;2.94;1.05;8.76;0.72;84.19
2.36;0.05;5.31;0.6;11.94;0.42;79.31
1.25;0.02;4.18;0.86;13.54;0.27;79.89
1.59;0.04;2.84;0.9;14.27;0.16;80.21
1.73;0.03;9.75;0.89;14.48;0.56;72.55
1.55;0.05;6.02;0.94;11.62;0.38;79.45
1.12;0.02;6.73;0.64;16.07;0.62;74.8
1.8;0.02;2.84;0.63;9.01;0.86;84.84
1.75;0.02;7.08;1.49;17.09;0.51;72.06
1.68;0.07;5.89;1.51;12.37;0.46;78.01
1.95;0.02;2.82;0.57;13.77;0.2;80.66
1.65;0.1;3.82;1.94;13.11;0.21;79.18
2.16;0.09;3.54;1.49;11.77;0.56;80.39
3.0;0.07;7.45;6.41;16.85;0.4;65.81
1.55;0.03;4.41;1.69;10.93;0.2;81.19
1.8;0.03;1.76;0.68;10.1;0.21;85.43
1.35;0.02;1.51;0.89;10.2;0.06;85.97
1.36;0.05;4.25;2.34;14.1;0.25;77.65
1.47;0.05;2.79;1.81;12.14;0.23;81.52
1.71;0.02;2.99;0.47;9.37;0.17;85.27
1.93;0.01;7.68;0.37;14.28;0.31;75.41
2.44;0.02;10.57;0.65;13.41;0.44;72.47
1.89;0.03;6.92;0.61;14.27;0.35;75.93
1.45;0.01;7.87;0.62;13.12;0.89;76.04
1.87;0.03;10.58;0.72;12.19;0.76;73.85
1.32;0.01;10.61;1.04;14.02;0.68;72.32
0.99;0.01;7.74;0.95;10.51;0.56;79.24
0.66;0.01;6.86;0.7;9.42;0.43;81.91
1.11;0.03;7.67;0.93;9.86;0.27;80.14
1.65;0.01;6.66;3.35;22.48;0.11;65.75
1.76;0.01;5.17;3.89;21.94;0.11;67.13
1.85;0.02;10.94;1.39;17.18;0.53;68.09
1.01;0.02;7.94;1.16;11.21;0.36;78.29
0.89;0.01;3.48;0.84;10.74;0.16;83.87
1.55;0.02;5.59;0.48;12.58;0.2;79.58
2.4;0.07;8.83;1.83;15.53;0.27;71.07
2.0;0.02;9.15;5.58;27.09;0.05;56.11
2.89;0.07;9.9;3.78;18.64;0.09;64.62
2.26;0.04;11.11;3.05;22.41;0.28;60.84
1.7;0.02;5.06;2.88;17.15;0.11;73.08
1.1;0.04;2.02;0.46;8.47;0.17;87.73
1.52;0.03;2.89;0.38;10.09;0.3;84.8
1.29;0.0;2.31;0.7;15.03;0.07;80.58
1.36;0.02;3.58;0.51;13.09;0.17;81.28
1.79;0.04;5.31;0.94;8.68;0.25;83.0
0.85;0.01;3.07;0.8;9.55;0.22;85.5
1.71;0.02;4.66;0.56;11.14;0.26;81.65
2.13;0.03;3.68;0.54;9.11;0.23;84.28
1.33;0.02;2.03;1.14;9.38;0.38;85.72
2.18;0.01;2.23;0.62;10.64;0.26;84.05
3.06;0.09;5.63;0.95;10.27;0.35;79.65
1.72;0.03;4.53;0.98;8.49;0.24;84.01
2.16;0.04;4.64;0.61;11.58;0.26;80.72
2.37;0.03;3.83;0.37;9.57;0.4;83.43
1.73;0.02;4.38;0.84;16.29;0.28;76.45
2.55;0.04;7.86;1.07;22.66;0.37;65.45
1.85;0.01;4.41;0.91;18.63;0.13;74.06
1.75;0.02;3.7;0.79;11.8;0.19;81.76
1.54;0.02;4.45;0.84;15.16;0.2;77.79
1.57;0.03;3.42;0.79;13.72;0.15;80.32
2.62;0.06;7.14;0.82;18.85;0.44;70.06
1.79;0.03;5.2;0.8;17.76;0.18;74.25
2.6;0.06;6.86;1.22;18.7;0.21;70.34
1.58;0.01;7.03;0.43;15.55;0.39;75.01
1.59;0.02;6.99;0.45;12.21;0.72;78.03
1.98;0.02;9.51;0.94;21.2;0.44;65.91
1.37;0.01;2.36;0.37;11.18;0.22;84.49
1.52;0.02;2.59;0.93;9.48;0.47;84.99
1.87;0.03;3.62;0.67;8.37;1.29;84.16
1.78;0.03;2.9;1.85;6.48;1.26;85.71
2.07;0.02;4.85;0.35;12.6;0.45;79.66
2.66;0.09;2.8;0.49;8.93;0.55;84.49
2.31;0.04;5.89;1.28;9.89;1.33;79.25
1.83;0.02;2.53;0.59;8.99;0.45;85.59
2.23;0.03;3.15;0.95;8.7;0.55;84.4
1.4;0.04;3.22;0.95;7.08;0.79;86.53
1.79;0.04;5.57;0.9;10.96;1.64;79.1
2.55;0.05;5.61;0.83;10.86;1.94;78.18
1.61;0.02;2.18;0.7;10.8;0.08;84.61
2.83;0.02;2.31;0.4;11.2;0.19;83.05
2.26;0.03;5.49;0.82;13.59;0.25;77.56
2.64;0.06;4.97;1.04;10.27;0.94;80.08
1.8;0.02;3.6;0.59;15.56;0.22;78.2
1.97;0.04;2.77;0.93;7.05;0.44;86.82
1.86;0.04;5.09;0.79;10.44;1.89;79.88
1.56;0.01;6.43;0.57;11.87;0.73;78.82
1.76;0.04;3.6;1.28;19.21;0.07;74.04
2.52;0.07;6.01;0.53;15.76;0.39;74.71
3.24;0.07;6.89;0.44;17.26;0.41;71.68
2.2;0.04;3.7;0.42;12.54;0.21;80.88
1.81;0.03;2.79;0.53;10.93;0.43;83.48
2.1;0.04;6.17;0.47;16.45;0.49;74.28
1.65;0.02;4.54;0.45;14.87;0.27;78.19
1.79;0.03;6.28;0.55;14.94;0.34;76.07
1.69;0.02;3.45;0.53;12.19;0.38;81.74
1.61;0.03;3.68;1.78;8.7;0.87;83.33
1.32;0.03;2.85;2.23;7.65;0.92;85.01
1.52;0.02;3.3;1.9;9.14;0.62;83.5
1.4;0.02;3.75;2.79;8.24;0.63;83.17
2.07;0.1;2.82;0.76;11.76;0.26;82.23
1.69;0.04;6.32;0.73;13.0;0.49;77.73
1.69;0.02;6.01;2.1;17.07;0.15;72.96
1.42;0.03;3.12;0.8;12.97;0.1;81.57
0.69;0.02;2.12;1.2;9.0;0.13;86.85
1.29;0.03;2.92;1.64;14.25;0.1;79.76
2.07;0.04;5.62;0.75;13.74;0.27;77.5
1.02;0.01;1.91;1.61;8.97;0.11;86.37
1.17;0.03;4.7;0.74;8.74;0.18;84.43
1.03;0.02;3.02;0.68;13.45;0.1;81.71
0.68;0.01;1.88;1.25;8.24;0.07;87.87
1.76;0.03;3.25;0.83;14.99;0.08;79.06
1.21;0.03;3.48;1.2;12.65;0.16;81.27
1.4;0.02;4.49;1.44;14.66;0.09;77.91
1.75;0.02;11.33;1.1;15.84;1.08;68.89
1.66;0.02;5.12;1.21;15.75;0.18;76.06
1.91;0.01;8.03;2.19;20.34;0.16;67.36
1.17;0.02;2.76;1.03;8.69;0.24;86.09
1.59;0.02;4.29;1.04;11.02;0.58;81.44
1.21;0.02;5.47;0.68;13.06;0.39;79.17
1.83;0.04;3.51;3.48;19.51;0.09;71.54
1.97;0.03;9.38;5.46;22.17;0.07;60.91
2.01;0.06;9.64;6.76;15.77;0.12;65.64
2.96;0.04;8.12;4.61;18.55;0.1;65.63
2.18;0.04;7.07;3.39;14.12;0.14;73.07
1.72;0.03;5.05;1.78;9.74;0.18;81.51
1.69;0.03;7.02;1.22;10.68;1.03;78.34
1.5;0.02;6.65;0.91;12.67;0.54;77.71
1.77;0.05;14.65;0.88;18.66;0.72;63.27
1.34;0.01;3.92;1.67;13.59;0.14;79.33
1.98;0.06;6.94;0.75;13.91;0.94;75.44
1.41;0.02;2.81;0.65;7.91;0.38;86.82
1.67;0.02;5.46;0.85;11.03;0.48;80.49
1.2;0.03;3.33;0.53;11.12;0.2;83.59
1.45;0.03;3.16;1.02;11.15;0.1;83.1
0.93;0.02;2.81;1.37;10.35;0.06;84.46
1.6;0.04;3.41;0.94;14.24;0.1;79.69
1.86;0.05;3.62;0.55;14.47;0.21;79.23
1.67;0.02;4.21;0.87;12.82;0.15;80.26
1.34;0.02;2.26;0.76;7.51;0.14;87.97
1.23;0.02;1.86;1.01;8.72;0.13;87.03
1.48;0.02;6.2;0.74;14.01;0.34;77.21
1.12;0.02;1.58;0.54;6.89;0.07;89.76
1.99;0.05;4.13;1.01;18.01;0.1;74.71
2.01;0.04;3.15;0.49;9.61;0.22;84.47
1.4;0.02;1.67;0.59;10.55;0.09;85.67
0.98;0.02;4.1;1.21;7.83;0.4;85.46
1.52;0.04;3.29;0.91;9.69;0.36;84.19
0.6;0.03;4.71;1.13;6.57;0.45;86.51
1.44;0.03;4.98;0.51;16.41;0.26;76.36
1.41;0.02;4.21;0.59;15.36;0.24;78.17
0.85;0.02;2.99;0.82;9.84;0.26;85.23
0.9;0.01;1.98;0.68;11.19;0.09;85.16
1.43;0.02;3.18;0.61;9.84;0.22;84.71
1.24;0.01;3.33;0.43;7.69;0.33;86.97
2.14;0.02;5.21;0.77;14.24;1.14;76.49
2.96;0.04;6.37;0.78;17.44;1.53;70.88
1.31;0.01;2.03;0.54;11.73;0.14;84.24
0.99;0.02;1.46;0.95;9.14;0.08;87.37
1.36;0.03;3.68;1.65;17.07;0.07;76.14
0.9;0.01;3.09;1.81;13.68;0.08;80.42
1.06;0.02;2.36;0.64;9.34;0.11;86.47
1.13;0.02;2.24;0.66;7.73;0.09;88.14
1.53;0.02;2.85;0.58;8.22;0.42;86.37
1.17;0.03;7.77;0.45;14.02;0.24;76.32
2.35;0.02;7.63;1.6;24.72;0.13;63.56
1.79;0.01;6.47;3.33;17.77;0.19;70.43
1.26;0.03;3.15;0.75;9.13;0.24;85.44
1.25;0.02;2.66;1.02;8.48;0.57;86.0
1.38;0.03;6.99;0.8;11.66;0.5;78.65
1.15;0.02;1.83;0.69;8.14;0.13;88.04
1.64;0.02;3.11;0.5;8.46;0.24;86.04
1.28;0.02;1.8;0.48;7.17;0.17;89.08
2.38;0.04;6.8;0.47;15.39;0.33;74.59
1.04;0.02;1.37;0.86;6.62;0.27;89.81
0.86;0.01;1.62;1.34;5.22;0.26;90.68
1.23;0.02;3.37;0.64;7.63;0.3;86.8
1.12;0.02;2.44;0.91;6.75;0.43;88.32
1.28;0.03;2.86;1.05;7.66;0.26;86.86
1.68;0.06;10.49;1.87;11.07;0.52;74.31
3.29;0.16;11.51;2.55;10.94;0.22;71.33
0.82;0.03;7.5;1.34;10.7;0.12;79.5
1.2;0.05;3.29;1.73;9.06;0.29;84.38
1.51;0.02;3.77;2.36;13.68;0.07;78.58
1.5;0.03;4.24;1.36;15.05;0.16;77.66
1.08;0.01;3.78;2.07;13.68;0.11;79.27
1.59;0.01;4.16;3.51;9.63;0.11;80.98
1.7;0.04;2.45;0.57;8.81;0.56;85.87
2.73;0.03;6.59;0.28;19.08;1.21;70.08
2.07;0.02;3.42;0.48;11.3;0.51;82.18
0.9;0.02;1.85;0.85;7.42;0.08;88.88
1.43;0.04;4.11;0.91;10.28;0.37;82.87
1.06;0.02;2.71;0.49;7.58;0.44;87.71
0.72;0.01;2.9;0.71;7.02;0.42;88.21
3.58;0.04;7.13;0.49;19.91;1.06;67.8
2.29;0.03;3.83;0.84;14.11;0.61;78.3
1.42;0.02;5.08;2.26;8.1;0.27;82.84
2.02;0.04;3.13;0.76;9.5;0.46;84.1
1.96;0.04;4.84;1.03;9.33;0.81;81.98
1.36;0.01;5.7;0.68;11.8;0.52;79.94
1.77;0.04;4.24;0.63;13.17;0.36;79.79
1.48;0.01;3.34;0.25;8.3;0.48;86.14
1.96;0.02;4.9;1.26;16.78;0.2;74.88
1.62;0.02;3.71;1.38;13.29;0.14;79.84
1.51;0.01;4.51;1.55;20.87;0.12;71.43
2.11;0.02;9.75;0.36;18.94;0.35;68.47
1.64;0.02;7.18;0.53;14.95;0.57;75.11
1.57;0.02;6.15;1.55;12.35;0.56;77.8
1.43;0.01;3.79;1.19;11.56;0.2;81.81
2.32;0.03;9.27;0.37;16.23;0.43;71.35
1.64;0.02;10.62;0.66;15.53;1.02;70.5
1.38;0.01;6.36;0.7;11.08;1.15;79.32
1.43;0.03;5.68;0.67;11.0;0.46;80.72
1.41;0.01;3.88;0.83;10.64;0.23;82.99
0.54;0.01;2.17;0.95;5.9;0.13;90.3
1.16;0.02;3.06;0.62;11.23;0.17;83.74
1.85;0.05;2.32;0.7;8.69;0.43;85.96
1.9;0.02;4.82;0.41;11.82;0.62;80.42
1.44;0.02;4.03;0.58;9.8;0.29;83.84
2.17;0.04;5.59;0.37;13.7;0.41;77.73
1.11;0.02;3.26;1.22;7.88;0.3;86.21
0.83;0.01;1.7;0.8;9.23;0.15;87.29
0.78;0.01;3.48;0.81;11.72;0.21;82.98
1.91;0.02;4.81;0.59;10.33;0.35;81.99
2.1;0.03;8.65;1.33;13.62;0.73;73.55
1.97;0.02;9.48;0.39;21.12;0.57;66.46
1.06;0.02;3.96;0.8;9.86;0.37;83.93
2.06;0.04;7.06;0.82;10.72;0.5;78.79
1.07;0.02;7.5;1.08;8.37;0.82;81.14
2.32;0.04;11.38;0.62;15.54;0.61;69.49
1.93;0.02;8.34;0.46;12.03;0.44;76.77
1.31;0.01;5.31;0.44;8.98;0.7;83.25
1.99;0.01;8.96;0.61;16.49;0.57;71.37
2.27;0.03;7.93;0.57;14.13;0.45;74.62
1.33;0.02;7.76;0.74;10.15;0.62;79.38
2.47;0.04;7.77;0.59;11.86;0.9;76.37
1.51;0.04;4.81;0.6;11.33;0.32;81.39
1.61;0.01;3.74;1.29;13.09;0.11;80.15
2.2;0.03;9.95;7.53;24.34;0.11;55.84
2.29;0.03;5.87;3.2;15.83;0.12;72.66
2.03;0.03;16.3;1.95;17.02;0.56;62.11
0.96;0.01;4.66;1.14;9.4;0.27;83.56
0.97;0.03;3.82;0.68;11.0;0.19;83.31
2.29;0.04;7.05;0.67;14.11;1.05;74.78
1.78;0.02;2.53;0.81;8.47;0.47;85.93
1.94;0.02;3.37;0.51;10.88;0.25;83.02
1.83;0.02;6.68;5.33;15.02;0.13;70.99
2.02;0.05;9.81;11.14;17.69;0.08;59.2
1.84;0.05;9.87;1.95;18.21;0.09;68.0
2.63;0.04;7.28;7.78;28.19;0.17;53.92
1.29;0.03;3.0;4.52;10.79;0.11;80.27
1.08;0.03;1.53;0.75;6.27;0.27;90.06
1.61;0.04;2.15;1.36;8.55;0.33;85.96
1.27;0.01;2.03;0.44;6.72;0.36;89.15
1.54;0.03;4.0;0.73;10.11;0.24;83.34
1.87;0.06;5.11;0.79;15.34;0.34;76.49
1.96;0.04;7.13;0.58;13.09;0.33;76.89
1.93;0.05;4.71;0.72;14.87;0.17;77.54
1.88;0.04;4.66;1.35;18.29;0.23;73.55
0.94;0.01;1.92;1.24;9.43;0.06;86.41
1.61;0.03;3.81;0.92;13.78;0.23;79.61
1.76;0.03;5.5;1.22;16.21;0.14;75.14
1.74;0.02;4.15;1.13;13.27;0.07;79.62
1.31;0.01;4.23;1.15;20.11;0.07;73.12
0.63;0.02;1.23;1.46;8.25;0.07;88.34
0.8;0.04;2.25;0.88;6.34;0.14;89.56
1.93;0.04;4.55;1.81;10.98;0.49;80.19
2.27;0.04;5.54;0.63;15.82;1.01;74.69
1.71;0.05;7.08;0.6;13.26;0.83;76.47
1.28;0.02;3.6;1.78;13.68;0.11;79.54
1.81;0.05;6.52;0.96;14.68;0.39;75.6
1.7;0.02;1.92;0.72;14.18;0.09;81.36
2.13;0.07;2.57;1.05;11.09;0.29;82.81
1.12;0.02;2.09;1.43;15.93;0.06;79.36
2.09;0.06;8.32;0.84;14.52;0.79;73.38
0.99;0.01;5.46;0.52;10.66;0.35;82.0
1.65;0.02;7.14;0.85;10.24;0.72;79.39
1.62;0.05;4.13;1.33;10.18;0.24;82.45
2.54;0.02;5.06;0.84;14.16;0.44;76.93
2.02;0.04;6.18;1.84;15.5;0.54;73.88
1.63;0.02;3.92;0.67;12.94;0.37;80.46
1.95;0.02;4.87;0.6;16.19;0.38;75.99
0.86;0.01;5.45;0.55;7.78;0.53;84.82
1.47;0.02;3.03;1.58;7.26;1.37;85.26
1.34;0.01;6.01;0.61;9.72;1.33;80.98
2.03;0.02;4.5;0.69;9.34;1.56;81.86
0.85;0.01;4.96;1.03;9.27;1.22;82.66
2.25;0.02;5.78;0.41;10.66;1.28;79.61
1.46;0.06;6.67;0.95;12.31;0.52;78.02
2.27;0.02;10.26;0.35;20.0;1.09;66.01
1.7;0.04;5.81;0.42;13.55;0.68;77.8
1.86;0.02;5.95;0.88;9.34;1.74;80.22
1.3;0.02;7.29;0.68;12.28;0.45;77.99
1.02;0.01;8.42;1.68;12.21;1.65;75.02
2.57;0.01;12.88;0.77;16.82;1.04;65.91
2.44;0.03;4.92;0.68;12.02;1.66;78.26
1.29;0.02;3.3;0.66;12.32;0.38;82.03
1.66;0.02;5.19;0.59;11.22;1.08;80.25
1.68;0.02;5.95;0.99;16.26;0.25;74.85
2.15;0.03;5.08;0.8;10.59;1.16;80.19
1.59;0.02;4.34;1.06;8.83;1.46;82.69
1.43;0.02;5.89;1.43;10.02;1.96;79.24
2.5;0.06;2.16;1.04;7.38;1.13;85.73
2.31;0.02;6.08;0.75;12.13;0.9;77.8
1.63;0.03;2.78;1.21;7.31;0.78;86.27
2.42;0.03;11.32;1.12;12.1;2.15;70.85
1.3;0.01;9.52;2.45;9.51;1.63;75.58
2.56;0.06;8.64;0.49;16.93;2.17;69.15
1.57;0.01;7.41;2.29;9.05;1.71;77.96
1.48;0.01;13.08;0.9;15.82;1.05;67.67
2.25;0.04;9.7;1.39;19.05;1.07;66.49
2.06;0.02;5.04;0.75;11.49;0.89;79.76
1.88;0.03;5.56;0.4;14.79;1.15;76.2
2.05;0.02;9.74;0.9;11.39;1.66;74.25
1.64;0.06;8.16;0.77;17.36;0.33;71.68
7.53;0.01;17.11;6.07;7.28;13.71;48.28
1.71;0.04;9.81;11.94;24.91;0.17;51.42
1.69;0.04;5.42;6.94;16.22;0.12;69.57
1.34;0.03;3.21;4.66;12.59;0.08;78.09
1.25;0.01;5.76;1.13;9.63;0.73;81.5
1.9;0.09;3.38;1.61;8.01;1.33;83.69
2.67;0.08;9.04;3.65;12.04;1.6;70.91
2.42;0.18;6.2;2.32;11.0;0.89;76.99
1.61;0.06;9.14;1.39;17.34;0.76;69.68
1.75;0.02;6.53;2.69;23.31;0.16;65.54
0.92;0.02;6.48;1.96;7.41;0.59;82.62
2.03;0.06;6.41;0.85;14.62;1.16;74.88
2.14;0.05;5.04;1.27;8.74;1.82;80.94
1.83;0.02;5.12;1.34;8.16;1.49;82.04
2.08;0.05;4.9;0.92;12.41;1.04;78.6
2.52;0.08;6.07;1.13;10.66;0.87;78.66
2.33;0.05;8.23;1.87;12.0;3.02;72.5
2.07;0.03;4.57;2.75;10.45;1.1;79.03
2.01;0.01;7.74;1.8;9.64;1.93;76.86
1.39;0.03;4.01;1.07;10.26;1.2;82.04
1.89;0.04;5.36;2.78;9.56;1.49;78.88
2.38;0.03;6.88;1.05;13.83;1.33;74.5
1.84;0.01;5.1;0.85;9.92;1.3;80.98
2.3;0.06;3.81;1.77;10.27;1.68;80.11
2.45;0.03;7.3;0.8;12.88;1.88;74.66
1.72;0.15;3.26;1.26;12.54;0.82;80.25
3.06;0.09;3.96;2.0;9.64;2.64;78.6
1.83;0.03;5.9;1.25;8.79;1.42;80.79
1.99;0.05;6.32;2.07;9.87;1.24;78.45
4.16;0.24;6.9;4.21;8.53;5.56;70.4
2.7;0.11;4.32;2.02;10.02;1.06;79.76
1.64;0.03;11.42;2.08;13.48;1.25;70.1
2.32;0.05;10.01;1.1;15.07;1.71;69.74
2.3;0.07;4.5;2.14;9.26;1.73;79.99
2.02;0.05;7.46;1.1;12.96;1.3;75.11
2.52;0.04;7.51;0.86;11.53;1.47;76.07
2.29;0.08;5.28;0.87;12.1;1.74;77.63
2.19;0.02;4.99;1.17;12.24;1.03;78.36
1.47;0.03;3.44;1.07;5.5;1.29;87.21
1.81;0.03;5.39;0.96;9.35;1.81;80.65
2.03;0.06;6.35;0.92;12.82;1.43;76.39
1.76;0.02;13.37;1.32;14.88;0.91;67.75
0.99;0.03;6.81;0.85;11.71;0.54;79.07
1.19;0.01;7.16;1.51;7.31;1.71;81.11
1.13;0.02;7.01;0.95;9.06;0.81;81.01
4.26;0.05;5.69;1.49;10.09;4.11;74.31
2.13;0.05;5.81;1.36;9.31;2.35;78.99
1.33;0.03;16.14;1.36;16.4;2.42;62.33
2.19;0.05;7.24;1.11;11.76;3.51;74.15
2.76;0.06;5.85;1.01;9.0;3.47;77.84
1.69;0.03;2.62;0.48;7.5;0.94;86.74
1.52;0.02;5.36;0.57;10.75;0.83;80.95
2.69;0.05;7.83;8.64;23.72;0.25;56.81
2.48;0.06;12.54;11.35;17.07;0.08;56.42
1.27;0.04;4.38;6.2;17.29;0.05;70.78
1.22;0.03;8.12;3.67;9.97;0.23;76.77
2.2;0.03;5.03;3.55;19.01;0.09;70.1
0.64;0.02;5.3;1.9;7.73;0.38;84.02
1.19;0.03;8.04;2.03;9.77;0.92;78.04
1.19;0.01;7.47;1.53;10.14;0.9;78.75
1.18;0.02;2.09;1.94;5.23;1.19;88.36
1.86;0.03;5.91;0.61;9.85;1.17;80.58
1.01;0.02;5.72;1.48;9.6;0.76;81.42
3.17;0.04;3.91;0.85;9.9;1.7;80.43
1.66;0.02;3.6;2.15;12.9;0.19;79.47
1.97;0.05;5.42;1.09;8.97;1.1;81.4
2.03;0.09;8.53;0.6;17.29;0.58;70.88
2.71;0.06;3.8;0.61;10.6;1.31;80.9
1.54;0.03;8.42;0.89;8.6;1.15;79.37
1.76;0.05;10.18;2.37;12.07;1.31;72.26
1.73;0.02;8.51;1.08;13.22;1.67;73.77
2.1;0.03;8.27;0.57;16.53;1.08;71.43
1.89;0.03;4.89;0.42;10.93;0.86;80.98
3.07;0.03;11.88;0.45;20.25;1.66;62.67
1.71;0.02;12.95;1.65;14.49;1.41;67.77
3.54;0.04;4.5;0.59;13.75;1.7;75.88
2.81;0.04;7.12;0.62;13.18;1.14;75.09
3.15;0.05;6.73;1.63;9.13;3.67;75.64
2.81;0.06;7.3;0.6;14.56;1.25;73.42
1.7;0.02;3.9;0.63;9.74;1.03;82.97
3.1;0.02;10.06;0.84;15.21;1.55;69.23
1.35;0.03;6.91;0.66;12.21;0.54;78.29
3.63;0.08;11.75;5.15;23.71;0.18;55.5
3.44;0.13;14.26;5.82;24.29;0.14;51.91
3.06;0.03;11.33;5.94;29.29;0.11;50.24
1.75;0.1;6.23;9.37;19.12;0.05;63.38
1.33;0.04;8.42;1.92;8.88;0.31;79.1
2.38;0.06;4.3;2.05;9.27;0.83;81.11
2.48;0.04;6.02;0.67;10.33;0.87;79.58
3.88;0.04;6.58;0.41;14.08;3.27;71.74
1.95;0.02;2.41;0.65;9.76;0.67;84.54
3.99;0.09;7.97;0.76;16.48;1.64;69.07
1.69;0.05;18.37;2.42;14.82;1.66;60.99
0.92;0.01;3.22;0.8;8.79;0.21;86.05
2.87;0.05;6.8;0.85;14.83;1.46;73.15
0.92;0.01;5.0;1.34;5.89;0.63;86.2
1.51;0.03;4.5;0.84;12.87;0.18;80.07
1.95;0.02;4.92;0.65;11.65;0.98;79.82
7.13;0.01;14.19;7.11;7.64;12.0;51.91
2.23;0.02;6.88;0.53;16.0;1.39;72.93
1.19;0.03;9.15;1.05;9.43;1.04;78.1
1.64;0.03;8.15;0.97;15.01;1.29;72.9
1.46;0.03;4.96;1.06;8.88;1.35;82.27
1.99;0.05;3.24;0.99;6.44;0.63;86.66
2.09;0.05;5.96;2.22;15.67;0.38;73.63
1.11;0.01;10.14;0.95;11.01;0.76;76.01
3.34;0.07;9.93;1.62;14.8;1.72;68.51
1.26;0.01;7.37;0.54;17.0;0.28;73.53
1.99;0.02;5.87;0.75;10.34;0.65;80.38
7.43;0.02;12.09;7.21;7.68;19.17;46.4
0.93;0.01;2.96;0.76;8.56;0.52;86.26
2.69;0.02;3.74;0.58;12.19;1.34;79.45
1.4;0.06;12.11;1.34;12.83;1.39;70.87
1.45;0.02;2.11;2.06;5.31;0.93;88.11
3.96;0.06;5.71;0.97;11.31;2.33;75.65
1.78;0.02;6.54;2.19;17.82;0.16;71.49
1.76;0.04;4.38;0.67;11.32;0.91;80.92
6.57;0.01;13.88;6.59;6.02;18.22;48.7
2.12;0.03;4.39;0.4;12.56;0.86;79.64
1.64;0.02;3.5;0.65;7.2;0.45;86.54
1.73;0.01;5.07;0.66;9.49;0.58;82.46
1.78;0.04;4.19;0.76;7.65;1.32;84.26
