angry;disgust;scared;happy;sad;surprised;neutral
8.02;6.56;10.45;7.43;18.21;0.31;49.01
8.23;7.25;10.51;7.25;17.97;0.3;48.49
5.06;4.76;10.21;3.99;14.62;0.24;61.12
8.63;5.68;10.75;7.62;17.89;0.33;49.1
7.42;5.85;14.54;2.68;16.35;0.24;52.92
9.87;19.64;10.56;4.98;17.93;0.2;36.82
10.26;5.43;15.57;3.26;17.34;0.28;47.86
9.01;1.76;13.43;5.45;20.01;0.39;49.94
7.26;0.66;20.43;4.59;29.31;0.71;37.03
17.98;3.69;14.42;3.87;21.85;0.13;38.05
11.78;5.01;11.19;5.37;18.7;0.2;47.76
12.94;14.76;11.46;4.5;20.02;0.2;36.12
11.95;5.92;18.96;3.52;22.19;0.31;37.15
6.74;0.2;14.52;4.86;26.09;0.3;47.28
5.0;0.2;15.57;5.43;21.38;0.3;52.12
10.9;8.71;17.58;5.2;24.16;0.51;32.93
13.6;0.9;17.58;4.56;28.29;0.47;34.61
7.23;2.71;9.81;10.08;22.42;0.54;47.21
6.27;7.06;15.43;6.95;22.37;0.81;41.1
5.92;0.38;18.33;4.84;25.14;0.44;44.96
6.18;0.4;18.48;4.92;24.92;0.44;44.65
6.08;30.42;11.92;2.39;15.05;0.18;33.97
5.92;30.67;12.16;2.22;15.59;0.17;33.27
6.02;4.23;11.89;6.21;25.69;0.46;45.5
6.36;4.64;12.82;5.62;28.53;0.53;41.5
6.55;5.37;12.68;5.38;28.73;0.54;40.74
6.23;11.36;17.81;3.29;23.33;0.41;37.58
6.34;12.24;17.84;3.3;22.99;0.41;36.88
4.6;3.68;9.74;6.73;34.49;0.09;40.66
4.1;1.98;10.92;8.13;38.66;0.08;36.13
5.42;0.75;15.66;11.01;31.61;0.2;35.35
5.62;4.31;15.58;4.86;33.8;0.09;35.74
6.73;1.74;12.57;5.69;36.08;0.09;37.09
10.66;1.71;17.28;4.39;24.57;0.2;41.19
9.96;0.48;14.7;4.45;26.04;0.33;44.04
15.95;4.32;12.21;2.71;28.49;0.24;36.08
9.59;1.48;17.13;6.03;25.01;0.53;40.22
9.11;2.69;14.99;4.42;24.92;0.39;43.47
9.3;2.61;15.26;4.27;24.26;0.41;43.88
13.9;3.29;11.37;4.32;23.18;0.32;43.62
12.93;1.87;20.8;3.56;22.79;0.18;37.86
13.23;1.5;20.48;3.0;25.84;0.42;35.53
5.3;0.38;16.07;3.6;18.77;0.35;55.53
5.06;0.11;10.53;6.66;18.95;0.33;58.35
9.42;0.28;14.44;4.61;24.69;0.37;46.19
4.42;0.1;9.05;9.07;19.16;0.33;57.87
11.51;0.44;18.51;4.0;27.83;0.65;37.06
10.18;4.27;12.21;9.38;21.23;0.39;42.35
12.35;10.47;10.28;8.44;17.16;0.21;41.1
12.53;10.93;10.35;8.48;16.96;0.22;40.53
8.4;7.27;12.78;9.61;16.31;0.45;45.18
11.02;0.95;18.46;3.83;29.5;0.53;35.72
11.22;1.01;17.99;4.0;29.22;0.55;36.0
7.71;6.54;12.53;8.88;15.93;0.44;47.97
6.88;0.71;15.14;5.66;23.92;0.6;47.09
13.13;7.2;16.93;6.79;22.9;0.46;32.59
13.02;7.3;17.09;6.69;22.94;0.46;32.5
5.08;0.15;13.24;7.74;19.05;0.44;54.3
17.99;1.86;20.15;4.7;18.93;0.29;36.08
7.37;4.3;12.88;11.75;14.05;0.74;48.91
5.48;1.32;10.95;7.92;18.63;0.95;54.76
5.57;2.88;12.01;7.1;14.5;0.46;57.5
7.1;6.45;15.12;4.26;17.14;0.34;49.59
9.08;2.88;13.89;8.73;20.87;0.47;44.07
8.28;3.8;14.65;8.85;18.86;1.19;44.36
8.29;4.31;17.09;7.49;17.0;0.74;45.08
8.69;4.77;17.29;7.17;17.24;0.71;44.13
13.94;0.86;22.16;5.01;23.98;0.52;33.54
15.75;1.24;21.36;4.68;22.44;0.51;34.02
3.83;0.17;13.21;6.35;15.73;0.4;60.31
8.02;0.3;16.79;10.68;13.36;0.41;50.45
3.78;0.17;14.12;6.02;15.91;0.39;59.63
12.43;4.67;16.41;6.72;21.6;0.41;37.76
11.59;8.74;20.44;6.27;20.25;0.68;32.03
8.41;0.36;14.41;5.66;27.13;0.42;43.61
10.41;8.51;19.37;5.86;26.16;0.69;29.0
6.52;0.71;18.63;3.9;26.65;0.79;42.8
13.07;2.02;19.09;5.32;24.86;0.37;35.27
4.94;3.31;11.55;4.49;12.62;0.24;62.84
5.02;3.19;11.54;4.58;12.79;0.24;62.65
4.02;1.19;9.23;4.28;14.77;0.41;66.1
3.99;1.18;9.44;4.17;15.02;0.42;65.77
9.86;11.53;11.64;5.55;17.07;0.3;44.05
9.79;12.47;10.79;5.87;16.93;0.3;43.85
10.09;8.34;12.53;5.71;14.62;0.21;48.51
16.4;3.39;17.81;4.57;23.93;0.23;33.67
13.97;2.66;15.81;4.99;30.34;0.34;31.89
15.86;3.37;23.54;2.1;26.62;0.28;28.24
13.77;4.22;18.75;4.21;25.31;0.26;33.48
14.46;3.92;18.9;4.02;24.93;0.27;33.51
11.67;10.09;14.05;3.48;18.98;0.23;41.49
10.87;8.01;12.15;7.75;17.56;0.41;43.25
10.87;6.86;12.13;8.22;24.05;0.4;37.47
8.35;5.22;9.26;3.72;19.04;0.13;54.29
12.45;3.03;10.27;6.58;23.25;0.15;44.28
14.33;4.65;11.14;6.64;22.84;0.25;40.16
14.94;4.3;10.71;7.03;23.76;0.24;39.02
14.61;17.03;9.54;6.48;23.29;0.19;28.86
8.74;15.75;14.98;2.91;30.18;0.14;27.3
3.02;7.09;17.44;2.77;25.14;0.11;44.44
6.35;44.78;13.04;3.3;15.87;0.16;16.5
3.65;24.41;20.45;2.95;29.39;0.13;19.01
4.73;23.87;17.04;4.77;23.14;0.17;26.27
11.14;1.7;12.82;12.24;29.22;0.15;32.73
6.22;0.45;7.53;13.51;31.1;0.14;41.04
10.54;5.54;9.62;7.58;32.26;0.16;34.3
8.28;6.61;8.53;7.68;33.91;0.18;34.81
7.08;0.61;7.99;15.59;22.39;0.2;46.14
4.86;0.16;6.35;32.99;15.43;0.31;39.91
6.01;0.49;6.8;22.41;13.61;0.37;50.31
23.47;0.59;13.93;4.26;13.26;0.83;43.66
11.78;0.82;5.75;14.07;26.07;0.28;41.24
4.85;0.1;4.63;5.03;15.01;0.2;70.18
4.11;0.07;3.17;12.87;14.73;0.28;64.77
19.43;0.6;17.78;4.96;6.59;3.07;47.57
7.22;0.98;7.28;4.56;19.66;0.24;60.06
7.51;0.53;6.31;3.71;19.62;0.29;62.03
8.12;0.48;14.41;1.43;23.69;0.68;51.2
7.18;0.44;10.99;2.67;18.34;1.21;59.17
10.35;1.42;16.55;1.71;19.59;1.8;48.58
15.89;1.56;28.24;0.82;18.02;1.78;33.69
25.44;1.8;21.42;22.86;19.17;0.7;8.6
3.33;0.16;5.13;1.2;5.92;0.9;83.36
5.63;0.17;4.85;0.91;6.93;1.19;80.32
2.47;0.0;10.4;5.67;1.89;13.03;66.53
6.78;0.65;3.42;49.95;25.91;0.33;12.96
16.74;0.33;18.65;0.37;8.06;1.46;54.38
15.81;0.3;16.62;0.32;7.94;0.93;58.07
27.45;0.82;11.49;0.62;5.1;1.53;52.99
4.19;0.07;6.89;0.9;3.2;1.29;83.47
14.98;0.3;17.02;0.24;7.14;2.11;58.2
2.88;0.0;12.06;5.91;1.76;18.32;59.06
4.04;0.08;5.1;0.76;5.76;0.6;83.66
2.62;0.03;4.57;1.24;3.99;0.32;87.23
12.23;0.19;10.01;1.57;5.63;1.85;68.53
15.82;0.71;16.47;0.62;10.01;1.73;54.64
8.98;0.33;12.66;2.88;5.92;2.12;67.1
18.18;0.48;14.35;1.66;4.77;3.41;57.16
15.97;0.35;15.92;1.62;5.85;3.9;56.38
9.41;0.74;12.66;1.46;8.33;1.97;65.43
8.91;0.34;11.93;1.32;7.1;2.28;68.12
8.55;0.36;9.07;0.83;7.18;1.89;72.13
8.42;0.39;18.87;0.53;9.17;1.83;60.79
12.08;0.46;21.0;0.35;9.19;1.62;55.29
16.92;0.49;16.48;0.34;9.35;1.3;55.12
9.46;0.39;8.48;28.78;31.47;4.49;16.93
9.46;0.39;8.48;28.78;31.47;4.49;16.93
9.46;0.39;8.48;28.76;31.46;4.49;16.95
40.74;2.84;21.52;1.14;4.89;5.71;23.16
30.44;10.85;14.51;1.05;3.03;15.72;24.4
37.07;6.74;11.88;1.5;3.85;5.79;33.16
26.57;1.11;9.24;8.05;4.6;19.45;30.97
26.75;0.59;11.94;13.14;3.03;15.48;29.07
9.96;0.04;6.29;34.18;30.58;1.67;17.29
9.96;0.04;6.29;34.18;30.58;1.67;17.29
21.88;0.28;13.51;12.7;4.52;18.86;28.25
24.09;0.31;12.88;10.99;3.88;22.43;25.41
25.34;0.26;7.85;20.8;4.61;23.61;17.54
17.38;0.17;10.49;21.56;27.1;1.12;22.18
17.03;0.17;10.45;21.76;27.15;1.11;22.33
20.17;0.14;5.08;34.83;3.17;14.62;21.99
16.14;0.09;3.77;42.63;1.92;14.94;20.51
10.9;0.11;2.56;47.61;1.6;17.12;20.11
15.31;0.02;17.14;20.12;3.34;9.08;34.99
15.31;0.02;17.14;20.12;3.34;9.08;34.99
20.23;0.26;13.7;2.31;13.83;4.05;45.62
3.17;0.1;12.82;7.44;7.6;33.13;35.75
12.49;0.15;4.69;38.26;26.73;0.52;17.16
24.96;0.88;17.74;8.01;7.94;11.8;28.66
16.57;0.05;6.88;42.95;17.2;2.0;14.34
16.17;0.18;8.75;30.13;25.68;2.15;16.94
4.17;0.01;9.22;34.47;7.78;5.52;38.83
6.39;0.21;3.47;5.33;8.76;0.21;75.62
5.9;0.0;14.06;6.34;3.41;15.62;54.67
12.88;0.19;3.01;14.24;8.77;0.56;60.33
10.33;0.05;5.99;34.61;13.23;1.44;34.35
10.33;0.05;5.99;34.61;13.23;1.44;34.35
9.22;0.03;2.7;5.22;8.55;0.19;74.08
8.28;0.05;3.8;10.4;11.21;0.3;65.95
4.34;0.01;15.01;12.7;13.59;3.48;50.87
8.78;0.19;16.12;23.69;10.7;3.32;37.19
8.79;0.19;16.12;23.7;10.7;3.32;37.18
5.23;0.02;2.07;6.42;7.23;0.36;78.67
5.25;0.02;2.14;5.93;7.43;0.34;78.89
5.65;0.03;2.75;8.95;9.15;0.31;73.16
9.39;0.05;6.46;8.62;10.3;0.91;64.27
6.58;0.09;3.49;11.7;9.73;0.21;68.21
9.59;0.06;11.98;23.36;24.53;0.81;29.67
20.0;0.05;13.68;17.83;37.91;2.02;8.51
16.32;0.12;3.48;8.06;8.47;0.17;63.38
8.77;0.1;3.91;9.93;9.37;0.42;67.51
5.23;0.03;3.08;4.79;9.65;0.41;76.81
5.19;0.1;3.44;11.91;8.73;0.4;70.23
12.21;0.02;16.35;7.11;35.61;1.05;27.64
3.61;0.09;3.13;10.64;9.59;0.48;72.46
3.15;0.08;3.43;12.59;9.19;0.54;71.02
2.91;0.08;1.99;17.2;6.17;0.47;71.17
7.91;0.0;11.53;11.0;3.62;6.21;59.74
8.65;0.14;5.1;5.47;11.31;0.99;68.33
11.14;0.5;5.61;8.34;10.11;0.38;63.92
9.71;0.02;15.61;14.77;7.67;5.22;47.01
5.47;0.15;8.54;20.5;32.2;1.8;31.33
5.2;0.11;7.41;19.93;33.32;1.92;32.12
4.63;0.14;2.9;19.72;6.41;0.69;65.49
1.83;0.05;1.72;15.44;5.15;0.55;75.26
2.29;0.06;2.31;12.5;9.22;0.44;73.18
2.79;0.07;2.32;11.07;9.38;0.37;73.99
3.85;0.09;3.16;9.5;9.14;0.41;73.85
4.35;0.08;3.91;11.09;7.57;0.65;72.34
1.75;0.05;1.69;17.71;4.27;0.57;73.97
2.62;0.03;2.02;9.63;7.64;0.39;77.68
2.92;0.04;2.4;8.29;8.4;0.58;77.37
7.37;0.1;3.2;9.76;5.56;0.34;73.66
3.66;0.07;1.94;15.29;5.76;0.27;73.01
6.62;0.11;11.12;23.56;10.37;11.83;36.39
6.62;0.11;11.12;23.56;10.37;11.83;36.39
9.32;0.03;5.65;2.58;12.65;0.17;69.6
3.45;0.02;2.73;4.51;8.19;0.29;80.81
1.88;0.02;1.64;9.28;5.92;0.28;80.99
4.15;0.02;2.42;1.22;5.5;0.48;86.22
2.13;0.02;1.59;5.5;6.33;0.08;84.34
2.55;0.03;2.08;7.56;10.59;0.28;76.91
3.82;0.07;2.64;6.45;9.36;0.23;77.43
3.8;0.02;7.08;15.96;5.47;3.23;64.43
6.78;0.02;17.92;16.5;6.62;14.08;38.08
4.14;0.02;2.62;6.45;8.53;0.13;78.11
2.16;0.03;1.54;11.64;7.08;0.21;77.35
2.9;0.02;2.17;7.93;7.34;0.17;79.47
2.16;0.04;1.62;20.84;5.15;0.24;69.95
3.22;0.01;1.97;8.23;9.81;0.15;76.61
5.95;0.06;2.19;5.97;5.51;0.17;80.16
2.88;0.07;2.17;10.03;6.69;0.16;78.0
6.81;0.09;16.71;18.26;11.97;9.54;36.63
3.85;0.01;2.9;6.93;8.61;0.19;77.49
3.92;0.01;2.57;6.06;8.53;0.16;78.75
2.92;0.06;1.9;12.47;8.03;0.18;74.45
3.58;0.04;2.05;6.76;8.96;0.22;78.39
6.0;0.11;2.26;5.18;9.54;0.14;76.78
2.43;0.06;3.1;5.42;21.76;0.08;67.16
2.26;0.06;2.97;5.52;21.02;0.07;68.1
3.6;0.04;2.28;6.02;11.88;0.1;76.07
1.02;0.09;18.9;27.17;18.46;5.2;29.16
17.83;0.08;22.22;14.88;13.19;3.55;28.26
2.36;0.03;1.0;9.59;6.12;0.11;80.79
2.17;0.01;0.9;7.14;6.95;0.12;82.71
3.14;0.04;2.39;5.1;11.12;0.19;78.02
2.15;0.03;1.99;11.02;9.26;0.28;75.28
2.65;0.04;2.26;7.99;10.76;0.21;76.1
6.45;0.27;12.6;9.65;11.45;3.05;56.52
7.9;0.01;5.62;25.71;12.05;5.41;43.29
7.9;0.01;5.62;25.71;12.05;5.41;43.29
7.9;0.01;5.62;25.71;12.05;5.41;43.29
2.94;0.03;2.22;15.55;8.29;0.19;70.78
13.13;0.21;3.8;5.11;10.72;1.28;65.75
13.85;0.15;3.61;6.61;11.3;1.31;63.17
3.54;0.03;1.9;11.36;9.04;0.29;73.84
25.8;0.5;25.22;1.63;11.67;20.86;14.31
2.06;0.03;1.96;9.11;8.92;0.2;77.72
2.86;0.05;2.53;15.49;7.92;0.16;70.99
3.24;0.11;2.6;14.86;10.4;0.14;68.64
3.53;0.06;2.79;10.52;13.25;0.26;69.59
3.49;0.06;2.7;11.12;12.53;0.27;69.83
5.56;0.04;2.83;9.35;8.29;0.28;73.64
2.93;0.02;1.74;13.6;6.53;0.24;74.94
1.92;0.02;1.44;10.75;5.18;0.28;80.42
3.14;0.03;1.81;12.02;8.57;0.43;74.01
2.07;0.02;1.53;11.3;5.73;0.25;79.09
3.37;0.05;2.52;10.41;11.65;0.4;71.6
3.37;0.05;2.58;10.21;11.78;0.4;71.62
4.47;0.02;3.14;10.21;12.26;0.38;69.53
4.2;0.03;2.82;8.61;12.53;0.3;71.51
3.63;0.05;2.45;10.67;9.38;0.47;73.36
2.36;0.02;1.92;14.61;6.8;0.35;73.93
4.14;0.05;1.93;11.53;10.63;0.45;71.28
4.17;0.05;1.94;11.51;10.74;0.44;71.14
4.14;0.05;1.88;11.47;10.66;0.43;71.38
3.02;0.01;23.41;10.84;7.46;6.77;48.48
5.75;0.07;2.59;9.54;10.38;0.19;71.48
4.16;0.05;2.04;13.3;10.94;0.63;68.88
4.15;0.05;2.06;13.15;11.01;0.62;68.95
7.24;0.13;3.06;15.49;13.65;0.36;60.08
4.53;0.05;3.43;9.5;12.51;0.38;69.61
2.2;0.06;1.77;16.07;6.61;0.15;73.14
2.5;0.01;1.75;13.73;8.96;0.27;72.78
2.71;0.01;1.6;9.02;8.99;0.19;77.47
17.4;0.27;4.16;11.46;14.34;1.23;51.13
6.09;0.04;2.07;6.17;6.46;0.29;78.89
3.78;0.04;1.77;18.7;7.43;0.27;68.01
6.23;0.02;2.34;9.53;7.22;0.27;74.39
8.65;0.14;3.01;17.75;6.72;0.3;63.44
4.73;0.09;1.57;19.07;5.91;0.11;68.52
15.52;0.69;3.05;7.75;10.47;1.28;61.24
7.29;0.05;3.75;9.62;12.5;0.3;66.48
4.33;0.03;2.01;12.78;6.39;0.24;74.21
4.8;0.22;2.37;10.96;12.43;0.15;69.06
3.28;0.04;2.86;8.05;13.53;0.42;71.83
4.41;0.03;1.19;11.87;7.29;0.16;75.05
6.48;0.45;6.22;5.69;28.11;0.11;52.94
5.21;0.34;7.71;6.66;30.13;0.14;49.81
3.05;0.36;6.44;6.39;22.04;0.07;61.65
6.3;0.89;5.79;4.78;22.41;0.15;59.69
3.9;0.63;4.35;6.94;11.48;0.06;72.64
5.18;0.96;5.35;4.85;12.17;0.08;71.4
1.76;0.19;2.29;12.22;7.22;0.05;76.26
1.41;0.05;2.56;5.53;9.71;0.05;80.7
1.46;0.05;2.89;5.58;10.5;0.05;79.46
0.91;0.03;12.05;26.21;8.8;8.69;43.31
3.63;0.0;19.96;3.96;2.54;12.76;57.15
1.9;0.02;2.66;4.02;4.72;0.42;86.24
4.92;0.01;14.69;9.56;4.27;14.65;51.9
3.63;0.08;3.28;6.13;7.37;0.62;78.89
3.34;0.08;3.09;5.61;7.15;0.68;80.06
5.51;0.14;3.25;16.45;4.4;1.5;68.77
6.35;0.11;4.82;6.98;8.21;1.25;72.29
0.69;0.01;5.86;56.15;8.04;1.09;28.16
0.83;0.0;10.08;27.24;8.48;4.99;48.38
4.89;0.19;2.67;11.41;4.69;1.57;74.57
4.51;0.0;21.09;4.82;4.18;7.87;57.53
7.16;0.18;3.9;24.48;6.2;1.8;56.29
5.85;0.02;19.9;14.94;20.02;3.07;36.2
5.19;0.03;16.26;15.04;20.77;3.02;39.68
4.5;0.12;9.49;8.33;14.99;2.15;60.42
3.62;0.19;8.57;13.09;10.53;2.13;61.86
3.17;0.11;2.54;8.88;4.57;0.82;79.91
3.62;0.26;2.38;11.62;5.97;0.87;75.28
3.77;0.14;4.2;8.65;10.7;0.96;71.58
6.02;0.13;5.57;8.77;15.09;0.54;63.88
2.01;0.07;2.02;11.31;5.99;0.07;78.53
7.22;0.11;5.59;6.04;9.62;0.36;71.07
19.59;0.31;7.06;5.46;11.95;0.65;54.98
13.56;0.2;5.51;6.96;9.59;1.04;63.13
10.9;0.3;5.62;1.87;10.51;0.48;70.32
14.59;0.28;5.09;4.28;13.49;1.67;60.6
5.39;0.16;4.07;5.92;9.02;0.25;75.19
3.84;0.15;4.47;4.76;8.1;0.35;78.32
13.73;0.19;4.28;3.65;11.08;1.57;65.49
5.26;0.22;4.35;2.37;7.05;0.52;80.23
1.78;0.12;12.01;11.46;12.34;12.21;50.09
13.94;0.11;3.71;5.61;9.86;1.69;65.09
4.9;0.26;4.41;3.05;11.11;0.21;76.06
2.84;0.04;2.35;11.39;10.0;0.43;72.94
5.25;0.25;3.47;7.63;15.65;0.35;67.4
11.13;0.08;4.36;6.84;7.85;0.58;69.15
11.45;0.1;6.8;6.29;10.95;0.7;63.71
8.59;0.04;9.5;21.91;15.87;1.57;42.52
8.94;0.05;9.82;17.74;17.23;1.05;45.16
2.91;0.02;2.61;6.89;12.64;0.29;74.65
8.13;0.03;5.19;4.65;14.21;0.4;67.39
8.02;0.05;8.23;3.63;14.08;0.47;65.51
3.31;0.01;16.93;4.46;4.2;6.79;64.31
31.13;0.06;6.19;21.14;17.4;5.32;18.75
31.13;0.06;6.19;21.14;17.4;5.32;18.75
9.27;0.21;4.89;8.8;15.86;0.36;60.61
6.79;0.27;3.08;9.7;15.93;0.24;63.98
6.85;0.07;4.64;8.69;14.32;0.37;65.05
13.81;0.1;3.97;1.45;9.44;0.86;70.37
7.29;0.08;3.89;5.34;18.79;0.27;64.34
7.02;0.05;3.0;6.24;14.6;0.25;68.84
0.8;0.0;4.58;6.19;4.83;7.62;75.98
5.13;0.07;2.74;4.56;14.17;0.13;73.21
6.59;0.46;2.46;9.14;10.73;0.19;70.43
3.6;0.03;2.31;16.13;7.42;0.3;70.22
6.11;0.09;3.27;11.56;13.35;0.26;65.36
5.68;0.06;2.54;6.54;14.57;0.17;70.43
6.73;0.27;40.76;10.85;28.41;1.7;11.28
9.21;0.14;3.16;3.93;7.08;0.15;76.34
1.55;0.01;16.55;34.92;6.57;4.85;35.54
1.55;0.01;16.55;34.92;6.57;4.85;35.54
3.6;0.11;2.43;12.93;10.82;0.35;69.75
3.21;0.02;2.5;13.16;9.68;0.34;71.09
5.28;0.28;32.8;12.54;30.65;0.59;17.86
9.2;0.12;37.21;12.36;27.29;0.67;13.16
16.42;0.3;14.08;5.42;47.97;1.6;14.21
17.46;0.14;12.65;10.11;43.75;1.73;14.16
17.46;0.14;12.65;10.11;43.75;1.73;14.16
8.55;0.1;37.62;8.66;33.94;0.35;10.79
5.85;0.16;44.16;4.4;32.84;0.38;12.21
5.73;0.16;43.19;4.34;34.14;0.36;12.08
10.26;0.16;36.3;4.37;33.94;0.56;14.41
8.29;0.12;33.83;6.4;40.91;0.37;10.08
7.69;0.03;3.94;4.98;13.14;0.37;69.85
11.91;0.04;6.41;3.52;22.67;0.34;55.11
10.98;0.06;5.61;3.17;19.12;0.31;60.74
13.28;0.22;5.94;5.3;15.82;0.22;59.23
16.64;0.23;5.81;2.83;12.93;0.39;61.19
10.41;0.06;4.88;6.73;10.09;0.55;67.28
9.48;0.07;4.5;5.69;7.93;0.52;71.8
8.81;0.06;5.2;5.15;7.51;0.51;72.76
10.16;0.08;4.95;4.58;11.45;0.28;68.5
6.06;0.06;30.72;5.28;43.71;0.88;13.28
5.26;0.08;33.11;2.88;39.97;0.8;17.92
5.11;0.07;34.83;6.09;40.4;0.83;12.67
7.69;0.1;29.39;10.56;37.05;1.42;13.79
11.69;0.07;24.48;11.66;34.51;1.28;16.32
8.97;0.16;26.05;5.91;45.1;0.98;12.84
8.78;0.11;28.49;7.57;37.49;1.13;16.43
5.95;0.01;3.52;4.32;9.63;0.2;76.36
5.51;0.01;3.96;3.17;9.6;0.44;77.3
10.79;0.07;5.41;3.63;15.23;0.24;64.64
9.71;0.09;3.73;4.95;12.86;0.29;68.37
6.15;0.04;3.06;3.99;9.12;0.35;77.29
22.02;0.25;4.03;5.55;17.98;2.06;48.1
8.5;0.05;3.7;3.7;8.34;0.36;75.35
9.94;0.14;3.87;8.75;8.04;0.21;69.05
8.34;0.1;2.7;7.93;6.4;0.3;74.23
12.74;0.08;3.84;9.25;12.67;0.73;60.69
42.19;0.53;13.83;12.07;18.61;0.48;12.31
12.43;0.06;5.09;52.94;12.18;2.38;14.91
5.75;0.49;4.04;15.66;11.68;0.54;61.83
9.7;0.25;36.06;6.65;33.91;1.12;12.31
5.14;0.16;3.17;20.19;10.88;0.55;59.92
31.95;0.6;7.26;4.09;12.52;3.25;40.33
25.2;0.42;9.99;3.83;15.74;7.48;37.35
8.36;0.23;4.14;16.61;14.25;0.62;55.8
5.0;0.3;5.31;11.69;27.28;0.2;50.22
6.89;1.57;4.14;21.64;27.0;0.2;38.56
3.9;0.27;2.65;18.0;17.04;0.15;57.99
5.7;0.39;2.67;15.19;15.88;0.11;60.07
6.68;0.38;3.57;9.96;21.24;0.19;57.98
16.61;0.32;7.89;6.02;12.35;4.22;52.59
12.99;0.56;7.14;3.0;10.32;2.55;63.45
16.14;0.67;6.64;3.34;11.28;1.81;60.12
13.75;0.43;4.35;4.48;8.49;3.26;65.24
18.54;0.47;7.89;3.47;13.89;3.19;52.56
18.55;0.47;7.91;3.46;13.87;3.2;52.54
23.26;0.52;12.18;3.33;15.19;3.92;41.59
7.76;0.3;4.48;2.45;9.79;1.49;73.73
9.17;0.24;4.68;3.15;8.26;1.56;72.93
9.66;0.29;5.91;2.12;11.23;1.48;69.31
9.81;0.24;5.77;2.3;10.24;1.86;69.78
3.3;0.08;15.46;11.89;17.45;7.66;44.15
3.92;0.09;14.42;15.24;16.44;7.27;42.61
11.45;0.15;2.72;2.71;10.7;0.96;71.31
3.43;0.24;1.75;12.28;11.18;0.23;70.89
4.13;0.67;2.31;12.37;14.5;0.2;65.82
4.08;0.01;21.76;9.87;6.79;5.68;51.8
4.08;0.01;21.76;9.87;6.79;5.68;51.8
3.3;0.43;2.11;12.73;15.55;0.24;65.65
2.45;0.27;1.95;24.28;12.0;0.29;58.77
2.36;0.12;1.92;11.86;11.59;0.25;71.9
5.83;0.11;27.66;5.74;40.43;0.84;19.38
5.8;0.14;22.08;7.32;37.23;0.95;26.48
2.02;0.11;2.3;15.24;12.14;0.47;67.71
7.61;0.12;26.8;2.6;39.77;0.89;22.21
5.28;0.04;25.67;3.6;45.99;1.08;18.35
5.93;0.02;17.2;25.11;15.1;4.38;32.27
5.93;0.02;17.2;25.11;15.1;4.38;32.27
2.99;0.17;1.7;17.31;13.37;0.24;64.23
4.45;0.26;2.48;15.35;18.59;0.24;58.63
3.92;0.36;2.91;22.28;19.73;0.16;50.64
3.96;0.33;3.39;10.12;18.78;0.3;63.12
2.86;0.29;2.55;19.84;17.67;0.16;56.62
8.55;0.6;5.38;14.13;24.87;0.45;46.02
4.61;0.12;4.5;16.95;19.45;0.24;54.13
19.48;0.07;10.64;16.48;27.55;1.6;24.18
19.48;0.07;10.64;16.48;27.55;1.6;24.18
5.24;0.12;4.47;13.61;14.86;0.28;61.42
5.06;0.11;4.42;13.44;15.02;0.3;61.66
6.57;0.1;23.18;7.93;37.49;0.7;24.02
8.11;1.07;3.66;5.99;16.61;0.49;64.07
10.67;0.66;4.61;5.97;21.19;0.3;56.59
8.06;0.46;6.98;10.38;21.56;0.45;52.1
9.17;0.85;2.62;3.58;14.2;0.15;69.43
7.46;0.78;2.65;4.65;14.81;0.16;69.49
8.47;0.1;12.12;13.7;14.69;2.08;48.84
8.47;0.1;12.12;13.7;14.69;2.08;48.84
9.71;0.59;3.58;5.32;15.29;0.27;65.24
6.35;0.44;2.8;8.29;15.41;0.25;66.45
25.34;2.22;6.11;1.02;16.89;0.73;47.69
24.1;1.57;5.52;1.38;13.2;0.85;53.38
4.94;1.71;7.12;10.1;14.1;6.65;55.37
7.1;0.04;18.24;21.32;27.76;3.24;22.29
7.1;0.04;18.24;21.32;27.76;3.24;22.29
16.14;0.79;2.22;0.92;7.61;0.98;71.35
14.66;0.48;2.59;2.06;9.3;0.86;70.05
19.08;1.17;3.57;0.93;10.39;1.05;63.8
6.56;0.15;20.1;6.5;48.14;1.27;17.26
6.52;0.15;20.33;6.38;48.19;1.26;17.17
18.34;1.26;3.76;1.17;11.83;1.0;62.64
14.99;0.58;3.7;1.34;11.48;0.87;67.04
29.67;1.86;3.59;2.54;6.4;0.4;55.53
6.83;0.07;22.98;4.14;46.08;0.87;19.03
6.75;0.06;22.82;4.13;46.4;0.86;18.98
6.82;0.06;22.76;4.17;46.42;0.87;18.9
12.66;0.69;4.55;3.23;10.8;0.31;67.76
11.74;0.17;5.39;8.9;11.0;0.98;61.82
13.06;0.21;7.52;5.04;13.45;0.76;59.95
7.87;0.19;3.58;3.49;23.48;0.34;61.05
20.29;0.45;9.06;6.15;13.09;0.76;50.2
13.0;0.41;6.46;6.99;5.93;1.27;65.96
10.17;0.87;4.83;2.67;12.38;0.44;68.64
11.79;0.2;5.29;2.92;10.55;0.57;68.68
9.25;0.2;27.39;8.5;31.05;0.64;22.96
9.41;0.2;27.17;8.48;31.28;0.63;22.82
25.8;0.78;5.81;4.08;7.91;1.69;53.92
7.59;0.09;20.24;11.87;47.32;0.54;12.35
7.92;0.08;19.6;11.19;48.88;0.5;11.83
8.46;0.08;21.54;10.1;47.12;0.54;12.15
6.1;0.05;16.61;23.76;8.75;7.95;36.79
5.72;0.04;14.17;23.96;9.51;7.83;38.76
19.23;0.11;14.15;20.75;15.23;7.74;22.78
7.56;0.13;25.02;9.98;42.67;0.45;14.19
8.69;0.09;22.1;12.24;35.04;0.53;21.3
6.69;0.19;29.66;7.67;44.93;0.64;10.21
8.46;0.29;23.4;6.32;37.5;1.08;22.95
5.68;0.18;25.89;4.35;52.65;0.79;10.47
5.28;0.2;24.86;5.1;50.29;0.88;13.4
6.54;0.32;19.02;4.79;50.3;0.95;18.08
10.15;0.22;25.98;2.85;46.85;1.52;12.42
9.16;0.43;28.08;6.48;38.09;0.88;16.88
9.8;0.32;35.99;5.81;34.02;1.13;12.93
9.46;0.3;35.51;5.8;34.93;1.12;12.88
7.54;0.15;26.34;8.66;35.97;1.56;19.78
4.19;0.08;27.0;4.97;43.42;2.22;18.11
7.36;0.18;19.85;7.47;41.88;1.91;21.35
5.9;0.17;24.32;5.7;43.79;2.36;17.75
7.36;0.16;34.96;5.34;36.42;1.56;14.19
5.39;0.25;31.08;6.74;36.47;2.09;17.98
7.19;0.05;10.28;20.86;31.47;4.25;25.9
7.19;0.05;10.28;20.86;31.47;4.25;25.9
11.12;0.78;7.94;12.56;17.54;1.17;48.89
14.23;2.02;6.47;7.66;13.38;0.5;55.74
2.73;0.08;16.7;9.25;7.0;21.93;42.31
18.87;0.75;14.82;5.47;16.91;2.45;40.74
13.83;5.39;9.66;24.73;13.87;1.63;30.89
19.9;0.09;8.59;23.42;21.46;1.25;25.28
19.9;0.09;8.59;23.42;21.46;1.25;25.28
11.2;0.62;7.19;10.51;13.97;1.45;55.06
11.82;0.07;16.37;14.64;24.75;7.8;24.55
11.82;0.07;16.37;14.64;24.75;7.8;24.55
43.8;0.03;10.58;7.73;18.29;8.27;11.29
5.93;0.14;14.59;20.27;7.05;13.6;38.43
11.47;0.84;5.92;10.64;17.95;2.33;50.85
28.31;2.43;10.72;8.04;13.02;1.9;35.58
18.7;0.16;10.1;12.53;48.17;1.35;8.99
13.64;0.13;10.75;18.95;44.1;1.36;11.06
13.64;0.13;10.75;18.95;44.1;1.36;11.06
14.72;0.26;6.69;11.72;8.71;14.32;43.58
16.46;0.81;9.58;15.37;14.04;1.84;41.91
14.99;1.61;8.16;13.94;6.69;17.86;36.76
16.7;0.44;12.14;6.96;13.23;2.89;47.63
3.84;0.05;13.61;16.26;23.55;0.61;42.09
3.9;0.05;13.75;16.33;23.61;0.63;41.73
18.24;2.08;12.52;9.55;16.54;1.86;39.2
30.65;0.7;12.93;3.82;14.08;5.54;32.28
32.17;0.73;11.84;3.42;11.51;5.77;34.56
15.25;2.43;4.73;12.69;8.9;0.58;55.43
8.13;0.75;5.88;23.69;11.08;2.68;47.8
8.31;0.34;5.03;10.34;11.26;0.4;64.32
8.64;0.29;5.31;9.66;10.91;0.53;64.66
12.65;0.28;4.89;5.96;8.16;0.64;67.42
5.55;0.1;5.95;56.98;9.94;5.37;16.09
1.73;0.0;1.04;84.16;1.27;0.62;11.17
3.26;0.35;3.46;1.35;41.16;0.04;50.38
5.67;0.01;13.97;9.5;4.11;17.5;49.24
6.11;0.01;14.55;9.21;4.4;17.39;48.34
15.1;1.95;7.17;3.27;11.86;2.31;58.34
5.54;0.0;3.86;71.48;3.63;1.01;14.48
2.86;0.19;2.54;0.25;5.61;0.05;88.49
0.1;0.0;0.53;88.68;0.27;0.13;10.29
3.0;0.09;3.48;0.41;6.87;0.06;86.09
3.14;0.01;3.61;0.62;9.96;0.03;82.63
3.01;0.01;3.27;0.58;9.17;0.03;83.93
5.22;0.03;2.12;3.89;11.3;0.06;77.39
16.55;0.04;5.01;4.11;15.41;0.16;58.72
2.34;0.0;13.57;8.29;1.9;23.04;50.87
3.39;0.0;15.28;8.07;2.58;20.14;50.55
3.48;0.0;16.12;7.32;2.74;21.65;48.68
3.76;0.0;12.97;10.1;1.88;17.88;53.41
2.87;0.0;11.53;10.89;1.68;19.09;53.95
5.73;0.26;10.12;5.92;30.71;0.26;47.0
2.25;0.0;12.24;11.5;1.77;23.79;48.45
1.86;0.0;11.03;12.15;1.71;23.25;50.0
1.99;0.0;11.25;9.02;1.46;18.84;57.44
4.73;0.09;4.85;66.95;8.98;2.07;12.34
1.92;0.0;10.42;6.12;1.3;13.57;66.66
2.05;0.0;9.5;7.38;1.3;14.99;64.77
0.73;0.01;1.95;58.24;3.77;1.67;33.64
2.93;0.0;12.74;7.54;1.67;19.0;56.11
2.9;0.0;12.54;7.57;1.68;18.81;56.5
6.42;0.1;5.82;4.25;28.23;0.2;54.97
2.32;0.0;11.79;6.92;1.67;19.95;57.35
2.54;0.0;13.0;7.63;1.63;23.0;52.2
6.43;0.07;11.74;2.22;33.51;0.31;45.73
3.07;0.0;13.25;6.83;1.77;21.4;53.68
8.56;0.1;16.84;8.47;19.54;0.48;46.02
6.29;0.2;7.52;11.55;25.32;0.34;48.78
6.08;0.18;7.31;11.92;25.19;0.35;48.98
5.04;0.21;9.46;8.89;29.13;0.67;46.6
13.18;0.56;14.88;6.71;31.26;0.49;32.92
13.67;0.6;14.51;6.78;31.06;0.49;32.88
3.09;0.0;13.76;8.37;2.12;19.47;53.19
25.06;0.12;15.46;2.39;19.21;0.39;37.37
2.31;0.0;10.55;8.42;1.61;17.45;59.66
2.28;0.0;10.37;7.91;1.61;17.62;60.22
2.9;0.0;12.57;8.57;1.92;19.63;54.41
2.93;0.0;12.5;8.7;1.93;19.78;54.15
2.24;0.0;10.65;10.53;1.37;17.9;57.31
2.28;0.0;10.72;10.6;1.36;17.97;57.07
2.69;0.0;12.95;9.11;1.52;18.8;54.93
2.03;0.0;9.28;10.94;1.46;18.25;58.03
1.69;0.0;9.47;11.74;1.42;19.22;56.46
2.21;0.0;9.21;11.07;1.37;16.57;59.57
2.02;0.0;8.7;11.71;1.37;15.97;60.23
15.04;0.31;19.63;7.86;22.09;0.38;34.69
5.52;0.06;10.51;4.59;24.51;0.53;54.28
2.69;0.0;10.1;8.64;1.6;19.69;57.28
9.27;0.22;11.84;2.59;24.91;0.65;50.53
12.21;0.12;14.2;3.5;23.62;0.36;45.99
7.73;0.61;11.14;10.33;26.71;0.35;43.15
10.6;0.24;8.96;7.0;18.37;0.33;54.5
1.2;0.03;1.93;63.03;2.28;4.02;27.5
2.45;0.0;11.12;12.72;1.61;19.64;52.46
9.23;0.1;14.45;2.61;23.96;0.24;49.41
18.92;0.17;13.54;2.25;21.12;0.19;43.8
6.07;0.22;13.38;5.67;22.27;0.3;52.09
2.45;0.0;8.63;20.49;1.84;12.47;54.12
2.05;0.0;9.75;13.98;1.55;14.99;57.67
10.59;0.24;20.28;2.37;63.33;0.34;2.85
38.29;1.12;13.97;1.8;19.7;0.53;24.59
1.8;0.01;21.38;18.41;17.52;4.26;36.61
2.67;0.0;7.98;21.72;2.35;16.35;48.94
2.39;0.0;8.97;14.57;1.64;16.92;55.5
2.13;0.0;6.54;22.78;1.98;16.1;50.47
2.45;0.0;11.17;15.49;2.3;13.37;55.22
2.29;0.0;8.72;18.03;2.07;18.98;49.9
1.75;0.0;10.26;14.48;1.97;14.16;57.39
9.44;2.31;8.92;4.15;30.85;0.32;44.0
7.17;0.78;11.28;9.97;27.96;0.44;42.4
17.23;2.2;12.98;7.03;26.85;0.27;33.44
12.21;0.57;11.01;3.78;34.72;0.32;37.39
12.41;0.6;12.41;1.71;39.42;0.3;33.15
8.35;0.95;12.6;6.17;30.94;0.26;40.73
9.16;0.86;10.72;5.64;32.01;0.37;41.25
10.96;4.94;13.35;2.66;50.48;0.19;17.42
8.87;5.72;12.21;2.86;50.03;0.32;19.99
11.34;0.18;21.12;12.42;16.77;4.3;33.87
11.34;0.18;21.12;12.42;16.77;4.3;33.87
21.79;4.43;12.68;7.16;30.12;0.4;23.43
18.54;5.94;12.94;3.31;36.86;0.39;22.01
4.7;0.0;11.95;30.22;4.18;8.99;39.95
13.75;1.04;13.19;2.77;38.33;0.56;30.35
19.89;1.11;12.43;3.72;41.19;0.33;21.33
12.43;0.26;11.2;5.72;39.81;0.57;30.01
11.53;0.66;14.32;2.73;39.21;0.37;31.18
13.33;1.08;9.67;7.08;34.46;0.25;34.13
11.55;0.37;7.78;3.97;36.06;0.24;40.03
26.52;4.93;11.16;1.73;35.53;0.18;19.96
1.12;0.01;0.82;93.33;1.33;0.44;2.95
1.02;0.01;0.61;92.21;1.39;0.36;4.4
5.86;0.04;30.7;2.41;46.44;1.71;12.85
1.6;0.02;1.28;81.9;3.67;0.58;10.95
11.93;7.52;9.69;4.47;48.62;0.15;17.62
13.58;0.65;11.37;5.54;28.32;0.78;39.75
2.33;0.0;8.89;19.53;2.01;17.21;50.03
15.05;2.39;10.77;8.99;28.46;0.5;33.84
26.4;0.99;11.71;6.64;20.79;0.75;32.71
18.92;1.4;9.78;11.2;25.98;0.52;32.21
18.84;1.32;9.84;11.19;25.88;0.52;32.41
12.62;0.44;10.43;4.8;20.76;0.51;50.44
13.35;0.39;9.78;4.0;22.64;0.47;49.38
12.2;0.46;8.5;10.66;21.72;0.21;46.25
12.24;0.44;5.43;7.55;39.3;0.39;34.65
2.68;0.0;9.79;10.32;1.82;13.79;61.6
5.08;0.01;15.51;17.23;15.79;8.55;37.83
4.17;0.02;17.17;17.88;14.75;13.14;32.87
2.95;0.0;11.66;17.8;2.46;16.31;48.82
6.78;1.07;10.75;8.03;23.21;0.22;49.94
11.48;0.33;9.88;7.67;25.53;0.21;44.9
7.7;1.47;13.44;4.57;32.55;0.28;39.99
8.13;0.67;11.82;5.99;25.11;0.26;48.02
9.85;0.27;8.18;7.19;24.31;0.18;50.01
17.59;0.06;12.96;11.13;17.96;4.25;36.05
1.74;0.0;8.54;15.16;1.7;16.91;55.95
4.06;0.03;9.08;30.36;9.46;9.98;37.03
4.07;0.03;9.06;30.32;9.39;9.98;37.16
16.57;2.12;17.54;8.8;24.02;0.64;30.29
16.85;1.85;13.89;6.16;26.37;0.59;34.29
19.16;1.26;13.06;8.16;29.78;0.19;28.39
6.87;0.56;12.44;8.26;34.21;0.77;36.9
6.82;0.54;12.68;8.15;34.47;0.77;36.56
6.69;0.52;15.47;9.34;22.21;0.99;44.78
15.94;4.97;10.45;11.24;20.69;0.63;36.08
9.44;4.82;9.69;10.16;20.91;0.79;44.18
9.61;5.0;9.87;10.27;20.92;0.79;43.54
6.71;0.23;15.83;8.14;24.91;0.74;43.45
18.03;0.86;15.19;10.91;22.9;0.55;31.55
7.32;1.01;16.91;12.09;24.96;0.63;37.07
8.71;0.82;15.7;8.32;28.27;0.45;37.73
12.43;0.82;11.2;9.33;27.5;0.26;38.45
11.93;0.54;12.27;5.92;31.88;0.79;36.67
12.06;0.5;12.27;6.35;30.64;0.81;37.37
10.5;2.3;6.76;4.52;40.11;0.18;35.64
10.46;1.56;6.04;10.12;36.43;0.32;35.08
7.96;2.48;10.01;6.19;40.65;0.6;32.11
7.57;2.32;10.09;5.84;41.15;0.61;32.42
7.27;0.59;7.76;3.42;40.06;0.8;40.09
7.82;0.57;7.64;3.41;39.7;0.83;40.03
8.5;0.05;22.22;2.89;51.21;1.68;13.45
13.14;7.42;12.22;7.68;27.04;0.75;31.73
14.11;3.51;10.49;4.66;34.43;0.56;32.24
2.38;0.0;11.11;11.62;2.09;15.1;57.69
1.79;0.0;9.79;12.12;1.82;16.37;58.12
11.11;1.76;10.67;12.01;30.74;0.61;33.1
17.01;4.14;11.36;10.97;25.9;0.31;30.31
2.39;0.0;11.09;11.34;2.08;14.59;58.51
2.17;0.0;9.26;12.17;1.88;14.39;60.11
1.95;0.0;9.16;11.56;1.81;15.93;59.59
2.08;0.0;9.23;7.55;1.47;13.05;66.63
2.18;0.0;9.49;9.36;1.69;14.72;62.56
2.26;0.0;8.63;12.72;1.56;14.76;60.06
0.83;0.01;1.43;70.56;2.0;1.95;23.21
1.01;0.01;1.99;63.01;2.82;2.71;28.45
2.84;0.0;10.22;11.37;1.68;17.65;56.23
2.72;0.0;11.57;9.38;1.6;15.69;59.03
9.15;1.62;11.46;51.32;10.69;6.98;8.77
7.39;2.89;10.01;7.35;38.06;0.57;33.72
9.5;4.44;9.93;7.9;34.36;0.7;33.18
10.43;2.48;10.45;5.66;43.46;0.63;26.88
9.06;0.66;8.2;4.86;36.48;0.21;40.54
8.72;0.61;7.94;5.19;35.38;0.21;41.95
6.97;1.35;12.5;4.09;39.32;0.49;35.27
8.75;0.56;12.85;7.97;31.29;0.54;38.05
8.53;0.57;13.52;8.06;30.38;0.52;38.42
8.73;0.56;14.02;8.5;31.51;0.5;36.19
9.52;0.87;11.49;5.64;26.06;0.93;45.48
12.31;0.77;10.95;6.45;28.4;0.34;40.78
12.51;1.71;9.11;8.64;27.37;0.3;40.36
7.01;0.25;13.15;7.33;28.92;0.46;42.87
8.39;1.8;11.9;4.85;39.0;0.27;33.8
18.33;3.58;14.94;7.89;28.99;0.63;25.64
15.0;2.43;10.78;9.77;30.16;0.33;31.52
8.53;10.2;10.76;9.72;30.76;0.39;29.63
14.93;4.42;15.29;6.8;33.54;0.91;24.11
14.99;4.49;15.28;6.74;33.56;0.92;24.01
8.92;0.02;12.18;14.23;8.93;6.75;48.98
8.92;0.02;12.18;14.23;8.93;6.75;48.98
12.94;2.04;10.46;6.44;27.47;0.44;40.2
8.55;0.92;16.43;7.58;30.12;0.61;35.79
8.39;0.05;5.74;14.74;44.01;0.83;26.25
7.33;2.79;17.15;5.01;44.96;0.67;22.09
22.02;4.39;14.18;5.4;34.3;0.45;19.25
22.02;4.39;14.18;5.4;34.3;0.45;19.25
2.75;0.04;15.15;14.33;23.53;4.27;39.94
5.95;0.57;14.13;7.56;31.35;0.77;39.66
7.87;0.57;9.37;8.46;28.84;0.45;44.44
9.56;1.21;10.96;5.52;40.61;0.63;31.5
9.34;1.11;10.68;5.44;40.43;0.65;32.35
5.18;0.34;9.78;7.68;42.7;0.3;34.01
6.21;0.57;11.73;4.79;45.02;0.47;31.21
8.72;0.42;9.72;2.65;41.88;0.38;36.23
8.22;0.77;13.15;8.81;33.66;0.4;34.99
6.33;0.69;13.89;7.31;35.58;0.64;35.55
5.68;0.41;12.91;6.56;33.66;0.43;40.35
6.7;0.31;10.69;13.78;28.42;0.61;39.49
8.33;0.24;6.74;7.84;29.05;0.43;47.37
8.44;0.22;8.09;9.02;27.25;0.34;46.64
6.27;0.43;11.74;6.71;33.27;0.29;41.3
9.7;0.19;6.21;6.56;20.76;0.45;56.13
7.2;0.72;8.59;7.72;26.1;0.32;49.34
8.92;0.88;9.31;7.44;28.52;0.29;44.65
1.94;0.01;8.57;8.85;9.93;7.97;62.72
18.9;0.32;12.57;3.84;14.65;0.63;49.09
6.67;0.39;14.16;3.92;21.36;0.66;52.84
5.75;0.4;10.39;6.6;28.46;0.53;47.86
10.11;0.72;11.26;5.99;37.18;0.82;33.91
8.2;0.28;15.48;5.12;35.67;1.07;34.17
10.78;0.49;10.65;5.84;25.8;0.58;45.86
10.77;0.4;10.75;5.2;25.54;1.13;46.22
10.91;0.48;11.95;4.5;29.75;1.0;41.4
8.13;0.54;10.59;7.22;37.49;0.88;35.14
8.13;0.09;5.76;6.55;21.11;0.41;57.95
8.49;0.41;10.51;5.75;27.3;0.64;46.9
15.66;1.26;13.73;13.05;15.22;0.69;40.4
6.7;0.34;21.95;5.74;30.7;2.06;32.51
14.73;0.43;12.62;6.4;18.28;0.58;46.96
19.03;0.8;16.11;6.3;25.81;0.49;31.47
7.05;0.3;15.57;7.38;30.31;0.92;38.48
4.96;0.27;10.84;6.92;31.59;0.64;44.78
12.77;0.74;14.47;5.5;39.52;0.89;26.11
7.86;0.73;14.95;6.16;28.74;0.47;41.1
6.78;0.59;14.24;5.37;25.9;0.54;46.58
9.4;0.24;7.26;7.58;18.52;0.4;56.59
6.44;0.11;4.74;6.31;20.34;0.45;61.61
3.35;0.24;8.79;9.8;25.18;0.75;51.89
6.42;0.01;16.63;8.86;5.28;10.9;51.9
3.41;0.24;8.1;10.58;24.79;0.77;52.11
3.54;0.21;8.17;10.17;25.11;0.77;52.03
2.25;0.0;9.83;7.92;1.52;13.49;64.99
8.99;0.16;6.53;5.71;19.85;0.56;58.2
10.29;0.12;10.17;3.21;28.54;0.48;47.19
10.24;0.46;10.01;13.0;21.95;0.49;43.85
10.77;0.14;12.77;2.7;26.85;0.63;46.13
8.2;0.33;6.99;7.49;20.93;0.71;55.35
8.05;0.33;7.04;7.39;21.03;0.7;55.47
8.93;0.38;10.75;9.31;21.84;0.5;48.28
7.62;0.16;7.61;7.36;19.53;0.55;57.17
10.99;0.3;9.56;7.3;15.75;0.44;55.66
7.4;0.2;8.44;9.29;21.39;0.52;52.75
8.33;0.66;13.64;9.54;25.89;1.26;40.7
8.55;0.67;13.8;9.4;26.03;1.25;40.32
8.78;0.47;11.55;7.22;28.7;0.61;42.67
5.6;0.3;13.13;6.85;27.0;1.29;45.84
5.63;0.31;12.78;7.05;25.7;1.33;47.2
5.9;0.46;17.83;6.24;26.49;1.33;41.76
12.36;0.41;9.4;7.44;18.02;0.66;51.71
11.56;0.38;9.36;7.45;18.32;0.66;52.28
6.27;0.23;10.14;8.98;25.35;0.49;48.55
6.55;0.25;7.99;11.01;19.17;0.32;54.71
7.01;0.26;8.01;11.23;19.58;0.31;53.6
8.49;0.23;7.09;11.29;17.98;0.69;54.22
6.93;0.35;15.68;5.05;29.6;1.11;41.27
7.57;0.47;11.37;10.71;24.28;0.65;44.96
6.18;0.32;10.53;9.9;26.64;0.99;45.45
8.23;0.45;12.54;5.64;28.19;0.79;44.17
4.39;0.09;12.27;25.08;11.86;2.75;43.57
4.39;0.09;12.27;25.08;11.86;2.75;43.57
6.82;0.23;8.21;9.76;22.55;0.56;51.86
7.57;0.4;12.32;5.58;29.49;0.76;43.88
7.54;0.4;12.39;5.83;29.19;0.79;43.86
6.74;0.42;14.61;5.97;26.89;0.76;44.61
24.42;0.04;31.02;3.7;8.02;1.97;30.84
24.26;0.04;31.05;3.52;8.08;1.88;31.17
8.22;0.65;15.14;9.28;28.4;1.78;36.54
8.19;0.65;15.17;9.25;28.37;1.79;36.58
8.95;0.14;9.13;7.52;25.31;0.8;48.15
9.76;0.26;13.83;3.93;39.19;0.71;32.32
10.14;0.27;14.11;3.9;38.85;0.73;32.01
6.29;0.09;6.74;9.48;18.99;0.65;57.77
7.29;0.1;7.42;7.21;23.31;0.65;54.03
7.27;0.1;7.4;7.02;23.71;0.65;53.86
9.69;0.84;13.26;6.28;28.34;0.83;40.77
6.66;0.29;13.25;5.11;26.83;0.87;46.99
10.59;1.86;13.62;2.98;42.38;0.27;28.29
6.6;0.17;6.54;9.77;24.92;0.27;51.72
9.54;0.17;9.23;4.01;27.5;0.24;49.31
12.93;0.23;12.56;2.93;40.25;0.32;30.79
8.21;0.24;11.96;4.47;28.82;0.47;45.84
8.59;0.24;12.22;4.47;28.91;0.46;45.1
7.12;0.3;13.59;4.7;32.54;0.49;41.25
7.71;0.14;7.6;3.97;26.83;0.41;53.35
7.66;0.14;7.4;3.83;26.46;0.42;54.08
7.69;0.14;7.45;3.85;26.64;0.43;53.8
10.48;0.14;7.87;4.24;25.6;0.35;51.32
9.57;0.12;8.5;3.72;26.21;0.36;51.51
7.52;0.31;12.76;4.42;39.29;0.42;35.28
7.5;0.32;12.87;4.62;38.94;0.42;35.32
12.76;0.34;23.53;1.51;41.02;0.78;20.06
22.84;2.56;19.32;26.78;12.21;8.12;8.17
21.42;7.51;20.88;16.8;16.25;10.59;6.55
2.21;0.0;9.71;10.13;1.8;18.34;57.8
2.0;0.0;10.34;9.15;1.7;20.5;56.3
2.02;0.0;10.18;9.35;1.71;20.64;56.1
2.53;0.0;9.14;11.81;1.86;18.96;55.7
2.51;0.0;9.05;14.3;2.03;22.0;50.11
6.54;0.3;18.46;5.57;31.38;0.64;37.12
24.59;0.03;30.14;5.77;3.65;16.79;19.03
6.18;0.02;21.94;7.05;4.33;11.02;49.46
1.86;0.0;8.86;14.69;1.64;17.16;55.79
1.87;0.0;8.61;12.83;1.58;18.24;56.87
2.28;0.0;9.87;16.23;1.84;20.31;49.47
2.04;0.0;8.19;18.38;1.74;20.42;49.24
2.04;0.0;8.13;18.6;1.7;20.38;49.15
6.16;1.05;9.43;5.84;32.98;0.48;44.07
14.68;0.61;11.91;5.65;29.15;0.64;37.35
15.28;0.61;11.98;5.58;29.0;0.64;36.91
1.88;0.0;7.66;16.35;1.69;20.79;51.63
8.85;0.14;11.02;4.75;24.35;0.69;50.2
10.08;0.45;9.48;3.06;31.2;0.35;45.38
9.95;0.2;11.86;4.73;21.75;0.54;50.97
10.34;0.23;12.03;4.59;23.21;0.55;49.05
10.81;0.17;15.2;1.35;37.11;0.26;35.1
8.97;1.09;15.4;4.28;34.27;0.41;35.58
10.48;0.46;6.72;4.27;27.23;0.44;50.4
16.36;2.09;11.02;7.58;24.39;0.65;37.91
8.45;0.22;5.74;4.66;22.41;0.43;58.09
8.48;0.27;6.24;4.57;24.84;0.37;55.25
8.21;0.47;8.8;6.78;32.98;0.45;42.3
2.13;0.0;10.51;11.33;1.8;20.54;53.68
9.89;0.58;11.91;4.63;33.24;0.28;39.48
1.99;0.0;10.75;10.89;1.71;22.42;52.23
7.77;0.66;10.29;4.4;29.15;0.23;47.5
8.88;1.12;10.28;5.43;20.86;0.4;53.03
7.1;2.67;12.02;8.0;44.6;0.2;25.41
18.71;0.11;16.86;8.09;34.79;0.19;21.24
1.97;0.0;11.68;8.82;1.42;21.98;54.14
2.15;0.0;11.56;8.73;1.44;20.92;55.19
6.03;0.59;10.04;4.79;47.62;0.2;30.72
6.01;0.57;9.75;4.83;48.45;0.2;30.18
6.42;0.21;9.79;6.65;30.04;0.49;46.4
16.97;1.33;19.49;4.45;38.22;0.8;18.75
16.58;1.41;19.3;4.35;38.9;0.75;18.7
16.58;1.41;19.29;4.36;38.9;0.75;18.71
10.36;0.24;8.68;10.54;22.57;0.52;47.08
8.4;0.26;11.36;7.0;31.86;0.51;40.61
8.5;0.26;11.39;6.82;32.53;0.52;39.98
11.43;0.24;9.0;11.06;24.8;0.71;42.75
11.51;0.26;9.25;10.29;25.13;0.73;42.82
8.98;0.36;7.66;26.41;35.21;0.48;20.91
7.35;0.36;16.39;5.41;34.84;0.71;34.96
9.67;0.84;15.05;5.55;36.87;0.91;31.11
7.42;0.75;15.1;3.79;38.37;0.86;33.69
34.69;0.24;6.72;5.41;18.65;7.74;26.54
34.69;0.24;6.72;5.41;18.65;7.74;26.54
2.48;0.13;17.63;12.0;15.13;12.5;40.13
2.68;0.09;13.49;11.83;11.63;16.55;43.72
6.82;0.42;13.24;6.01;34.21;0.81;38.48
6.92;0.33;11.82;7.24;33.34;0.88;39.47
4.31;0.01;7.64;3.09;27.28;1.22;56.44
5.39;0.35;14.73;2.47;44.4;0.82;31.83
6.59;0.33;13.26;5.32;41.43;0.59;32.48
14.8;1.56;16.85;6.32;32.25;0.86;27.36
5.02;0.21;11.6;4.54;39.94;0.69;38.0
4.78;0.26;7.85;7.86;27.02;0.6;51.63
5.76;0.31;12.99;4.42;42.48;0.9;33.13
9.31;0.65;16.9;5.05;36.75;0.73;30.61
13.17;1.18;20.57;5.64;31.53;0.79;27.11
7.55;0.79;12.72;5.64;31.39;0.98;40.93
6.9;0.01;11.95;8.81;8.86;13.67;49.8
4.61;0.02;17.14;14.88;5.23;8.82;49.3
5.97;0.44;12.31;7.13;31.36;0.88;41.91
4.59;0.27;11.95;6.86;29.55;1.26;45.52
9.49;0.01;16.42;8.85;4.0;8.6;52.63
4.69;0.11;11.95;7.56;28.46;0.56;46.67
4.65;0.11;11.81;7.65;28.82;0.54;46.42
5.95;0.33;10.36;6.68;27.14;0.83;48.71
24.33;0.07;11.7;20.28;28.95;1.19;13.46
24.33;0.07;11.7;20.28;28.95;1.19;13.46
24.33;0.07;11.7;20.28;28.95;1.19;13.46
5.34;0.22;12.34;6.66;34.76;0.47;40.22
4.96;0.19;10.47;8.15;24.59;0.97;50.68
5.32;0.28;10.06;6.86;22.62;0.91;53.94
10.03;0.2;15.3;5.41;30.41;0.74;37.92
2.67;0.0;10.64;13.01;1.8;17.46;54.42
2.29;0.0;11.81;14.42;2.21;21.09;48.18
5.89;0.15;9.0;5.39;29.56;0.72;49.3
4.42;0.0;19.84;4.58;3.86;11.82;55.48
4.42;0.0;19.84;4.58;3.86;11.82;55.48
8.73;0.73;11.85;8.61;27.11;0.92;42.05
7.78;0.67;11.48;7.76;28.75;1.26;42.3
8.63;1.39;11.84;7.57;30.04;0.84;39.69
9.49;0.66;13.94;7.82;29.89;0.83;37.38
7.56;0.48;14.06;8.28;28.47;0.99;40.16
7.51;0.09;13.13;7.94;21.97;1.18;48.18
6.54;0.3;11.3;10.24;24.53;0.74;46.35
6.84;0.27;12.35;8.73;26.25;0.83;44.74
8.72;0.27;12.11;6.44;28.55;0.66;43.25
7.81;0.37;11.77;7.48;26.0;1.08;45.48
8.15;0.4;12.13;7.37;25.41;1.07;45.48
8.11;0.38;12.05;7.41;25.03;1.09;45.93
8.24;0.42;12.32;6.77;29.13;0.74;42.39
7.85;0.25;16.27;4.34;40.31;0.7;30.28
7.88;0.26;16.21;4.3;40.42;0.7;30.22
13.19;0.04;11.04;29.78;13.48;3.0;29.48
13.19;0.04;11.04;29.78;13.48;3.0;29.48
5.95;0.21;13.19;7.78;26.35;1.0;45.52
45.5;0.14;6.31;12.24;18.62;0.96;16.24
45.5;0.14;6.31;12.24;18.62;0.96;16.24
10.21;0.99;9.77;6.39;22.32;0.9;49.43
11.4;0.99;13.16;9.07;21.71;0.82;42.84
13.48;0.66;13.5;5.04;26.88;0.4;40.04
10.83;0.65;10.64;22.7;20.11;2.73;32.33
10.83;0.65;10.64;22.7;20.11;2.73;32.33
4.36;0.15;12.03;7.03;33.34;0.68;42.42
8.66;0.28;14.15;8.87;26.17;0.84;41.04
8.45;1.04;16.03;5.98;34.54;0.96;33.01
8.64;1.12;16.15;5.61;35.38;0.96;32.14
14.74;1.15;14.46;7.27;23.95;0.66;37.76
10.47;0.08;12.45;23.22;19.43;5.21;29.15
11.32;0.95;12.71;5.89;29.56;0.68;38.88
8.05;0.18;11.98;7.69;29.03;0.77;42.29
8.06;1.06;12.22;9.26;23.76;1.25;44.39
8.3;1.32;12.17;8.99;22.34;1.15;45.72
8.21;1.18;12.66;8.5;22.67;1.15;45.63
2.23;0.0;9.7;12.64;1.64;17.71;56.08
14.69;1.33;15.22;5.7;26.27;1.01;35.78
14.66;1.38;15.15;5.76;26.39;0.97;35.7
9.95;1.14;10.63;14.68;20.53;1.08;41.99
12.22;2.3;14.55;8.23;23.05;0.81;38.84
11.84;2.26;15.0;7.61;22.79;0.86;39.64
13.18;0.02;13.41;19.36;17.16;7.61;29.27
18.14;1.0;14.76;5.12;22.93;0.63;37.42
14.45;0.8;16.07;4.3;28.69;0.7;34.98
7.9;0.54;12.77;7.36;22.34;0.68;48.4
10.89;1.01;13.58;8.04;27.25;0.64;38.58
2.33;0.11;3.18;58.73;5.36;2.88;27.4
8.36;1.5;15.13;4.92;30.93;0.53;38.63
8.3;1.44;15.2;4.86;31.83;0.55;37.82
4.93;0.96;10.9;59.52;6.85;9.58;7.25
11.29;2.4;18.21;8.99;32.08;0.54;26.48
5.7;0.36;11.79;6.76;31.88;0.51;43.0
7.94;2.52;10.37;5.64;29.33;0.82;43.36
7.84;2.54;10.44;5.66;29.29;0.83;43.4
2.69;0.11;19.22;9.27;12.26;12.78;43.66
7.13;0.29;9.65;9.67;21.97;0.6;50.69
5.15;0.22;12.92;7.74;28.99;0.56;44.42
5.28;0.22;13.14;7.92;29.16;0.56;43.72
12.96;1.06;14.77;10.31;27.79;0.56;32.55
4.35;0.24;10.02;8.1;24.45;0.42;52.42
6.13;0.35;11.03;6.54;28.29;0.54;47.13
6.27;0.53;12.67;8.55;27.58;0.93;43.46
1.79;0.05;2.62;59.89;5.27;1.91;28.47
7.55;0.38;16.35;6.26;25.79;0.52;43.16
7.5;0.44;16.81;6.34;25.55;0.59;42.78
4.77;0.22;10.88;5.46;26.68;0.57;51.4
5.57;0.31;10.12;6.4;23.62;0.75;53.24
5.91;0.22;13.71;5.85;27.24;0.56;46.52
5.42;0.19;11.82;8.98;23.17;1.42;49.0
6.94;0.31;10.08;8.84;20.79;1.55;51.5
10.32;1.09;14.4;10.51;23.12;0.89;39.67
13.68;0.45;12.58;13.36;17.87;0.56;41.49
10.97;0.98;10.4;39.58;7.9;19.54;10.63
2.7;0.0;10.84;10.86;1.7;15.08;58.81
11.15;0.68;16.25;9.24;28.58;0.71;33.4
2.45;0.06;2.8;59.27;5.8;2.53;27.1
21.1;0.05;4.08;1.58;14.93;1.65;56.61
3.09;0.0;13.04;8.42;1.53;17.11;56.82
5.91;0.02;11.24;19.92;5.86;4.92;52.11
5.91;0.02;11.24;19.92;5.86;4.92;52.11
8.31;0.16;5.87;67.8;4.02;4.53;9.31
6.3;0.11;5.08;48.58;3.41;11.03;25.49
12.44;3.01;14.45;33.52;9.83;10.44;16.3
12.39;0.08;2.45;11.62;11.96;0.52;60.98
35.29;1.82;14.01;10.78;5.55;17.97;14.56
29.5;6.54;12.53;5.16;9.68;4.32;32.26
27.16;6.59;11.46;6.64;8.44;11.1;28.6
16.07;5.2;12.05;8.96;6.72;4.02;46.98
9.53;2.69;8.88;6.89;9.36;0.89;61.75
13.94;0.07;7.12;51.82;4.33;9.29;13.42
3.82;0.0;14.51;4.72;3.8;8.34;64.81
3.74;0.0;13.37;4.34;3.7;8.4;66.45
0.88;0.0;2.12;2.97;1.28;0.15;92.6
1.52;0.0;4.73;4.06;1.56;0.26;87.87
24.58;0.36;14.47;32.4;7.22;4.74;16.22
4.95;0.0;14.54;4.08;3.89;11.5;61.04
4.42;0.0;14.55;3.9;3.62;16.08;57.43
1.18;0.0;1.37;2.25;1.06;0.18;93.95
4.23;0.06;2.18;6.53;6.78;0.39;79.82
3.76;0.02;2.07;6.57;6.59;0.3;80.71
4.11;0.07;2.47;7.16;17.34;0.21;68.64
6.76;0.92;5.94;10.12;19.39;0.22;56.66
5.86;0.77;3.98;8.9;17.53;0.2;62.75
2.6;0.26;3.15;12.0;16.9;0.28;64.81
4.82;0.12;3.29;4.87;18.14;0.68;68.08
1.66;0.08;1.4;7.29;7.24;0.26;82.06
