angry;disgust;scared;happy;sad;surprised;neutral
8.56;12.96;13.14;32.28;12.75;5.35;14.96
13.84;3.57;13.77;39.11;14.59;4.71;10.4
4.64;0.04;7.35;17.29;7.87;25.52;37.3
4.0;0.06;7.69;14.19;7.85;26.82;39.4
9.84;3.16;16.89;36.41;10.03;6.01;17.67
6.8;0.03;18.22;7.84;5.47;11.02;50.62
3.82;0.03;8.35;9.92;6.95;27.39;43.53
13.42;2.71;6.25;55.45;5.18;3.27;13.72
6.45;0.04;15.85;14.79;18.75;1.98;42.15
4.24;0.05;20.26;17.37;21.39;2.01;34.67
5.08;0.06;22.61;5.31;7.42;14.14;45.38
3.23;0.02;7.3;7.7;17.64;2.1;61.99
5.23;0.04;22.78;5.43;6.44;16.56;43.52
4.47;0.02;22.29;4.71;5.32;14.2;48.99
5.48;0.02;22.6;4.73;5.64;13.94;47.59
5.23;0.02;22.65;4.89;5.51;14.61;47.09
4.95;0.02;21.41;4.65;5.2;13.32;50.45
5.82;0.02;22.58;4.56;6.09;14.77;46.17
5.57;0.02;19.05;5.19;5.94;14.46;49.75
3.23;0.01;12.26;10.66;6.0;21.99;45.84
2.21;0.01;1.19;67.05;1.79;2.44;25.3
5.7;0.01;16.11;11.66;26.08;3.75;36.7
5.31;0.06;16.57;12.07;21.67;1.81;42.51
3.45;0.01;10.49;8.14;5.03;26.35;46.52
3.15;0.02;9.11;10.01;4.81;27.15;45.75
3.29;0.02;8.84;8.71;4.93;26.88;47.32
8.85;27.44;7.36;22.37;8.35;3.89;21.74
8.45;8.21;7.51;44.27;9.21;3.01;19.36
9.34;8.08;8.37;37.78;10.07;3.54;22.82
6.11;5.06;7.14;46.26;7.4;4.34;23.68
3.21;0.01;10.29;6.24;4.08;28.26;47.9
7.84;12.41;9.66;31.38;12.12;3.9;22.69
5.86;6.53;8.89;49.2;10.77;2.78;15.98
2.22;0.01;9.14;8.18;3.36;33.06;44.04
4.51;2.82;12.43;35.91;12.35;10.8;21.18
2.51;0.03;9.41;16.16;19.19;4.01;48.7
6.88;4.92;15.62;24.86;12.72;9.01;25.99
5.55;7.96;15.16;27.51;12.28;8.32;23.22
2.7;0.01;11.19;7.61;4.22;34.05;40.21
0.75;0.01;2.05;82.4;5.13;0.62;9.04
0.79;0.01;2.94;77.0;5.36;0.67;13.23
0.83;0.0;1.8;84.51;3.88;0.56;8.42
2.06;0.01;4.05;68.25;11.12;0.57;13.94
2.88;0.02;6.32;51.58;12.49;0.77;25.94
4.84;0.03;11.12;20.87;26.84;2.44;33.86
2.3;0.03;8.11;41.12;11.71;2.17;34.57
3.67;0.02;11.68;7.35;5.42;30.3;41.56
3.01;0.01;13.89;6.78;4.33;30.9;41.07
3.44;7.57;19.07;30.48;11.79;8.04;19.62
3.89;0.01;13.27;7.18;4.7;28.39;42.55
4.21;0.01;12.15;7.11;4.66;30.11;41.74
4.28;0.01;12.25;6.61;4.28;28.19;44.38
3.86;0.02;11.2;15.59;14.0;2.93;52.4
2.74;0.01;14.47;17.61;13.76;2.07;49.34
3.44;0.01;14.12;6.82;4.24;28.59;42.78
3.07;0.01;10.07;40.03;10.97;1.11;34.74
2.93;0.02;17.46;25.31;11.06;2.09;41.13
9.62;0.04;19.15;3.78;20.27;2.65;44.48
6.92;0.03;10.96;6.71;12.35;1.35;61.67
10.92;0.05;15.34;3.85;17.14;2.68;50.02
4.11;0.02;9.33;6.6;18.25;1.73;59.96
6.57;0.16;3.13;49.16;2.13;3.29;35.57
20.74;0.4;22.36;15.9;9.9;3.31;27.39
3.91;0.05;14.59;19.12;22.58;2.94;36.81
9.77;0.09;2.77;52.42;1.46;3.38;30.11
2.84;0.02;8.29;36.68;12.52;1.95;37.69
2.42;0.03;10.99;28.85;17.88;2.08;37.74
6.08;0.04;3.08;51.42;2.91;3.73;32.73
2.37;0.01;14.37;41.57;11.26;1.06;29.37
13.45;0.85;14.78;33.92;12.02;1.94;23.04
2.58;0.02;13.0;13.05;16.48;4.45;50.42
12.64;0.07;1.55;51.53;1.55;1.71;30.96
8.36;0.04;1.79;50.02;2.13;2.4;35.26
8.76;0.05;1.7;53.94;1.31;3.01;31.23
2.88;0.01;17.25;23.45;17.37;3.14;35.88
3.84;0.01;18.11;5.11;5.21;16.89;50.84
3.55;0.04;13.85;19.65;20.58;2.79;39.54
4.48;0.01;16.02;6.05;4.22;22.13;47.1
3.76;0.01;17.32;6.95;4.59;18.05;49.33
5.42;0.04;15.71;10.23;25.04;1.72;41.84
1.54;0.01;5.22;41.52;8.04;0.61;43.05
4.76;0.03;4.55;18.96;14.99;1.08;55.63
1.35;0.01;5.29;47.45;10.61;0.46;34.84
2.36;0.01;7.29;22.55;15.53;0.96;51.31
2.27;0.02;4.83;26.7;11.87;1.38;52.94
5.16;0.01;14.43;7.63;4.88;18.95;48.94
4.34;0.07;8.49;17.7;23.63;1.33;44.44
4.44;0.04;6.25;15.62;20.2;1.11;52.34
5.56;0.01;16.63;6.42;3.89;13.98;53.52
2.63;0.01;7.5;20.2;16.19;0.95;52.53
5.02;0.03;12.15;14.19;18.55;2.38;47.7
5.35;0.41;25.44;18.52;10.63;14.2;25.46
3.07;0.04;7.91;14.66;20.04;1.82;52.46
2.71;0.01;6.6;31.36;14.33;0.84;44.14
3.87;4.41;7.09;51.62;8.76;5.26;18.99
4.6;0.09;8.59;9.28;24.6;0.94;51.9
6.23;0.09;8.5;7.06;27.01;0.9;50.21
16.08;2.94;5.78;51.45;8.4;3.06;12.29
6.6;0.09;10.13;13.78;23.55;1.16;44.68
5.76;0.02;14.77;8.72;13.33;1.91;55.48
11.09;1.75;10.21;49.64;10.34;2.25;14.72
2.92;0.01;14.42;5.02;5.86;21.45;50.32
2.52;0.0;10.05;42.48;10.61;0.86;33.49
18.72;1.33;8.21;48.4;14.65;1.47;7.21
6.45;0.02;10.54;21.39;20.76;3.13;37.71
7.26;0.02;12.32;19.28;19.91;2.96;38.25
5.11;1.1;5.38;65.17;11.16;2.18;9.89
7.32;3.29;10.53;45.55;21.69;2.29;9.33
13.78;1.34;7.72;47.0;20.12;2.72;7.31
3.99;0.02;14.36;6.37;4.66;33.28;37.34
3.58;0.01;12.7;6.34;4.79;34.47;38.11
5.57;0.04;10.11;15.94;15.37;2.96;50.0
21.34;2.53;14.06;27.59;19.18;4.98;10.32
15.35;1.95;7.48;45.03;16.57;2.18;11.43
15.42;9.37;7.74;42.2;12.14;2.47;10.66
4.29;0.04;13.23;10.14;4.77;38.68;28.85
5.83;0.03;8.17;15.28;22.42;1.73;46.53
11.16;3.31;5.24;65.38;5.72;1.38;7.82
4.45;0.04;10.53;18.76;24.65;1.37;40.2
10.05;2.55;4.92;65.38;10.82;1.19;5.09
5.96;0.04;12.07;14.51;27.83;0.93;38.66
5.63;0.05;7.34;11.92;22.84;0.74;51.48
6.15;0.03;13.74;13.91;33.46;1.17;31.54
13.25;0.0;20.82;12.16;5.02;2.47;46.27
6.16;0.13;11.69;10.97;37.21;1.56;32.27
7.21;0.08;26.23;7.11;27.89;1.92;29.56
2.95;0.62;4.19;73.01;8.99;1.84;8.41
8.82;0.15;23.06;7.31;24.21;2.42;34.02
3.74;0.02;10.47;21.88;21.97;1.43;40.5
4.11;0.02;9.43;18.31;24.4;0.97;42.76
2.48;5.06;9.6;41.59;17.97;2.25;21.06
3.17;14.57;10.47;34.94;14.27;2.66;19.92
5.3;16.08;8.99;30.55;15.11;2.82;21.16
4.98;0.04;14.07;24.16;20.66;1.1;34.97
4.05;0.02;13.3;27.95;30.38;0.79;23.5
2.39;0.01;13.33;8.35;6.5;21.69;47.74
8.15;3.07;5.18;55.49;9.97;1.69;16.45
4.78;0.01;12.78;5.81;5.94;24.56;46.13
9.08;1.35;7.37;47.73;16.77;4.7;13.0
2.54;0.01;15.58;7.01;5.38;22.44;47.03
2.83;25.85;4.25;47.33;7.66;1.31;10.76
5.64;0.03;14.54;14.75;28.56;1.49;34.99
2.53;3.98;2.83;66.83;7.77;1.87;14.2
4.11;1.42;3.92;69.36;10.94;2.44;7.81
5.11;0.07;9.42;17.62;26.44;0.72;40.61
2.38;14.75;4.14;28.81;15.83;2.87;31.23
4.0;0.02;13.53;28.82;19.2;0.64;33.79
3.38;0.01;14.06;27.04;20.04;1.71;33.76
5.37;0.02;12.76;28.08;28.12;1.77;23.88
15.65;1.07;9.48;61.04;6.96;1.4;4.4
2.77;0.02;15.55;6.97;5.55;22.8;46.35
4.57;0.01;15.3;23.8;29.59;1.81;24.92
4.87;0.02;12.93;17.95;28.17;1.33;34.73
3.29;0.04;11.13;14.03;37.37;1.31;32.83
8.9;0.76;5.94;67.38;6.31;2.38;8.33
5.87;0.01;23.68;6.95;6.73;13.82;42.94
3.28;0.02;12.24;27.8;16.85;1.05;38.78
3.45;0.43;2.63;76.26;8.34;0.84;8.06
4.89;4.55;4.4;64.03;8.85;1.46;11.82
6.09;0.15;9.19;8.41;24.2;1.02;50.94
3.9;1.96;3.04;74.81;6.78;1.07;8.44
2.6;1.04;1.9;84.73;4.38;0.56;4.79
2.09;1.83;1.9;86.17;2.94;0.66;4.42
4.17;0.0;13.11;3.64;3.47;17.7;57.91
3.69;0.0;14.33;3.64;3.26;18.12;56.97
4.99;0.05;9.22;10.58;27.04;0.78;47.35
5.41;0.18;24.09;6.42;13.61;10.9;39.4
6.28;0.09;22.87;6.21;11.65;12.38;40.51
5.74;0.13;22.26;6.6;12.8;10.21;42.26
4.87;1.95;4.67;68.44;4.84;2.39;12.83
8.69;6.01;8.07;47.95;8.12;5.69;15.47
5.17;8.66;4.72;62.43;6.26;2.41;10.37
7.55;3.28;6.89;54.11;14.16;1.95;12.05
2.63;0.0;9.46;23.27;22.38;0.83;41.41
11.42;2.1;3.0;71.92;5.76;0.57;5.23
8.57;3.94;5.26;67.4;6.1;0.76;7.98
6.66;0.13;19.09;7.44;8.05;8.04;50.58
8.7;0.46;5.83;59.58;17.7;0.27;7.47
7.06;0.34;14.28;11.52;31.56;0.39;34.85
7.37;1.37;5.43;56.67;5.54;3.78;19.84
6.16;1.03;6.97;43.37;6.29;3.42;32.76
2.91;0.09;7.13;35.21;10.9;0.39;43.37
26.45;0.74;12.92;31.87;20.16;1.46;6.39
2.7;0.03;11.61;35.81;20.3;0.34;29.2
7.36;0.11;10.49;22.24;28.61;0.79;30.4
3.24;0.01;16.2;4.22;5.14;22.96;48.24
5.33;0.09;9.8;20.77;25.53;0.45;38.02
6.43;0.07;11.23;18.7;26.53;1.01;36.03
3.6;0.08;7.79;35.53;18.05;0.43;34.51
4.94;0.0;18.4;4.54;4.76;13.8;53.57
3.14;0.02;7.99;18.9;21.67;0.5;47.78
4.18;0.01;13.63;7.29;6.2;26.07;42.61
5.26;0.01;15.22;6.2;5.71;20.71;46.9
5.11;0.01;15.26;6.09;5.79;19.86;47.89
5.11;0.01;15.26;6.09;5.79;19.86;47.89
6.01;0.01;16.56;4.79;3.76;14.76;54.11
4.75;0.01;15.56;4.85;3.78;13.94;57.12
4.77;0.01;14.98;4.75;3.71;14.51;57.27
4.42;0.01;18.18;4.31;3.52;14.58;54.98
5.33;0.01;17.33;5.19;4.18;14.4;53.56
6.0;0.77;23.44;40.81;10.18;2.25;16.55
12.85;0.09;21.89;17.7;9.61;9.25;28.62
11.43;0.26;7.96;32.26;3.87;14.28;29.94
8.11;0.04;13.11;10.94;2.62;28.09;37.09
11.93;0.07;21.67;13.31;7.24;7.72;38.07
8.5;0.06;14.46;17.37;5.54;12.52;41.57
7.73;1.26;28.16;14.02;13.71;6.91;28.2
4.78;0.04;12.74;8.79;4.57;31.77;37.32
1.89;0.18;7.36;9.59;10.19;8.31;62.49
5.96;0.07;25.4;6.85;4.83;7.88;49.01
1.92;0.02;6.7;16.47;24.97;5.64;44.27
4.18;0.04;23.58;6.18;4.76;8.69;52.58
3.79;0.04;25.19;7.42;4.16;9.29;50.1
1.85;0.04;5.82;24.37;14.58;6.26;47.08
1.99;0.01;4.59;12.54;23.6;2.98;54.29
1.78;0.02;4.38;19.79;26.94;2.36;44.73
1.77;0.01;4.0;20.17;30.04;2.27;41.74
2.95;0.04;5.74;26.36;27.39;1.78;35.75
1.52;0.01;4.27;27.77;16.44;1.22;48.77
3.33;0.03;5.5;8.38;29.71;2.04;51.01
2.79;0.06;3.87;21.38;23.59;0.9;47.41
3.18;0.05;5.56;11.05;16.48;3.55;60.14
2.33;0.12;6.65;9.81;26.67;3.18;51.24
2.56;0.0;12.05;8.0;2.81;12.62;61.95
5.02;0.01;13.39;8.49;5.05;12.77;55.27
4.46;0.0;11.18;6.73;5.72;15.99;55.91
1.78;0.02;3.44;13.36;23.98;1.86;55.55
4.02;0.01;13.84;11.23;6.66;12.13;52.11
7.91;0.83;38.0;0.95;36.27;2.67;13.36
4.87;0.04;20.34;8.68;10.55;3.64;51.87
2.97;0.02;5.05;10.69;23.1;3.53;54.65
3.42;0.02;4.71;15.1;21.23;2.71;52.8
2.35;0.02;3.92;12.28;20.25;2.79;58.39
1.66;0.01;4.03;10.47;26.68;1.67;55.49
5.42;0.04;4.61;10.83;24.61;3.7;50.8
3.85;0.56;32.68;9.77;10.21;9.5;33.43
2.9;1.12;25.83;14.61;13.19;7.69;34.66
3.1;1.13;27.18;13.12;15.87;7.03;32.56
4.16;0.9;29.79;13.42;15.06;6.41;30.26
4.75;0.07;42.17;7.2;7.57;4.06;34.17
3.36;0.02;3.83;6.33;25.2;1.36;59.89
3.59;0.0;14.51;6.74;3.23;22.1;49.83
3.66;0.0;13.89;10.46;4.01;23.92;44.06
3.64;0.0;12.4;6.9;3.85;28.88;44.33
3.42;0.0;12.83;6.33;3.69;30.07;43.67
3.1;0.0;12.71;5.26;3.21;22.6;53.11
2.49;0.03;7.99;31.13;4.46;13.03;40.87
3.67;0.02;9.24;5.14;31.59;3.28;47.05
2.75;0.01;8.67;4.82;19.41;4.71;59.62
2.97;0.01;9.54;5.62;26.31;2.58;52.98
1.79;0.02;6.24;8.18;23.21;1.77;58.79
3.24;0.02;6.24;4.03;32.88;3.28;50.31
1.81;0.05;3.51;9.65;22.75;1.79;60.44
3.91;0.07;8.71;13.42;18.61;6.92;48.36
2.93;0.09;7.1;17.06;18.77;3.05;50.99
1.86;0.02;4.94;13.45;13.09;3.03;63.62
4.25;0.12;5.64;14.44;31.98;1.19;42.39
3.61;0.03;3.44;33.62;18.25;0.41;40.63
3.41;0.06;3.92;36.16;23.24;0.25;32.95
2.66;0.22;20.15;13.15;8.59;11.44;43.78
4.29;0.07;2.94;38.74;13.73;0.19;40.04
4.02;0.03;2.44;45.14;13.05;0.12;35.2
3.91;0.08;2.61;44.62;19.99;0.19;28.59
5.81;0.07;4.63;31.63;16.91;0.52;40.42
4.21;0.02;3.16;17.06;10.6;0.71;64.24
2.4;0.72;24.53;4.18;15.73;18.89;33.55
7.6;0.39;5.43;27.23;1.91;33.98;23.45
4.56;0.02;4.2;8.62;15.43;2.18;65.0
2.37;0.02;6.19;11.24;34.63;0.58;44.96
2.14;0.11;3.83;39.62;21.11;0.22;32.97
3.7;0.52;5.19;39.99;24.73;0.25;25.61
4.16;0.11;5.82;35.7;20.01;0.42;33.77
15.53;1.62;30.17;2.29;31.45;4.15;14.79
10.22;0.08;29.68;3.98;13.45;5.08;37.5
5.62;0.57;4.85;39.58;17.1;0.44;31.83
6.61;1.06;10.03;31.25;17.62;2.66;30.77
3.36;0.16;3.48;51.6;16.44;0.58;24.39
3.57;0.13;4.67;32.83;25.47;0.64;32.7
4.83;0.1;5.34;34.75;22.74;0.94;31.31
1.13;1.52;8.32;19.66;8.76;13.66;46.95
4.06;0.06;3.21;39.54;14.51;0.57;38.06
13.62;0.51;15.6;31.72;12.35;4.02;22.18
8.92;1.92;19.58;28.56;15.01;3.46;22.55
10.41;0.77;17.79;39.61;11.42;4.02;15.98
4.93;0.07;2.95;25.37;21.0;0.27;45.41
12.28;0.57;12.99;46.08;10.19;4.05;13.84
10.53;0.56;37.4;1.13;34.66;2.66;13.06
5.29;0.03;8.35;10.28;32.43;3.94;39.68
4.34;0.01;8.31;8.86;28.49;3.13;46.85
3.76;0.03;8.32;11.82;22.28;3.02;50.77
6.88;3.08;10.17;22.68;25.61;2.94;28.64
5.35;0.07;6.77;8.53;21.48;4.36;53.44
1.52;0.07;3.63;24.58;5.09;5.45;59.66
3.1;0.37;10.07;17.49;5.87;7.33;55.78
2.49;0.24;5.22;13.86;22.19;4.3;51.7
3.34;0.1;5.96;9.76;21.35;6.72;52.78
3.88;0.07;5.87;16.55;16.01;8.49;49.12
3.2;0.09;6.44;5.93;32.75;2.52;49.08
2.69;3.12;28.76;11.41;9.47;14.78;29.77
21.88;6.61;13.18;35.62;8.52;2.75;11.44
3.67;0.08;4.88;24.4;23.69;0.39;42.89
5.34;0.01;3.13;14.95;13.93;0.54;62.1
2.15;0.03;4.64;13.74;30.24;0.97;48.24
2.33;0.01;4.9;11.11;30.03;1.34;50.28
9.82;3.82;18.59;27.86;13.65;5.48;20.78
1.63;0.01;4.45;12.17;24.34;0.66;56.74
3.45;8.92;11.41;31.08;6.98;7.05;31.12
5.98;0.02;7.0;5.31;30.99;2.33;48.35
3.07;0.04;5.92;12.21;10.87;3.99;63.9
5.15;0.0;12.82;4.67;3.33;17.9;56.14
5.45;0.01;6.86;7.46;30.55;1.57;48.1
7.16;0.03;12.58;13.54;30.19;2.26;34.23
4.74;0.01;5.81;14.94;20.25;0.96;53.29
7.26;0.03;8.87;5.87;25.5;1.59;50.88
8.77;9.47;14.68;38.16;7.89;3.32;17.69
6.02;0.01;16.06;5.51;5.63;23.76;43.02
5.12;0.01;17.69;5.57;4.95;21.73;44.94
6.35;0.01;5.65;8.83;17.06;0.75;61.35
4.53;0.01;16.97;5.11;5.25;23.2;44.93
6.08;0.01;16.47;5.88;5.87;23.47;42.23
5.49;0.01;17.29;5.92;5.46;21.58;44.27
5.4;0.01;17.91;6.26;5.34;20.47;44.61
5.85;0.01;18.62;5.65;5.62;21.26;42.99
6.29;0.01;17.08;5.82;5.86;22.02;42.91
5.61;0.01;14.76;8.24;6.04;21.44;43.89
6.37;0.01;13.82;8.36;5.75;17.69;48.0
6.12;4.59;6.18;59.54;7.24;1.7;14.64
6.15;0.01;15.34;7.6;5.51;20.49;44.9
7.71;4.37;6.56;65.41;5.93;1.46;8.56
6.58;0.02;14.65;7.76;5.82;23.65;41.53
7.32;0.01;13.53;7.54;5.55;23.64;42.41
2.46;0.01;14.99;31.21;8.83;4.73;37.78
3.7;2.67;17.03;40.35;12.9;4.7;18.65
7.85;0.04;19.78;6.14;17.49;5.69;43.0
3.71;9.22;7.08;32.37;16.73;1.84;29.04
12.51;0.59;34.91;2.25;31.57;4.94;13.23
11.46;9.97;13.12;27.87;18.15;1.49;17.94
5.6;0.42;13.86;48.28;15.82;2.24;13.78
5.12;0.01;7.32;9.71;16.81;1.54;59.47
2.94;0.02;3.7;21.9;14.81;1.48;55.15
9.3;0.01;21.3;6.26;2.98;4.69;55.45
2.61;0.01;6.31;15.91;10.21;4.48;60.48
6.65;4.68;10.44;53.33;9.46;1.41;14.03
3.13;0.0;6.31;12.01;9.79;1.72;67.04
4.2;0.01;4.53;10.87;12.4;1.07;66.92
5.13;0.01;8.19;11.62;15.22;0.95;58.89
4.75;0.01;13.3;5.29;4.99;19.41;52.26
3.55;0.01;5.96;12.87;17.71;0.75;59.15
4.05;0.01;15.22;5.25;4.45;16.33;54.69
5.3;0.01;15.02;5.52;4.69;15.43;54.03
4.04;0.01;4.34;16.8;19.03;1.24;54.55
4.98;0.01;14.32;4.42;4.4;18.34;53.54
7.21;0.04;8.73;9.99;20.27;1.48;52.28
3.58;0.01;12.89;5.39;4.0;16.6;57.53
4.11;0.01;14.34;5.34;4.02;16.07;56.12
5.13;0.01;16.12;5.03;4.54;18.13;51.05
15.64;1.91;7.42;54.78;6.64;0.71;12.89
8.89;0.01;19.1;7.05;25.05;2.04;37.85
5.03;0.01;14.79;5.66;4.59;19.19;50.74
4.32;0.01;15.79;4.63;4.33;16.6;54.32
7.09;0.23;2.36;77.16;6.08;0.56;6.53
10.08;1.72;7.47;49.83;14.45;1.51;14.94
2.55;0.0;9.06;5.96;14.37;2.8;65.27
2.84;0.11;1.56;63.59;1.07;12.45;18.38
19.17;0.87;27.13;2.25;33.79;3.95;12.84
5.42;1.5;8.45;26.3;18.57;0.42;39.34
4.5;0.22;4.64;31.18;23.5;0.22;35.74
4.04;0.2;11.85;18.12;34.12;0.33;31.34
3.4;0.03;7.24;33.06;21.51;0.24;34.52
4.08;0.0;10.07;4.23;4.01;25.1;52.51
3.05;0.03;6.96;25.58;27.28;0.18;36.91
12.31;1.12;33.64;2.31;31.81;3.9;14.92
8.93;0.81;4.62;46.74;12.75;0.84;25.32
1.58;1.35;11.32;7.71;44.25;0.24;33.55
4.0;0.05;13.98;46.09;3.97;7.31;24.6
1.86;0.83;8.26;0.44;59.49;0.04;29.08
4.17;0.21;13.54;0.38;58.47;0.06;23.17
14.54;3.81;10.09;2.58;45.2;0.14;23.63
6.4;1.24;10.46;3.41;28.51;0.17;49.83
4.68;0.01;22.82;5.08;3.65;8.26;55.49
7.05;1.27;18.04;40.21;15.1;4.98;13.34
11.42;7.23;20.54;21.1;20.68;3.27;15.75
9.91;1.42;18.17;36.9;12.99;3.06;17.54
13.95;5.66;19.62;26.77;10.88;2.09;21.03
9.81;4.75;21.2;21.48;18.91;3.75;20.1
1.95;0.04;5.3;59.66;2.59;6.51;23.95
4.02;0.11;11.06;39.23;3.93;8.83;32.82
6.03;0.02;10.29;5.78;7.33;21.6;48.95
6.41;0.01;10.21;5.56;6.22;24.59;47.0
7.37;0.01;12.13;6.11;7.81;19.11;47.47
6.28;0.02;10.56;5.48;6.11;25.84;45.72
6.48;0.02;11.59;6.0;5.42;25.95;44.54
6.42;0.02;11.87;5.82;4.91;26.77;44.19
7.64;0.02;12.53;6.1;5.43;23.7;44.57
17.02;3.91;6.9;25.61;11.25;2.71;32.59
5.22;0.48;4.56;47.83;12.01;1.67;28.23
3.34;0.02;10.59;4.67;5.1;31.18;45.1
3.07;0.03;10.91;4.33;5.94;29.85;45.87
14.47;0.59;9.5;52.93;11.95;2.1;8.46
15.24;7.23;18.94;14.29;23.93;3.42;16.95
8.49;0.78;10.91;52.51;7.2;3.63;16.48
1.38;0.08;7.12;17.59;25.77;0.24;47.81
0.61;0.02;2.85;28.54;14.53;0.11;53.34
0.99;0.03;3.54;25.63;19.11;0.08;50.63
0.25;0.01;1.37;47.87;5.63;0.05;44.82
0.21;0.02;1.48;41.92;6.26;0.06;50.06
0.24;0.01;2.1;50.76;8.49;0.04;38.36
0.43;0.05;3.19;15.35;22.13;0.04;58.81
0.13;0.03;1.77;40.74;8.69;0.03;48.61
0.18;0.01;2.31;50.06;8.91;0.03;38.5
0.11;0.01;1.26;44.39;9.32;0.03;44.89
0.16;0.01;0.86;54.11;5.93;0.02;38.91
4.62;0.02;13.15;14.55;6.73;23.77;37.16
0.28;0.01;2.89;44.18;8.13;0.05;44.47
0.47;0.01;2.38;42.71;12.42;0.1;41.93
0.45;0.0;5.97;26.94;17.92;0.07;48.65
0.66;0.02;1.56;51.4;9.23;0.05;37.09
0.8;0.01;3.2;34.44;16.47;0.1;44.98
1.97;1.7;7.34;48.15;16.41;1.06;23.37
1.5;0.03;11.99;25.22;18.79;0.41;42.06
1.63;0.02;10.72;31.98;26.74;0.27;28.64
11.58;0.48;21.0;33.11;12.96;4.97;15.89
9.68;0.29;20.67;33.45;13.12;4.89;17.89
2.93;0.01;10.12;31.07;14.85;0.28;40.74
7.7;0.74;13.65;52.74;9.07;2.59;13.51
4.77;0.04;14.58;8.69;6.45;15.03;50.44
7.32;0.06;17.59;9.01;7.52;21.06;37.44
3.26;0.03;8.62;14.32;26.55;0.94;46.29
3.02;0.02;11.35;19.55;23.19;0.75;42.12
3.08;0.03;10.4;11.12;18.66;1.11;55.61
14.65;8.06;15.55;20.17;14.56;3.41;23.6
16.98;6.22;17.63;15.19;11.85;4.89;27.23
4.1;0.02;13.7;10.27;28.06;3.27;40.58
36.52;8.26;16.2;14.5;10.51;1.41;12.6
29.22;4.29;19.77;19.81;14.9;1.27;10.73
6.09;0.01;10.17;10.39;27.59;1.9;43.85
6.8;0.01;9.86;16.44;22.98;1.52;42.38
4.56;0.02;12.03;6.02;5.13;36.02;36.22
3.54;0.03;7.03;21.3;19.38;2.11;46.62
11.58;0.03;11.21;9.93;15.18;2.26;49.81
5.92;3.05;6.8;45.94;11.18;3.22;23.9
5.51;0.03;10.6;7.26;5.82;23.75;47.03
7.67;0.02;10.6;11.28;20.85;3.26;46.31
11.99;0.05;10.18;9.32;21.74;3.81;42.92
10.15;0.11;11.77;12.48;27.11;3.46;34.92
5.36;0.01;13.76;10.95;9.89;0.68;59.35
3.75;0.02;8.86;16.09;16.63;0.39;54.27
4.32;0.02;11.17;9.52;5.94;26.51;42.53
11.36;0.06;22.58;4.34;26.25;1.15;34.26
2.22;0.02;3.44;23.69;13.15;0.21;57.26
10.54;8.0;20.81;19.67;15.48;6.13;19.38
5.5;0.74;8.68;10.51;27.09;0.2;47.28
7.27;0.01;12.52;6.56;8.37;15.14;50.13
4.36;0.49;13.01;15.03;24.48;0.26;42.37
6.01;0.29;15.8;10.39;28.42;0.53;38.56
3.49;0.14;14.96;9.46;28.93;0.48;42.54
3.94;0.19;19.31;11.74;33.75;0.38;30.69
20.79;4.25;6.25;51.02;6.1;1.73;9.85
4.07;0.1;14.37;11.52;28.12;0.42;41.4
13.9;8.12;9.96;47.53;7.0;1.08;12.41
5.08;0.04;11.45;5.53;31.15;0.59;46.16
6.34;0.03;11.17;3.11;42.17;0.84;36.35
20.62;14.44;13.42;29.03;7.82;2.33;12.35
23.23;25.46;10.29;21.79;4.04;2.81;12.37
5.62;0.04;11.03;3.96;36.54;0.46;42.36
6.76;0.12;14.93;9.08;12.23;13.12;43.75
5.01;0.14;11.23;5.38;33.1;0.27;44.87
8.73;0.08;11.42;6.07;32.74;0.14;40.83
8.07;0.08;16.81;4.93;29.21;0.47;40.43
4.16;0.01;18.68;6.78;3.74;6.78;59.84
10.92;0.67;3.09;59.05;9.72;0.68;15.87
9.04;0.04;11.55;5.27;38.96;0.76;34.38
5.36;0.02;20.91;4.78;7.83;16.01;45.1
19.47;1.84;6.12;31.38;21.37;0.44;19.39
4.48;0.06;15.56;21.12;10.37;14.97;33.45
4.77;0.03;15.12;20.49;9.57;14.33;35.68
4.7;0.05;14.05;20.17;10.49;14.84;35.7
4.87;0.06;17.47;22.76;11.37;13.16;30.3
5.25;0.05;15.68;19.94;9.61;15.41;34.06
4.13;0.1;15.47;19.24;9.7;17.15;34.22
5.92;0.11;20.51;11.9;12.25;11.03;38.28
6.87;0.05;19.06;5.86;34.12;0.57;33.46
6.74;0.01;20.93;5.23;35.03;0.83;31.23
29.01;21.41;8.27;24.34;8.72;1.3;6.94
6.24;0.08;24.82;10.37;26.46;0.63;31.4
9.64;0.11;23.79;6.85;30.0;1.21;28.39
19.79;14.64;10.23;29.26;8.95;2.56;14.56
25.75;15.39;8.57;22.27;12.45;1.62;13.95
6.15;0.11;19.74;9.68;11.04;15.83;37.44
0.8;0.07;1.52;87.33;1.23;0.26;8.79
0.89;0.14;2.49;81.97;1.27;0.29;12.94
23.47;8.6;14.47;18.55;17.55;4.13;13.23
23.47;8.6;14.47;18.55;17.55;4.13;13.23
21.22;7.15;14.92;19.9;19.26;4.08;13.47
2.58;0.1;17.99;23.09;8.19;0.9;47.16
12.93;4.88;11.32;36.86;13.22;3.33;17.45
2.13;0.03;13.19;15.1;10.52;1.1;57.92
6.26;0.07;16.23;9.37;7.49;24.95;35.64
2.45;0.04;40.78;4.38;12.97;1.95;37.43
3.02;0.36;12.32;20.73;4.23;0.56;58.79
15.25;1.06;22.05;3.42;18.79;2.92;36.52
10.13;0.97;12.68;12.01;18.8;1.07;44.34
14.74;0.71;13.44;10.63;22.33;2.77;35.38
9.11;0.8;7.21;20.54;16.78;1.1;44.46
8.31;0.31;5.02;57.06;3.04;0.64;25.63
5.27;0.01;14.34;6.0;4.12;26.75;43.51
7.75;4.81;17.35;29.0;11.96;3.87;25.25
9.53;11.39;8.59;30.37;23.88;0.95;15.29
17.24;10.01;6.56;35.69;16.3;1.21;12.99
16.53;6.0;10.21;43.59;12.38;2.08;9.2
8.53;6.05;5.84;61.95;7.46;1.35;8.82
7.88;1.69;9.38;58.14;10.87;1.98;10.06
2.0;0.6;2.32;27.15;4.06;0.06;63.82
6.28;1.59;3.74;71.55;4.97;0.67;11.2
8.93;1.16;8.71;60.91;9.78;1.01;9.5
5.93;0.01;14.19;4.38;4.58;10.54;60.36
8.6;2.42;14.06;42.37;14.98;1.29;16.27
3.35;0.05;19.76;5.97;8.61;17.72;44.54
5.54;1.03;9.09;53.47;14.21;2.05;14.61
5.59;1.12;10.5;50.71;14.39;2.29;15.4
5.84;1.11;9.99;55.2;10.28;2.49;15.09
3.06;0.02;17.11;5.9;8.59;16.97;48.33
2.43;0.03;18.44;6.07;4.28;9.97;58.77
3.17;1.18;7.51;58.29;8.17;2.59;19.09
2.6;0.01;18.78;5.49;3.42;12.72;56.99
4.89;0.0;14.3;5.4;1.96;11.55;61.9
35.6;0.07;7.77;32.0;5.48;1.68;17.41
5.14;0.04;14.99;5.29;7.68;27.83;39.02
48.98;0.06;7.05;15.02;4.74;1.1;23.05
48.18;0.01;4.53;16.08;4.35;1.08;25.76
8.55;0.04;23.0;5.63;9.97;11.65;41.15
8.62;0.05;22.83;5.65;9.98;11.64;41.23
7.98;0.02;13.21;8.32;6.41;14.51;49.56
7.09;0.01;12.73;6.53;6.1;16.36;51.18
11.67;0.03;2.09;70.72;3.35;0.77;11.37
19.88;6.33;13.24;29.96;8.21;2.62;19.76
10.18;0.01;1.01;73.25;2.61;0.51;12.43
18.69;0.02;2.16;59.29;2.96;1.08;15.8
34.46;5.11;17.87;14.03;9.68;0.79;18.06
32.08;4.92;16.78;14.24;7.81;1.23;22.94
13.83;2.91;12.34;15.21;12.42;1.8;41.49
36.53;5.06;11.61;10.7;9.75;0.63;25.73
15.19;4.75;6.09;50.02;6.0;0.45;17.51
12.6;4.4;7.79;51.55;8.27;0.76;14.63
23.63;2.55;8.05;40.75;11.19;1.14;12.69
12.97;0.01;1.99;50.61;3.56;0.52;30.35
25.39;6.83;19.06;16.23;9.92;1.89;20.68
6.87;0.01;13.9;5.89;5.66;25.64;42.04
6.48;0.01;12.38;5.39;5.81;23.93;45.99
13.06;0.25;21.5;39.23;5.18;3.61;17.17
3.85;2.11;16.63;3.39;62.3;0.92;10.79
4.4;7.12;15.31;3.41;51.19;0.43;18.15
8.21;0.02;17.83;9.97;5.69;18.01;40.27
2.88;1.07;8.29;3.03;51.49;0.17;33.08
7.98;0.01;15.82;11.0;4.87;13.49;46.82
5.81;0.01;15.36;9.79;4.69;17.59;46.75
5.31;0.01;12.59;7.52;5.01;20.83;48.73
3.96;0.01;15.44;9.28;5.8;28.73;36.78
5.56;0.01;14.72;9.85;4.69;20.99;44.18
5.65;0.01;16.61;12.17;4.91;17.83;42.82
5.2;0.02;16.32;7.42;5.88;23.23;41.92
4.9;0.01;15.51;6.77;5.35;26.2;41.25
4.54;0.01;13.71;6.91;5.6;29.56;39.66
4.06;0.02;14.2;6.22;5.59;28.2;41.72
4.23;0.01;13.8;6.12;5.22;27.73;42.9
4.22;0.01;13.09;5.82;5.35;30.34;41.16
3.85;0.02;14.23;5.74;5.56;31.4;39.2
4.41;0.01;15.73;6.26;4.77;21.86;46.96
4.51;0.02;14.97;6.72;5.28;25.86;42.64
4.69;0.02;13.46;6.86;4.97;29.89;40.11
5.6;0.06;14.69;6.35;8.41;26.83;38.06
4.84;0.04;14.01;6.6;6.02;29.35;39.15
4.33;0.02;14.45;5.88;5.57;32.53;37.21
5.28;0.03;15.9;5.31;5.82;29.74;37.92
3.81;0.02;14.87;5.12;5.8;34.18;36.19
14.71;0.24;23.71;9.17;10.92;6.75;34.5
30.85;3.54;8.41;43.32;4.22;0.93;8.74
5.14;0.19;19.58;15.12;9.77;11.21;38.99
1.21;0.25;11.33;6.51;8.57;39.72;32.42
6.08;0.15;15.77;17.68;13.63;5.35;41.34
5.53;0.09;18.5;12.45;12.07;7.06;44.29
4.27;0.16;14.22;14.35;11.48;5.87;49.66
7.99;0.03;15.48;11.4;7.92;4.37;52.81
6.68;0.04;26.59;17.05;12.79;4.86;31.98
2.89;0.03;23.69;16.01;10.98;6.5;39.9
7.02;2.1;7.56;44.76;10.21;1.25;27.1
6.5;3.43;6.05;41.57;14.6;2.38;25.46
8.32;0.26;7.57;62.76;11.9;0.97;8.21
5.03;0.23;19.09;10.51;18.35;2.93;43.87
5.03;0.02;11.51;10.54;15.0;3.35;54.55
4.73;0.02;18.77;16.32;12.05;12.79;35.32
3.11;0.02;9.11;39.97;6.56;2.5;38.73
14.39;5.84;7.93;47.29;12.59;0.8;11.15
6.31;0.06;7.69;15.52;6.3;1.21;62.91
10.09;0.52;14.67;15.75;13.13;1.35;44.49
4.4;0.09;12.35;18.2;12.72;0.58;51.66
3.31;0.1;4.67;34.78;8.91;0.58;47.65
5.11;0.31;15.48;13.59;7.33;1.13;57.04
2.85;0.03;19.12;25.17;10.47;0.97;41.39
3.91;0.1;19.28;19.68;10.82;0.72;45.48
6.02;0.08;36.18;8.48;18.57;3.36;27.3
7.42;0.71;9.78;52.41;14.17;2.58;12.92
24.6;4.25;11.32;39.67;8.28;1.97;9.91
7.59;0.09;5.47;53.84;3.19;7.46;22.36
5.3;6.33;17.06;32.15;19.13;4.54;15.49
4.43;0.02;26.88;5.84;13.85;6.85;42.13
6.27;0.06;17.66;13.54;8.16;1.89;52.42
4.01;0.02;15.7;21.32;7.4;1.2;50.35
2.71;0.02;11.51;21.29;5.17;1.38;57.93
3.94;0.03;18.6;20.84;12.03;2.22;42.34
4.62;0.02;16.2;10.77;13.56;1.14;53.7
7.67;0.11;14.21;24.78;7.54;1.77;43.92
5.27;0.25;21.84;10.13;10.09;1.48;50.94
4.15;2.55;24.35;23.16;11.86;7.75;26.18
4.65;0.07;5.29;21.64;12.15;0.98;55.22
14.48;0.09;21.34;3.96;29.45;3.06;27.63
15.67;0.16;23.58;4.86;26.28;3.57;25.88
13.06;0.12;20.03;4.18;38.9;3.14;20.57
16.0;0.07;21.82;5.24;27.73;4.79;24.36
18.07;0.13;17.38;12.24;24.21;3.99;24.0
14.48;0.06;22.38;9.28;29.19;4.3;20.32
31.28;0.94;19.6;15.02;18.81;2.16;12.19
10.92;2.39;12.01;32.97;20.81;1.81;19.1
12.56;0.11;13.82;19.49;28.94;1.41;23.66
11.6;0.31;10.29;51.04;19.89;1.58;5.3
5.03;0.01;5.14;60.4;4.26;3.31;21.85
12.41;5.06;10.5;49.1;9.27;3.22;10.43
22.73;4.05;13.11;36.38;9.39;1.77;12.57
10.44;3.34;10.81;50.53;9.77;3.02;12.08
15.14;6.32;9.24;37.71;10.58;2.51;18.5
6.06;3.25;5.5;67.47;6.09;3.28;8.34
5.47;0.01;14.14;7.76;5.5;25.42;41.7
4.65;0.02;12.3;5.9;6.05;34.63;36.44
6.4;0.02;13.59;7.18;5.49;25.56;41.77
9.29;6.88;14.81;33.52;10.24;14.05;11.2
10.99;7.63;26.25;12.25;8.12;8.3;26.47
11.27;0.13;14.64;15.76;21.42;1.35;35.42
7.76;12.93;20.74;12.0;12.06;8.94;25.57
3.12;0.04;7.84;16.33;16.41;1.18;55.08
6.59;0.17;9.96;19.83;26.3;1.43;35.71
12.1;0.23;6.59;25.13;23.3;1.7;30.96
4.63;0.03;9.1;36.22;20.19;1.47;28.36
10.29;0.31;11.3;17.62;21.33;1.54;37.61
6.66;0.24;8.18;21.81;22.49;1.26;39.36
7.54;0.28;10.52;24.7;22.08;1.5;33.39
5.96;0.07;7.15;37.19;19.79;1.29;28.54
13.25;3.41;13.39;37.6;9.48;6.51;16.36
4.04;0.12;6.98;43.0;19.21;1.11;25.54
12.75;0.29;9.47;14.76;28.72;1.16;32.85
5.29;0.01;18.29;6.2;4.13;21.18;44.91
4.82;0.0;15.94;6.41;3.67;22.38;46.77
1.88;44.82;5.45;23.09;7.37;2.85;14.54
4.27;0.05;15.55;16.78;6.92;8.04;48.38
5.35;0.0;17.27;6.18;3.71;22.71;44.77
12.07;0.09;11.1;28.41;18.06;2.14;28.13
5.22;0.02;13.4;8.99;4.87;22.29;45.19
5.21;0.02;13.52;7.23;7.21;26.11;40.71
5.54;0.02;14.77;7.45;5.23;19.22;47.77
8.89;0.07;12.78;22.83;27.8;1.23;26.4
2.28;0.01;2.55;72.23;4.96;0.31;17.65
8.61;0.33;7.02;18.28;22.04;1.03;42.68
8.01;0.07;7.53;26.01;28.77;0.71;28.9
4.78;0.37;3.78;34.69;5.75;0.42;50.21
5.75;0.0;13.59;4.61;3.48;19.07;53.49
8.9;0.01;16.69;7.92;3.04;10.7;52.74
2.66;0.02;24.91;4.81;5.27;10.79;51.53
4.5;0.03;17.04;8.15;4.55;25.65;40.08
7.01;0.02;17.11;5.58;5.89;23.52;40.87
5.84;0.02;16.14;5.21;5.59;30.17;37.04
6.45;0.02;18.06;5.64;6.07;25.38;38.38
6.0;0.01;16.8;6.01;5.28;27.35;38.54
6.8;0.02;16.5;5.75;5.42;26.79;38.73
6.0;0.02;16.17;5.85;5.59;27.83;38.54
7.41;0.02;14.42;6.59;6.37;22.01;43.17
6.59;0.02;13.29;6.51;6.57;20.96;46.06
6.86;0.01;13.49;6.37;6.36;24.28;42.63
5.49;0.01;13.98;6.37;5.61;25.05;43.49
0.87;0.0;3.88;27.41;7.95;0.79;59.1
2.01;0.01;15.96;16.67;10.27;6.1;48.98
1.3;0.0;5.92;16.0;12.62;1.32;62.84
1.17;0.01;9.61;14.42;20.0;1.49;53.3
1.72;0.01;3.08;3.29;11.91;0.69;79.3
7.42;2.0;16.71;31.86;10.55;5.11;26.35
2.62;0.01;29.42;6.75;30.38;2.61;28.22
1.81;0.01;16.75;4.63;25.28;4.66;46.86
2.49;0.02;13.93;20.21;15.55;3.92;43.87
1.56;0.01;16.32;16.5;18.01;3.87;43.73
5.54;0.01;13.96;7.4;4.43;17.96;50.69
1.47;0.05;18.06;4.4;28.08;10.56;37.38
1.67;0.05;8.53;10.19;20.68;2.78;56.09
17.67;3.45;5.09;22.28;15.19;7.23;29.09
1.7;0.07;13.39;3.59;35.65;6.85;38.75
7.36;0.02;15.91;12.84;3.81;16.01;44.05
8.38;0.02;16.2;12.91;4.34;13.13;45.03
14.13;3.33;5.53;34.34;16.0;3.92;22.75
6.91;0.02;14.87;11.22;4.05;13.78;49.16
1.35;1.59;19.35;14.2;16.8;12.5;34.21
1.73;0.04;12.4;13.24;21.36;6.92;44.3
1.38;0.03;10.59;18.55;15.1;5.28;49.07
11.64;0.02;15.94;13.51;5.43;13.84;39.62
11.63;0.01;17.68;14.73;5.19;9.4;41.36
10.51;0.03;16.41;15.24;5.39;10.73;41.7
9.99;0.02;18.62;11.56;4.65;17.03;38.12
10.54;0.24;39.32;16.77;11.85;5.99;15.29
2.79;0.06;17.02;8.16;27.95;8.65;35.37
2.12;0.03;22.66;5.37;25.69;7.28;36.85
46.83;4.27;2.43;28.22;9.66;1.65;6.94
2.22;0.05;25.12;1.71;16.05;11.9;42.95
38.45;2.32;6.52;22.84;10.65;2.91;16.31
30.71;0.38;9.67;28.06;9.99;6.65;14.54
5.06;0.06;16.81;6.56;21.32;9.26;40.93
6.45;0.07;13.45;11.59;19.05;7.34;42.06
3.82;0.07;12.33;13.7;27.27;3.49;39.33
3.78;0.02;16.65;9.71;26.38;5.77;37.69
5.15;2.58;15.08;20.92;11.5;7.06;37.7
4.06;0.01;23.28;8.98;12.18;5.49;46.0
8.89;0.04;25.37;9.41;24.95;3.44;27.91
10.29;0.52;19.45;10.72;36.69;1.89;20.44
8.0;0.02;36.26;11.23;23.03;4.36;17.1
10.28;0.11;31.99;10.33;26.49;2.73;18.08
5.18;0.01;16.26;22.63;22.27;1.39;32.26
3.46;0.01;12.99;22.94;18.79;1.58;40.23
3.78;0.02;16.75;19.95;16.49;2.91;40.11
6.95;0.05;7.21;27.66;6.26;11.85;40.02
2.1;0.01;22.76;33.62;14.03;2.26;25.23
4.21;0.07;12.08;5.46;17.0;2.59;58.59
8.0;0.09;11.2;9.33;21.21;1.96;48.2
6.12;0.13;12.81;18.85;30.88;2.13;29.09
10.64;0.9;22.57;26.31;15.31;3.08;21.19
3.78;0.08;6.65;26.98;22.44;1.08;39.0
3.74;0.04;4.91;32.92;13.11;1.41;43.88
5.6;0.05;10.87;28.18;18.13;1.99;35.18
14.59;2.67;20.5;19.28;18.13;2.49;22.33
10.67;1.14;24.22;19.51;15.02;4.04;25.4
6.77;0.01;19.78;6.73;4.26;15.12;47.33
11.8;1.69;23.89;24.67;15.38;5.1;17.47
4.4;0.03;8.93;24.69;15.6;0.9;45.45
4.97;0.05;18.06;17.69;25.36;2.79;31.08
4.27;0.01;9.49;6.17;4.67;19.97;55.42
