angry;disgust;scared;happy;sad;surprised;neutral
3.21;0.01;34.27;0.18;10.16;4.12;48.04
5.46;0.01;28.83;0.18;11.14;3.62;50.75
3.78;0.02;34.69;0.22;9.83;5.43;46.03
1.83;0.02;16.41;0.21;12.16;3.2;66.17
3.88;0.01;26.19;0.29;11.05;2.8;55.76
4.98;0.04;16.0;0.42;13.02;1.65;63.89
2.53;0.01;11.84;0.36;8.89;1.02;75.35
1.22;0.02;1.4;0.29;6.12;0.03;90.92
1.14;0.27;1.79;1.26;5.68;0.02;89.83
1.88;0.29;3.96;0.66;9.89;0.05;83.25
1.55;0.3;2.78;1.51;9.39;0.05;84.43
1.49;0.4;2.04;0.98;11.64;0.03;83.43
1.36;0.31;1.89;0.49;10.29;0.03;85.63
1.87;0.41;1.82;0.57;9.64;0.04;85.66
2.3;0.24;6.02;0.37;15.12;0.26;75.69
2.3;0.19;4.36;0.48;10.13;0.45;82.08
2.57;0.14;5.42;0.47;8.89;0.71;81.79
3.18;0.11;9.61;0.32;11.52;0.87;74.4
4.25;0.1;12.88;0.24;12.65;1.48;68.41
4.39;0.12;12.16;0.15;12.93;1.35;68.9
4.97;0.08;19.5;0.14;12.83;2.52;59.96
3.99;0.03;28.5;0.18;9.84;4.45;53.01
4.3;0.1;13.96;0.19;9.56;1.8;70.08
1.57;0.05;5.19;0.15;7.03;0.58;85.42
0.4;0.07;0.81;0.12;4.02;0.02;94.57
0.85;0.27;1.83;0.15;5.72;0.04;91.15
1.33;0.22;2.92;0.14;7.59;0.07;87.73
1.41;0.04;5.17;0.13;5.32;0.22;87.7
2.91;0.03;9.11;0.25;6.21;0.79;80.71
3.94;0.02;14.47;0.26;8.11;1.32;71.88
3.64;0.02;12.74;0.28;8.85;1.22;73.25
5.27;0.06;26.46;0.29;9.09;1.61;57.21
4.47;0.03;18.45;0.34;8.55;1.53;66.63
6.99;0.1;36.15;0.37;10.0;2.53;43.87
5.42;0.03;20.72;0.27;9.1;3.0;61.46
4.88;0.05;22.14;0.47;7.95;1.6;62.91
3.25;0.04;38.24;0.41;9.09;2.28;46.68
3.13;0.05;35.72;0.47;6.74;1.89;52.0
4.02;0.15;37.81;0.28;7.79;2.38;47.58
4.44;0.13;21.41;0.23;7.89;1.76;64.14
1.9;0.2;12.47;0.11;6.22;1.09;78.0
1.58;0.06;9.46;0.09;4.75;0.77;83.29
2.11;0.08;18.23;0.09;6.78;1.91;70.8
4.95;0.04;27.24;0.07;11.32;4.17;52.22
2.88;0.07;15.68;0.09;8.12;1.69;71.48
2.87;0.02;16.07;0.06;10.35;1.66;68.97
2.7;0.13;18.19;0.1;6.76;1.37;70.74
1.93;0.04;12.86;0.12;5.94;1.08;78.03
2.29;0.03;13.27;0.07;6.51;1.1;76.74
10.6;0.09;17.02;11.08;8.8;19.67;32.73
4.08;0.03;15.8;0.09;7.16;1.61;71.23
3.49;0.03;15.51;0.08;8.33;0.72;71.84
3.29;0.07;19.54;0.1;7.45;1.98;67.57
5.05;0.06;20.75;0.09;7.44;2.28;64.35
2.85;0.03;13.81;0.06;6.89;0.74;75.62
2.77;0.06;23.45;0.07;10.62;0.93;62.1
3.27;0.06;18.72;0.08;8.19;1.23;68.45
2.28;0.02;16.98;0.03;7.5;1.2;71.98
2.8;0.03;20.27;0.04;7.84;1.54;67.5
2.18;0.02;19.64;0.05;7.01;2.17;68.93
2.73;0.02;32.97;0.06;8.46;4.08;51.67
2.62;0.01;31.39;0.13;4.37;2.94;58.54
2.06;0.03;27.93;0.08;5.81;2.4;61.68
1.67;0.04;18.05;0.08;6.31;1.0;72.84
1.82;0.04;15.18;0.07;6.31;0.66;75.92
1.15;0.03;13.15;0.05;4.72;0.74;80.16
1.63;0.02;14.35;0.06;6.57;0.45;76.92
2.21;0.06;14.37;0.06;8.5;0.8;73.99
2.27;0.04;20.5;0.04;9.13;1.68;66.33
3.57;0.08;24.29;0.06;9.8;1.08;61.1
1.92;0.02;14.33;0.08;4.84;1.19;77.62
1.78;0.03;17.98;0.05;4.97;1.73;73.46
1.82;0.02;8.18;0.04;6.16;0.42;83.35
1.81;0.06;5.43;0.03;4.16;0.08;88.44
2.15;0.03;11.85;0.04;5.08;0.24;80.62
1.79;0.02;27.7;0.04;5.42;0.82;64.22
1.57;0.02;38.0;0.07;4.98;1.37;53.99
1.61;0.03;38.24;0.07;4.38;1.34;54.33
1.2;0.02;28.0;0.03;6.4;3.81;60.55
1.09;0.03;33.37;0.02;6.13;4.85;54.5
1.06;0.03;26.11;0.05;5.21;4.77;62.78
1.64;0.07;25.72;0.04;4.64;3.04;64.85
2.09;0.05;43.81;0.04;5.61;4.02;44.38
2.66;0.11;40.19;0.02;6.42;3.4;47.2
1.85;0.05;40.3;0.03;4.72;4.17;48.87
2.22;0.03;23.48;0.03;4.59;2.89;66.75
1.91;0.04;31.82;0.04;4.54;4.34;57.32
1.63;0.04;22.36;0.04;4.19;1.68;70.05
3.59;0.04;32.41;0.06;6.8;5.33;51.77
1.47;0.03;36.6;0.03;3.6;5.08;53.19
2.28;0.03;33.14;0.04;7.02;3.88;53.62
1.8;0.02;33.84;0.03;4.68;3.45;56.19
2.48;0.01;28.75;0.03;7.43;2.69;58.6
1.69;0.05;31.77;0.02;4.5;4.91;57.05
1.07;0.05;36.47;0.03;4.56;5.09;52.73
1.41;0.02;25.56;0.04;3.57;4.39;65.01
1.7;0.02;25.08;0.06;3.99;6.33;62.82
1.23;0.02;18.29;0.06;2.44;3.09;74.88
1.13;0.02;20.27;0.06;2.55;2.39;73.59
1.87;0.04;15.66;0.06;2.82;2.26;77.29
1.63;0.03;28.72;0.04;4.47;2.28;62.84
3.02;0.07;27.03;0.07;4.05;3.18;62.6
2.75;0.08;32.87;0.07;3.95;2.05;58.22
3.46;0.04;39.45;0.05;6.63;3.04;47.33
3.35;0.02;30.46;0.05;6.89;2.55;56.68
6.0;0.09;38.94;0.05;5.34;1.85;47.73
5.22;0.05;31.15;0.06;4.5;1.88;57.13
2.6;0.03;25.17;0.05;5.7;1.05;65.4
5.78;0.15;24.82;0.05;5.16;2.91;61.13
7.61;0.1;30.3;0.04;5.3;5.88;50.77
4.37;0.08;36.1;0.08;4.19;5.63;49.55
6.26;0.06;40.45;0.04;5.57;4.5;43.11
8.97;0.08;51.63;0.04;4.82;11.12;23.35
8.77;0.07;40.62;0.05;5.89;3.81;40.8
5.07;0.08;36.05;0.05;5.49;1.87;51.39
7.77;0.1;36.28;0.05;4.98;1.78;49.03
5.95;0.05;51.22;0.01;4.8;3.8;34.18
4.86;0.03;33.92;0.03;7.36;3.98;49.82
6.08;0.18;37.05;0.04;8.36;10.09;38.19
4.19;0.12;41.12;0.05;6.24;4.57;43.71
3.45;0.06;57.02;0.02;5.05;5.28;29.13
6.02;0.09;47.06;0.05;5.22;5.32;36.25
5.22;0.05;34.89;0.06;4.23;2.48;53.07
4.67;0.06;37.64;0.03;4.34;3.37;49.88
3.63;0.08;31.04;0.03;4.4;1.97;58.84
5.98;0.2;48.56;0.07;6.85;2.32;36.03
5.72;0.07;43.74;0.03;6.39;4.59;39.45
5.89;0.12;50.71;0.04;6.37;2.77;34.09
4.42;0.06;50.07;0.04;4.8;2.42;38.2
4.1;0.05;45.76;0.03;4.51;3.99;41.57
4.87;0.12;43.38;0.03;5.64;5.36;40.6
6.0;0.09;41.27;0.03;5.98;3.34;43.29
2.8;0.03;34.78;0.01;4.23;1.32;56.82
6.5;0.09;38.74;0.02;6.33;5.31;43.02
5.39;0.1;52.31;0.04;7.22;4.74;30.19
5.97;0.18;46.85;0.03;8.1;3.73;35.15
2.68;0.04;47.69;0.03;5.86;3.75;39.95
4.41;0.08;54.5;0.03;5.35;6.37;29.26
7.58;0.13;42.35;0.04;6.1;9.19;34.61
9.16;0.22;29.69;0.07;6.23;12.36;42.28
4.22;0.05;34.82;0.04;5.47;8.68;46.74
8.64;0.14;37.52;0.05;6.29;8.94;38.42
4.4;0.06;33.88;0.04;4.84;6.53;50.26
14.19;0.39;36.09;0.03;6.91;13.27;29.12
4.49;0.05;36.33;0.04;6.31;6.62;46.15
4.65;0.05;58.19;0.03;4.91;10.16;22.01
5.29;0.06;38.91;0.03;6.01;5.51;44.21
5.17;0.03;36.71;0.03;6.82;5.51;45.74
5.45;0.14;42.3;0.04;5.24;13.08;33.75
2.98;0.04;43.87;0.1;3.69;22.41;26.92
4.9;0.06;28.69;0.08;4.8;12.48;49.0
7.69;0.13;48.78;0.06;5.15;6.54;31.66
3.8;0.09;28.09;0.06;3.53;7.44;56.99
4.27;0.11;44.25;0.04;3.54;10.27;37.52
5.37;0.08;40.45;0.03;5.87;9.18;39.02
4.87;0.1;46.67;0.02;6.59;8.86;32.89
3.04;0.06;45.78;0.03;5.16;8.71;37.21
4.29;0.13;38.46;0.07;4.38;4.61;48.07
5.83;0.24;29.62;0.06;5.12;5.0;54.12
3.0;0.09;37.15;0.06;4.72;5.61;49.37
2.43;0.07;31.34;0.04;4.14;6.98;55.0
2.32;0.06;28.78;0.05;3.75;5.57;59.46
2.37;0.05;25.67;0.06;3.35;6.28;62.22
3.12;0.1;26.99;0.04;5.01;6.93;57.81
3.4;0.06;28.56;0.05;3.71;4.84;59.38
4.53;0.15;39.91;0.09;4.65;6.4;44.27
3.76;0.14;38.0;0.05;3.87;8.59;45.59
3.49;0.14;38.93;0.04;4.98;7.97;44.44
2.59;0.05;27.02;0.07;3.45;6.29;60.53
3.03;0.07;28.23;0.04;4.82;15.8;48.01
4.27;0.09;27.99;0.05;4.46;9.09;54.06
4.27;0.11;27.49;0.05;4.37;8.66;55.05
2.27;0.05;46.1;0.03;4.38;11.91;35.26
7.84;0.33;31.08;0.04;5.84;9.01;45.86
5.53;0.2;32.48;0.04;5.64;5.99;50.12
1.89;0.06;25.26;0.04;2.75;7.23;62.78
7.75;0.3;26.67;0.05;4.49;11.11;49.63
3.06;0.07;26.41;0.04;4.0;14.54;51.88
2.34;0.02;50.16;0.05;4.12;15.39;27.92
3.25;0.07;30.44;0.04;4.28;11.93;49.98
2.0;0.03;41.2;0.04;3.98;14.59;38.16
3.74;0.11;20.22;0.06;3.69;7.64;64.54
4.0;0.07;29.75;0.06;5.51;10.37;50.23
4.52;0.09;31.23;0.06;4.72;5.99;53.39
2.84;0.08;30.57;0.06;4.73;6.31;55.4
2.21;0.04;25.52;0.07;3.17;5.09;63.91
2.4;0.08;24.7;0.08;3.8;5.75;63.19
6.05;0.12;31.29;0.06;5.5;12.14;44.82
7.74;0.15;35.77;0.07;5.68;9.16;41.42
5.74;0.11;37.03;0.04;4.35;12.17;40.56
4.04;0.06;39.46;0.06;6.31;8.76;41.3
3.52;0.08;34.09;0.07;6.04;7.65;48.56
4.81;0.14;32.08;0.08;4.28;9.8;48.81
6.68;0.17;50.77;0.05;6.59;11.52;24.21
3.36;0.07;40.84;0.08;4.95;9.31;41.4
4.53;0.11;35.28;0.04;4.72;8.14;47.18
2.49;0.04;33.15;0.07;4.39;24.35;35.51
4.36;0.22;28.91;0.05;5.75;13.09;47.61
2.43;0.06;40.92;0.06;5.28;24.82;26.43
2.87;0.09;36.45;0.05;6.6;29.07;24.88
5.58;0.22;39.83;0.07;5.36;15.2;33.74
2.36;0.04;41.63;0.05;3.77;21.19;30.95
5.63;0.13;35.98;0.05;5.68;10.73;41.8
2.97;0.08;39.76;0.04;5.07;16.75;35.33
4.21;0.21;48.65;0.02;6.91;11.75;28.25
5.87;0.16;37.01;0.04;5.39;21.97;29.56
7.67;0.23;34.71;0.04;6.1;16.56;34.7
8.81;0.35;38.51;0.03;6.2;14.16;31.94
8.98;0.31;51.48;0.03;5.42;17.29;16.49
11.27;0.38;36.06;0.05;5.18;25.22;21.84
6.06;0.11;36.75;0.04;3.82;27.11;26.11
8.97;0.28;33.46;0.05;4.54;26.51;26.19
9.59;0.32;34.42;0.04;5.32;28.28;22.03
6.26;0.15;31.42;0.03;5.08;31.38;25.68
9.03;0.34;41.4;0.07;4.94;22.83;21.39
5.22;0.13;35.78;0.07;6.0;23.67;29.13
4.83;0.13;37.06;0.03;4.04;29.25;24.66
3.24;0.13;47.28;0.05;5.19;12.71;31.4
5.22;0.18;35.69;0.04;3.88;31.74;23.26
7.56;0.24;43.57;0.07;6.23;17.89;24.43
8.59;0.31;38.75;0.06;5.83;23.23;23.22
7.95;0.35;38.92;0.04;5.4;23.82;23.51
6.03;0.25;35.67;0.05;6.21;12.68;39.1
4.81;0.25;31.39;0.04;4.1;25.39;34.02
4.9;0.11;39.61;0.04;5.84;11.09;38.41
5.31;0.22;34.38;0.04;4.66;19.14;36.24
6.89;0.17;40.14;0.05;5.7;17.43;29.61
7.19;0.23;41.16;0.04;5.21;20.36;25.81
5.57;0.17;40.21;0.06;4.91;20.15;28.94
3.3;0.1;36.04;0.02;4.87;9.5;46.17
3.25;0.12;38.67;0.03;4.24;24.69;28.99
7.25;0.12;46.01;0.05;6.54;16.41;23.62
5.51;0.09;36.01;0.04;6.42;18.75;33.18
5.0;0.12;45.41;0.04;7.71;24.76;16.97
3.46;0.18;42.99;0.04;9.07;19.81;24.45
4.88;0.26;38.99;0.05;8.61;21.64;25.57
4.32;0.18;39.49;0.05;6.33;29.12;20.51
4.81;0.21;42.0;0.05;6.15;26.36;20.41
5.06;0.18;42.48;0.04;7.95;24.49;19.8
5.34;0.2;36.12;0.04;5.78;27.04;25.47
5.28;0.1;40.23;0.05;6.24;10.21;37.89
4.46;0.13;30.48;0.05;4.82;14.46;45.6
2.37;0.15;45.17;0.03;6.43;11.32;34.53
3.74;0.09;38.95;0.03;5.55;10.49;41.15
3.74;0.14;34.0;0.04;4.52;16.5;41.05
1.94;0.06;27.29;0.03;3.12;10.02;57.54
4.06;0.15;33.72;0.05;4.58;16.96;40.49
5.24;0.14;34.39;0.04;5.64;11.87;42.69
2.49;0.08;25.15;0.06;3.9;10.65;57.68
3.81;0.13;33.88;0.04;4.29;16.1;41.74
6.4;0.12;33.88;0.06;6.35;9.98;43.21
4.43;0.16;39.16;0.05;4.28;12.75;39.17
2.34;0.06;24.31;0.03;4.29;8.21;60.76
3.96;0.06;35.47;0.06;4.66;10.64;45.16
4.41;0.07;29.41;0.05;3.99;14.83;47.25
4.24;0.14;45.5;0.04;6.27;7.81;36.0
5.23;0.1;36.91;0.03;6.05;15.0;36.68
5.32;0.13;35.95;0.06;4.71;15.6;38.24
5.59;0.15;24.19;0.07;5.29;12.75;51.96
5.86;0.17;41.51;0.05;5.41;16.85;30.14
3.87;0.11;41.53;0.05;5.53;10.24;38.67
6.19;0.11;43.15;0.04;5.14;17.32;28.04
6.17;0.15;27.86;0.06;5.17;14.14;46.45
5.46;0.14;30.18;0.06;5.09;11.22;47.85
6.43;0.08;26.43;0.06;5.3;15.73;45.98
3.41;0.11;27.33;0.06;3.6;14.72;50.78
4.76;0.11;27.94;0.04;6.5;19.11;41.54
5.17;0.15;39.8;0.04;6.15;9.66;39.03
5.93;0.09;27.91;0.04;4.79;14.99;46.24
6.3;0.27;39.77;0.05;6.74;13.35;33.52
7.04;0.15;39.0;0.04;4.81;19.44;29.52
8.04;0.2;25.86;0.06;5.32;16.55;43.97
6.71;0.23;29.37;0.05;5.27;16.15;42.21
5.3;0.1;35.36;0.03;5.57;13.93;39.71
5.3;0.15;37.59;0.05;4.68;17.76;34.46
6.07;0.1;33.4;0.04;4.78;33.29;22.32
6.96;0.18;36.76;0.05;7.64;14.29;34.14
9.72;0.21;35.51;0.04;5.21;23.56;25.76
5.19;0.11;40.22;0.04;4.05;30.08;20.31
6.93;0.41;41.02;0.04;5.92;15.87;29.81
7.99;0.15;36.61;0.04;6.76;19.86;28.59
7.97;0.27;44.48;0.04;5.11;17.89;24.24
5.76;0.08;45.61;0.05;5.16;26.22;17.12
4.98;0.12;39.69;0.04;5.6;30.49;19.08
9.31;0.18;45.15;0.04;4.72;23.77;16.84
10.63;0.34;43.53;0.03;5.53;20.89;19.04
14.67;0.34;37.79;0.03;6.54;22.41;18.22
7.58;0.14;52.19;0.03;4.68;21.52;13.86
6.07;0.19;49.06;0.03;5.46;24.09;15.08
10.47;0.18;39.62;0.02;5.73;26.6;17.37
8.52;0.1;40.82;0.03;6.97;16.96;26.6
8.93;0.2;36.42;0.03;8.11;17.49;28.82
8.68;0.26;36.59;0.05;6.71;15.26;32.45
4.3;0.11;39.44;0.04;5.57;12.87;37.66
5.74;0.17;34.54;0.05;5.74;9.42;44.35
7.24;0.19;40.77;0.02;6.19;21.64;23.94
6.35;0.12;33.98;0.05;6.27;11.08;42.15
6.91;0.13;41.57;0.03;7.02;12.98;31.36
3.39;0.05;47.74;0.03;6.94;7.65;34.19
10.46;0.53;36.98;0.04;6.68;16.94;28.37
7.93;0.3;36.24;0.05;6.53;13.72;35.23
6.18;0.1;42.94;0.04;5.4;11.91;33.43
6.16;0.09;41.54;0.04;7.24;12.81;32.11
6.38;0.17;53.1;0.03;5.76;20.39;14.17
9.53;0.22;31.88;0.04;6.16;15.66;36.51
9.9;0.44;39.75;0.07;5.65;12.15;32.04
5.28;0.08;35.02;0.04;6.71;9.22;43.65
3.88;0.06;32.96;0.05;5.54;9.2;48.3
4.97;0.09;44.95;0.04;6.18;19.88;23.89
7.32;0.17;36.99;0.02;5.5;17.4;32.59
4.45;0.18;48.25;0.03;6.59;20.53;19.97
4.42;0.09;50.77;0.05;7.02;17.1;20.56
10.29;0.23;33.51;0.03;5.91;17.46;32.57
9.59;0.24;34.79;0.03;5.66;17.08;32.61
4.45;0.08;48.28;0.04;11.2;7.06;28.89
0.54;0.06;1.71;0.03;2.42;0.1;95.15
1.07;0.12;1.71;0.04;3.59;0.18;93.3
1.42;0.05;5.15;0.08;6.25;0.33;86.73
3.86;0.2;20.42;0.06;12.86;1.68;60.92
6.68;0.27;22.08;0.02;11.56;3.35;56.04
3.82;0.21;27.75;0.04;12.56;2.63;52.99
5.17;0.15;45.7;0.04;11.26;5.9;31.79
8.48;0.35;30.94;0.02;8.18;6.65;45.37
7.04;0.28;31.97;0.03;7.69;10.22;42.77
8.68;0.25;40.01;0.03;8.93;9.17;32.93
7.42;0.19;36.75;0.03;7.91;8.16;39.53
7.55;0.19;40.1;0.02;7.96;9.16;35.02
6.25;0.18;33.54;0.04;5.95;9.54;44.51
1.89;0.22;6.83;0.08;8.98;0.98;81.03
1.25;0.25;1.77;0.09;5.97;0.04;90.62
1.1;0.3;0.96;0.1;3.61;0.03;93.9
1.66;0.19;1.7;0.05;5.18;0.05;91.18
0.81;0.05;3.35;0.02;3.85;0.12;91.8
3.29;0.1;14.14;0.02;7.08;1.17;74.2
2.79;0.16;28.05;0.03;13.26;1.88;53.82
3.21;0.07;46.56;0.04;11.61;7.5;31.01
2.36;0.04;37.09;0.04;8.73;6.13;45.61
3.67;0.08;44.2;0.05;10.37;15.75;25.88
3.42;0.07;50.38;0.04;9.56;13.48;23.05
6.7;0.25;38.28;0.03;7.62;10.48;36.64
3.56;0.06;37.77;0.04;6.03;8.61;43.93
8.56;0.19;37.3;0.03;7.07;13.61;33.24
8.81;0.18;34.94;0.03;8.08;11.86;36.09
8.14;0.2;44.89;0.02;6.7;13.7;26.34
2.34;0.03;47.94;0.04;7.63;7.95;34.08
6.24;0.3;40.35;0.04;8.03;12.01;33.04
6.65;0.27;44.78;0.03;9.27;14.32;24.68
7.2;0.14;50.77;0.04;6.12;19.73;16.01
7.91;0.32;49.09;0.03;7.26;12.97;22.42
5.61;0.18;46.05;0.03;6.3;23.91;17.92
4.51;0.19;49.86;0.04;6.66;15.68;23.07
7.45;0.15;51.78;0.03;6.53;18.64;15.41
7.27;0.77;46.27;0.05;9.26;16.26;20.11
7.72;0.16;48.96;0.04;6.28;14.98;21.86
5.5;0.12;49.45;0.03;9.89;11.81;23.19
7.06;0.22;50.35;0.02;8.24;13.96;20.15
9.0;0.24;45.47;0.03;6.79;15.29;23.18
5.34;0.13;50.85;0.05;6.91;20.83;15.9
4.94;0.12;49.76;0.03;7.56;14.29;23.31
4.09;0.5;30.86;0.05;12.2;2.17;50.13
1.35;0.11;1.74;0.04;4.72;0.08;91.96
1.19;0.13;1.6;0.07;5.42;0.07;91.52
1.32;0.03;4.13;0.03;5.61;0.3;88.58
1.74;0.08;9.35;0.03;5.06;0.68;83.07
6.24;0.09;20.28;0.02;14.24;1.74;57.39
3.07;0.09;29.46;0.04;7.95;3.74;55.64
8.74;0.17;38.41;0.03;12.17;6.89;33.59
5.44;0.06;53.58;0.03;8.41;10.47;22.02
4.92;0.09;46.27;0.03;10.83;7.19;30.68
6.49;0.26;39.66;0.02;7.62;10.22;35.73
2.69;0.04;43.71;0.04;10.28;9.85;33.41
2.52;0.04;43.51;0.03;7.2;7.13;39.57
4.44;0.13;47.2;0.03;9.38;7.46;31.35
7.93;0.31;39.8;0.03;9.16;10.8;31.96
7.69;0.19;33.36;0.03;7.39;10.25;41.1
9.6;0.27;38.61;0.02;8.14;16.13;27.24
4.56;0.14;50.75;0.04;7.74;12.1;24.66
3.7;0.06;38.94;0.05;9.8;15.18;32.26
3.74;0.09;44.64;0.03;10.09;6.96;34.45
3.95;0.06;42.51;0.06;9.34;10.68;33.4
4.54;0.1;51.04;0.04;8.59;15.09;20.6
5.36;0.09;29.85;0.03;7.13;8.45;49.09
3.27;0.07;45.92;0.04;8.29;11.84;30.57
7.71;0.28;33.75;0.04;7.72;10.46;40.03
6.48;0.13;41.18;0.03;11.18;6.29;34.72
6.47;0.09;48.79;0.03;9.31;11.74;23.57
6.71;0.18;38.4;0.03;7.25;9.97;37.46
4.95;0.07;36.38;0.05;8.95;10.83;38.77
4.23;0.06;38.53;0.06;8.73;8.95;39.44
5.21;0.09;41.93;0.04;7.94;14.2;30.59
5.43;0.12;45.36;0.03;9.02;11.45;28.59
7.84;0.15;44.05;0.05;7.91;15.21;24.79
6.25;0.17;46.91;0.05;11.06;16.67;18.89
6.7;0.17;50.46;0.04;7.16;12.91;22.55
4.55;0.1;47.91;0.04;6.56;18.02;22.82
6.52;0.11;50.41;0.04;9.06;13.91;19.95
4.39;0.08;30.9;0.03;6.58;5.16;52.86
3.61;0.15;13.75;0.05;8.35;0.86;73.22
4.15;0.19;24.59;0.08;17.77;2.05;51.16
3.34;0.25;17.01;0.04;10.26;0.88;68.21
6.23;0.29;21.16;0.04;15.42;3.9;52.95
4.3;0.27;26.34;0.07;13.15;3.4;52.47
6.18;0.21;22.98;0.06;12.84;7.15;50.6
1.82;0.15;7.95;0.06;9.38;0.47;80.17
1.25;0.29;1.61;0.1;7.18;0.1;89.47
0.77;0.7;1.76;0.13;5.81;0.06;90.77
1.15;0.54;2.89;0.11;7.75;0.16;87.4
1.64;0.35;4.33;0.08;8.06;0.16;85.39
0.83;0.34;4.03;0.08;6.44;0.14;88.15
0.71;0.21;4.06;0.05;5.34;0.1;89.53
1.31;0.23;6.56;0.05;7.38;0.28;84.19
1.86;0.14;5.12;0.06;8.06;0.52;84.24
2.59;0.15;5.03;0.09;8.07;1.1;82.97
2.64;0.17;9.63;0.05;10.53;0.83;76.14
2.04;0.22;9.35;0.05;10.1;1.31;76.93
1.86;0.25;8.89;0.07;8.46;0.78;79.68
1.65;0.33;9.97;0.04;6.32;0.69;81.01
3.22;0.2;17.82;0.05;11.46;1.78;65.47
4.5;0.26;17.02;0.06;17.48;3.04;57.63
4.92;0.36;19.74;0.07;17.18;4.7;53.03
2.87;0.17;16.22;0.05;8.46;1.66;70.57
1.58;0.13;9.7;0.02;5.08;1.32;82.16
1.96;0.2;12.44;0.05;9.92;0.86;74.56
0.68;0.1;1.27;0.03;4.22;0.06;93.65
0.71;0.44;1.32;0.06;5.79;0.03;91.64
1.3;0.44;1.66;0.08;5.97;0.08;90.46
1.38;0.09;2.36;0.06;6.65;0.18;89.28
3.06;0.11;11.97;0.04;15.27;1.04;68.51
6.02;0.16;21.15;0.06;13.68;6.53;52.4
4.8;0.11;34.9;0.04;13.67;7.62;38.87
6.26;0.15;38.71;0.04;10.34;12.45;32.05
6.97;0.16;34.55;0.05;16.89;10.86;30.52
8.8;0.16;33.27;0.03;8.44;21.57;27.73
7.67;0.1;45.67;0.03;11.14;17.57;17.82
4.89;0.09;36.25;0.05;8.19;18.76;31.77
9.58;0.34;42.19;0.03;10.17;22.8;14.89
7.12;0.15;42.76;0.03;11.28;20.04;18.62
4.4;0.08;43.36;0.04;6.24;24.86;21.02
7.0;0.1;35.33;0.03;8.54;31.13;17.87
8.43;0.12;46.22;0.04;9.84;19.57;15.78
9.08;0.23;42.85;0.05;5.64;19.04;23.11
7.42;0.26;50.17;0.02;7.34;20.09;14.7
13.15;0.17;34.47;0.04;8.0;21.99;22.18
6.17;0.21;47.67;0.04;6.49;16.89;22.53
6.23;0.14;37.03;0.04;6.01;27.89;22.65
10.27;0.33;43.18;0.03;7.0;21.14;18.05
9.48;0.28;34.3;0.03;7.33;19.73;28.84
7.62;0.22;46.6;0.04;6.76;19.4;19.36
9.5;0.27;45.48;0.02;6.18;23.47;15.08
9.48;0.6;44.8;0.03;7.59;19.49;18.0
7.13;0.14;43.67;0.04;9.77;22.39;16.86
8.7;0.14;33.51;0.04;7.86;16.58;33.17
8.65;0.15;37.16;0.04;6.03;27.18;20.78
10.63;0.31;40.47;0.05;4.72;21.54;22.27
6.15;0.14;39.93;0.07;6.7;28.22;18.79
5.35;0.08;40.06;0.05;10.6;22.55;21.3
8.12;0.3;44.18;0.03;5.05;23.66;18.66
3.9;0.05;32.16;0.07;8.26;13.02;42.54
4.12;0.09;29.38;0.07;9.34;15.53;41.47
5.34;0.13;31.7;0.04;7.02;11.53;44.24
3.04;0.07;47.79;0.03;7.22;10.09;31.76
3.64;0.08;32.27;0.04;5.42;16.0;42.54
3.91;0.07;33.61;0.05;6.86;14.85;40.64
4.59;0.07;35.43;0.06;6.23;11.97;41.65
4.46;0.07;25.65;0.06;6.08;11.09;52.6
4.94;0.11;28.32;0.05;7.55;8.14;50.89
5.72;0.14;20.21;0.04;14.18;1.97;57.74
2.95;0.06;28.14;0.03;9.25;3.73;55.83
4.47;0.12;35.01;0.04;12.03;4.57;43.76
6.66;0.14;33.69;0.03;11.22;9.92;38.33
4.94;0.09;34.39;0.04;16.92;7.14;36.48
5.66;0.19;37.15;0.08;12.88;7.95;36.09
5.26;0.25;31.83;0.08;13.63;7.18;41.77
4.59;0.1;39.15;0.06;6.92;12.49;36.69
6.32;0.13;51.66;0.04;9.12;12.32;20.41
7.53;0.24;43.22;0.07;9.71;12.77;26.46
4.61;0.1;44.23;0.05;9.88;10.89;30.24
7.83;0.2;49.27;0.02;6.51;19.02;17.14
3.7;0.05;35.06;0.07;14.65;11.2;35.27
4.88;0.1;33.46;0.07;12.82;12.66;36.01
3.63;0.05;46.67;0.04;9.84;9.04;30.74
6.76;0.16;37.88;0.06;10.75;13.29;31.1
5.38;0.12;46.83;0.04;10.2;12.32;25.1
4.55;0.08;49.45;0.04;7.68;20.1;18.1
5.81;0.09;45.55;0.03;13.22;17.54;17.76
5.64;0.06;51.58;0.03;10.22;18.59;13.88
3.57;0.04;47.53;0.04;9.16;15.1;24.55
3.58;0.06;44.52;0.07;8.56;13.74;29.48
3.8;0.08;38.97;0.07;7.44;11.07;38.57
4.02;0.06;36.53;0.05;11.78;13.7;33.86
4.39;0.1;35.3;0.06;5.51;13.61;41.03
4.37;0.06;46.92;0.03;10.73;13.05;24.85
4.94;0.1;50.43;0.03;7.53;22.06;14.91
6.04;0.13;43.56;0.06;6.71;15.59;27.9
8.65;0.16;43.71;0.03;6.52;23.63;17.29
13.59;0.29;40.02;0.03;7.62;22.99;15.47
6.6;0.11;41.43;0.03;8.17;15.66;27.99
3.21;0.04;42.04;0.05;7.36;15.97;31.33
4.08;0.05;38.3;0.04;7.8;11.95;37.78
3.25;0.05;44.98;0.03;10.08;11.09;30.53
3.18;0.06;43.0;0.06;8.08;18.57;27.05
3.43;0.04;46.22;0.04;7.92;13.05;29.3
3.67;0.06;41.87;0.05;8.64;15.89;29.84
6.83;0.11;39.43;0.05;9.14;16.09;28.36
12.93;0.26;33.78;0.04;7.11;26.36;19.53
6.96;0.08;36.31;0.05;9.77;13.59;33.25
7.07;0.18;40.0;0.04;5.5;23.65;23.56
4.42;0.09;40.1;0.03;7.94;15.97;31.45
10.76;0.19;39.74;0.03;6.03;24.28;18.97
12.33;0.38;41.93;0.03;5.46;26.0;13.87
6.06;0.08;45.23;0.03;5.69;28.34;14.58
5.22;0.29;51.74;0.03;5.35;18.08;19.28
9.58;0.21;39.64;0.03;7.6;22.93;20.0
9.08;0.23;41.51;0.04;8.49;17.23;23.42
4.04;0.05;42.59;0.03;13.52;15.73;24.04
12.13;0.27;40.84;0.03;7.62;20.53;18.58
4.4;0.08;46.76;0.04;11.77;17.66;19.29
6.23;0.06;48.7;0.03;9.29;20.83;14.86
9.14;0.17;40.66;0.03;9.72;19.12;21.15
14.23;0.31;42.9;0.03;8.11;20.61;13.81
6.64;0.14;48.02;0.02;8.95;26.37;9.86
10.0;0.15;42.22;0.02;9.85;20.41;17.34
7.0;0.16;29.2;0.03;9.5;6.51;47.6
7.21;0.19;26.92;0.04;8.42;10.62;46.6
6.77;0.14;30.66;0.05;8.72;8.03;45.63
5.11;0.14;30.43;0.05;9.97;12.82;41.48
4.35;0.11;29.61;0.06;9.94;9.83;46.11
6.26;0.21;33.26;0.06;15.01;10.91;34.29
4.93;0.37;23.94;0.04;5.82;7.72;57.18
4.67;0.14;36.54;0.05;7.26;11.74;39.6
4.34;0.13;28.47;0.07;9.12;11.92;45.95
4.73;0.22;29.87;0.04;7.79;5.19;52.15
5.72;0.14;38.1;0.07;14.52;10.7;30.76
2.69;0.16;35.91;0.05;6.38;5.99;48.82
6.84;0.39;46.02;0.03;11.1;9.7;25.91
5.6;0.38;51.72;0.04;7.95;10.24;24.06
8.34;0.2;37.9;0.03;14.02;8.04;31.48
6.6;0.29;47.97;0.03;7.59;17.53;20.0
7.59;0.19;43.36;0.03;11.2;14.01;23.63
5.54;0.07;44.55;0.02;9.39;19.41;21.0
8.42;0.21;42.61;0.03;9.12;23.96;15.66
7.96;0.13;41.1;0.04;12.45;14.04;24.29
4.56;0.08;47.75;0.04;8.7;17.35;21.52
7.49;0.22;49.25;0.03;11.0;17.51;14.5
5.67;0.15;45.5;0.03;10.97;16.16;21.53
10.83;0.44;43.55;0.04;9.63;16.01;19.5
8.84;0.37;32.6;0.04;8.2;16.17;33.77
9.91;0.19;33.74;0.05;12.96;15.29;27.87
9.84;0.27;30.55;0.04;13.27;10.99;35.03
6.77;0.23;40.13;0.05;11.72;8.98;32.13
8.45;0.28;39.53;0.05;11.47;10.94;29.28
4.44;0.17;33.68;0.04;7.58;11.08;43.0
5.37;0.13;42.08;0.04;7.01;29.05;16.32
9.15;0.4;34.85;0.03;9.7;16.67;29.2
9.83;0.32;31.67;0.04;11.73;11.2;35.22
7.23;0.25;41.57;0.04;11.44;9.01;30.46
6.47;0.21;25.89;0.04;5.62;11.4;50.37
8.7;0.21;41.18;0.03;13.39;9.96;26.52
5.35;0.14;32.95;0.04;6.68;10.55;44.28
7.85;0.39;41.97;0.05;9.5;10.34;29.91
4.08;0.1;37.02;0.05;11.54;10.36;36.86
2.6;0.36;19.64;0.06;8.73;1.84;66.77
0.79;0.23;2.39;0.03;4.68;0.09;91.77
1.86;0.17;2.92;0.03;9.59;0.11;85.31
2.15;0.14;6.1;0.03;11.89;0.24;79.46
1.48;0.17;9.8;0.05;8.08;0.56;79.86
4.95;0.12;27.4;0.04;14.92;3.29;49.28
5.34;0.14;24.78;0.04;14.75;3.45;51.5
3.75;0.68;21.46;0.08;15.15;2.04;56.84
3.43;0.52;23.06;0.07;9.78;3.24;59.9
6.43;0.49;31.15;0.07;15.46;2.03;44.38
3.53;0.36;23.03;0.05;11.98;1.95;59.11
2.54;0.19;2.39;0.03;7.55;0.15;87.14
1.56;1.22;3.87;0.09;10.44;0.06;82.76
1.21;0.7;3.52;0.11;9.51;0.11;84.84
1.24;1.03;3.51;0.12;8.61;0.06;85.43
1.78;1.37;3.01;0.21;8.05;0.19;85.39
0.86;0.51;2.57;0.04;7.76;0.03;88.22
1.06;0.14;2.74;0.03;7.42;0.11;88.49
1.23;0.21;4.45;0.03;8.19;0.19;85.71
1.36;0.2;5.73;0.03;5.16;0.2;87.32
2.87;0.18;8.52;0.03;4.83;0.55;83.01
2.51;0.19;9.27;0.05;6.38;1.43;80.18
3.3;0.25;14.19;0.05;6.89;2.05;73.28
3.3;0.29;16.19;0.03;5.92;3.16;71.1
3.4;0.2;17.49;0.03;5.46;2.79;70.63
2.08;0.13;11.32;0.03;3.51;2.44;80.51
3.24;0.1;15.04;0.03;3.13;4.62;73.83
5.11;0.08;21.37;0.03;6.15;2.37;64.89
6.45;0.1;27.41;0.04;6.88;3.58;55.53
4.75;0.06;26.32;0.04;4.15;3.75;60.93
8.06;0.22;29.89;0.04;8.11;4.83;48.84
6.04;0.17;24.69;0.05;5.29;4.1;59.65
4.84;0.17;22.09;0.06;6.59;3.16;63.09
2.73;0.02;13.72;0.02;3.34;1.72;78.45
7.18;0.16;25.87;0.03;7.84;5.35;53.57
4.04;0.21;20.32;0.03;4.78;4.71;65.9
5.07;0.14;26.55;0.04;6.26;5.53;56.41
9.04;0.01;16.95;7.76;3.68;6.43;56.13
1.42;0.22;1.04;0.03;3.03;0.01;94.25
0.86;1.03;1.25;0.03;2.93;0.01;93.89
0.64;0.38;0.79;0.02;2.02;0.01;96.14
1.06;0.77;1.09;0.03;2.72;0.01;94.33
0.99;0.39;1.22;0.02;3.0;0.01;94.36
2.22;0.21;0.86;0.02;2.94;0.02;93.74
1.13;0.07;1.64;0.03;1.87;0.06;95.21
2.79;0.07;11.89;0.03;6.74;0.61;77.87
4.44;0.22;19.58;0.03;8.71;2.44;64.57
3.36;0.13;21.78;0.04;5.59;1.67;67.43
3.97;0.05;23.91;0.05;7.59;4.4;60.04
2.69;0.04;23.48;0.06;7.92;6.1;59.71
3.08;0.11;26.93;0.03;7.32;3.14;59.39
3.44;0.06;32.99;0.05;7.08;5.41;50.97
1.99;0.06;25.82;0.03;5.21;3.47;63.41
3.17;0.1;22.05;0.04;6.42;3.06;65.14
1.63;0.06;18.48;0.04;3.36;3.75;72.69
4.0;0.38;25.29;0.05;7.26;4.52;58.5
10.51;0.49;39.66;0.05;7.67;12.47;29.15
4.78;0.24;32.46;0.05;5.03;13.34;44.1
6.13;0.25;36.68;0.04;7.08;10.36;39.46
6.11;0.18;38.42;0.04;6.79;22.1;26.36
3.72;0.2;39.27;0.04;3.96;25.14;27.66
6.5;0.23;36.62;0.03;5.97;27.76;22.88
3.94;0.33;42.89;0.03;5.12;22.88;24.81
5.07;0.26;40.94;0.04;5.89;18.73;29.06
8.51;0.26;48.74;0.03;7.32;21.27;13.88
3.3;0.15;35.47;0.03;4.92;23.47;32.66
3.49;0.09;31.1;0.04;7.42;10.83;47.03
1.25;0.1;41.48;0.02;5.39;3.98;47.77
1.49;0.08;33.41;0.02;4.88;4.46;55.65
6.44;0.16;32.96;0.06;8.68;5.48;46.22
3.03;0.15;33.25;0.04;6.89;8.36;48.27
3.61;0.05;31.72;0.05;7.19;8.82;48.56
3.13;0.03;33.72;0.06;6.58;8.25;48.22
2.16;0.11;43.51;0.03;6.1;7.54;40.56
1.09;0.08;34.0;0.03;4.4;3.94;56.47
3.81;0.19;26.76;0.04;6.83;5.66;56.7
3.36;0.09;25.68;0.06;6.77;4.53;59.51
3.96;0.22;30.63;0.05;7.55;6.08;51.52
2.63;0.12;26.41;0.04;5.53;5.71;59.55
3.5;0.04;37.07;0.03;5.36;29.85;24.14
4.82;0.15;46.85;0.05;8.99;14.82;24.32
15.43;0.17;40.93;0.03;6.43;23.99;13.02
6.6;0.08;38.08;0.03;6.03;31.03;18.14
6.81;0.16;39.19;0.06;6.62;17.06;30.09
5.06;0.28;44.81;0.05;4.28;25.44;20.08
6.98;0.1;45.31;0.04;5.16;27.94;14.48
3.89;0.14;46.23;0.04;4.18;22.52;22.99
4.02;0.1;49.48;0.03;5.11;16.77;24.5
4.52;0.08;41.54;0.04;8.36;20.59;24.87
3.56;0.06;50.5;0.04;7.23;21.55;17.06
4.55;0.22;47.82;0.05;4.74;17.29;25.34
8.43;0.11;46.56;0.03;5.93;25.89;13.05
11.55;0.32;49.21;0.04;7.47;14.15;17.26
3.52;0.09;41.02;0.03;6.29;35.61;13.44
7.48;0.16;43.1;0.03;5.43;32.92;10.89
4.14;0.1;40.82;0.04;8.73;22.31;23.86
5.28;0.19;27.32;0.05;7.57;7.52;52.08
2.36;0.05;22.53;0.04;5.67;4.24;65.11
7.04;0.38;34.08;0.04;6.1;9.08;43.3
1.76;0.09;20.34;0.03;3.35;3.02;71.41
2.28;0.11;30.88;0.02;4.06;7.15;55.49
2.57;0.1;27.84;0.03;4.85;7.03;57.58
2.94;0.12;35.07;0.04;5.25;9.71;46.87
4.01;0.18;28.47;0.04;6.06;6.63;54.61
3.01;0.15;28.41;0.07;5.17;7.56;55.65
3.58;0.11;25.21;0.05;6.39;6.58;58.08
4.94;0.18;27.11;0.06;7.0;6.1;54.61
3.85;0.13;32.6;0.04;6.16;7.97;49.26
2.02;0.13;36.02;0.04;4.55;6.47;50.77
3.66;0.19;33.9;0.05;5.39;7.99;48.82
2.72;0.18;26.81;0.04;4.57;6.9;58.77
2.35;0.11;30.33;0.03;4.67;5.65;56.86
2.5;0.12;26.8;0.03;4.81;4.56;61.17
3.05;0.13;35.77;0.04;4.83;7.5;48.68
1.76;0.05;24.52;0.02;3.58;4.55;65.51
2.72;0.09;31.12;0.04;5.29;6.89;53.86
4.65;0.22;22.95;0.05;7.22;6.33;58.58
3.67;0.25;18.81;0.04;7.78;2.53;66.92
0.72;0.06;2.4;0.02;3.6;0.12;93.08
1.36;0.15;7.45;0.03;4.9;0.43;85.69
4.99;0.17;14.17;0.04;9.65;1.42;69.55
4.65;0.19;18.59;0.05;7.94;2.64;65.96
4.52;0.1;25.77;0.04;8.06;2.57;58.94
3.79;0.12;22.14;0.04;6.38;4.07;63.46
3.97;0.11;21.06;0.04;6.63;4.77;63.43
3.17;0.11;30.41;0.04;6.76;6.65;52.86
3.7;0.15;25.28;0.05;7.26;6.37;57.19
3.3;0.06;30.67;0.03;6.74;7.42;51.77
6.94;0.19;27.56;0.04;7.82;9.47;47.97
5.97;0.1;39.13;0.03;7.68;7.5;39.6
4.91;0.13;29.78;0.04;5.98;9.7;49.46
4.63;0.1;34.98;0.05;8.37;8.6;43.27
2.35;0.09;25.46;0.04;4.76;4.02;63.29
2.85;0.06;30.97;0.03;6.27;5.56;54.26
5.95;0.19;27.6;0.04;5.34;7.8;53.07
5.24;0.11;29.19;0.05;5.09;13.43;46.88
5.71;0.11;30.01;0.04;4.29;11.61;48.22
7.38;0.27;25.89;0.04;5.94;8.25;52.24
7.5;0.17;25.07;0.05;5.68;8.9;52.63
3.53;0.1;33.08;0.04;3.85;9.84;49.56
6.2;0.17;29.27;0.04;6.5;6.29;51.54
10.08;0.26;31.42;0.03;5.93;8.41;43.86
6.97;0.23;28.43;0.02;7.56;10.35;46.45
6.27;0.14;32.25;0.03;6.09;9.54;45.69
3.33;0.07;33.88;0.03;5.85;5.14;51.7
6.91;0.38;25.98;0.04;8.0;7.51;51.19
3.79;0.06;24.86;0.04;4.57;6.46;60.21
6.37;0.21;37.59;0.03;8.31;12.77;34.72
5.64;0.1;25.84;0.03;5.74;11.47;51.17
5.47;0.16;29.86;0.04;7.4;9.74;47.33
7.97;0.42;25.37;0.04;6.81;12.11;47.29
5.92;0.16;37.28;0.04;7.01;15.43;34.15
4.86;0.24;22.66;0.04;4.23;16.5;51.48
4.62;0.14;19.62;0.04;3.38;16.66;55.54
3.24;0.05;35.38;0.03;6.64;8.77;45.89
6.27;0.19;29.1;0.04;6.23;8.88;49.28
4.9;0.19;27.63;0.04;5.86;9.3;52.07
4.61;0.19;27.51;0.03;5.07;20.8;41.8
4.61;0.05;27.5;0.03;5.48;6.37;55.97
5.16;0.12;33.29;0.04;5.93;7.91;47.55
5.38;0.31;37.18;0.03;5.35;9.07;42.68
3.94;0.07;24.1;0.04;3.29;22.28;46.28
5.01;0.17;38.21;0.03;6.39;8.5;41.69
4.79;0.3;33.52;0.04;5.15;14.37;41.85
4.2;0.13;30.31;0.03;4.85;12.07;48.41
5.32;0.28;36.68;0.03;5.4;11.83;40.45
4.89;0.19;31.42;0.03;5.74;10.66;47.07
10.17;0.36;37.98;0.03;6.99;11.31;33.16
4.06;0.07;32.47;0.03;4.84;6.54;51.99
3.39;0.04;28.69;0.03;6.47;8.87;52.52
4.02;0.07;29.09;0.04;4.42;8.84;53.51
6.11;0.14;32.72;0.04;4.74;15.7;40.55
6.58;0.17;25.48;0.04;3.92;33.79;30.03
3.51;0.08;35.34;0.02;9.66;10.33;41.06
2.72;0.09;33.24;0.04;6.08;8.97;48.86
6.85;0.17;32.17;0.04;6.48;11.76;42.54
6.29;0.35;29.94;0.04;4.8;15.51;43.08
4.92;0.09;30.23;0.03;4.0;16.17;44.57
8.31;0.21;31.06;0.03;6.19;7.92;46.28
6.29;0.24;30.41;0.04;8.0;14.64;40.39
5.44;0.15;30.11;0.03;8.29;13.61;42.36
6.81;0.22;24.57;0.03;4.78;8.78;54.83
5.08;0.11;26.41;0.04;3.15;16.48;48.73
7.21;0.2;34.03;0.04;6.47;6.36;45.69
7.72;0.17;29.23;0.04;4.79;17.84;40.21
6.15;0.13;31.13;0.02;6.08;24.41;32.07
6.25;0.18;26.64;0.03;6.2;10.18;50.53
8.59;0.35;36.51;0.03;6.09;17.14;31.29
4.92;0.32;36.29;0.04;5.51;10.86;42.07
5.73;0.22;24.83;0.03;3.09;31.5;34.6
6.23;0.26;25.69;0.04;4.96;10.27;52.55
3.66;0.07;30.96;0.03;4.85;5.34;55.09
3.67;0.15;26.9;0.03;4.34;17.76;47.14
4.62;0.11;31.66;0.05;4.24;18.39;40.93
7.27;0.2;28.0;0.04;4.98;13.64;45.86
5.02;0.3;31.36;0.04;4.26;13.33;45.69
5.83;0.21;27.13;0.03;6.54;10.2;50.06
3.65;0.06;27.11;0.04;5.02;5.79;58.34
3.03;0.16;32.01;0.04;4.81;14.39;45.56
7.43;0.18;31.36;0.04;5.04;12.24;43.72
3.73;0.1;31.27;0.02;5.35;4.3;55.23
4.24;0.07;31.67;0.03;5.35;11.38;47.27
3.61;0.13;31.41;0.02;8.02;17.85;38.95
4.85;0.09;23.97;0.03;5.55;8.71;56.8
2.65;0.03;28.87;0.03;5.63;8.41;54.36
4.62;0.17;31.67;0.04;4.2;17.84;41.45
4.05;0.07;28.1;0.04;5.08;9.98;52.67
5.71;0.14;28.97;0.03;6.03;16.2;42.92
4.99;0.15;28.03;0.03;6.52;11.26;49.03
6.17;0.22;32.28;0.04;7.55;13.3;40.45
5.66;0.17;32.84;0.03;5.05;12.51;43.73
4.35;0.09;26.51;0.02;4.52;22.15;42.36
6.21;0.11;33.52;0.03;6.68;7.25;46.2
4.82;0.15;29.58;0.04;4.33;14.98;46.1
4.2;0.27;47.39;0.02;6.0;7.46;34.66
3.21;0.07;43.24;0.04;5.92;4.2;43.32
3.03;0.11;40.28;0.03;5.74;4.43;46.38
4.63;0.2;34.51;0.03;4.86;12.4;43.36
4.61;0.12;43.36;0.03;4.62;9.23;38.03
3.25;0.07;34.19;0.04;4.67;6.96;50.82
6.62;0.12;33.29;0.04;4.68;17.5;37.76
5.48;0.14;38.1;0.02;6.28;6.52;43.46
2.78;0.09;25.67;0.03;4.82;17.85;48.77
4.95;0.13;27.99;0.04;3.98;16.48;46.45
7.0;0.19;39.46;0.03;5.83;13.76;33.73
5.34;0.22;32.75;0.03;6.26;13.78;41.62
4.08;0.18;26.42;0.02;8.23;6.69;54.37
3.79;0.12;35.06;0.02;7.65;5.08;48.28
4.45;0.13;27.36;0.03;4.39;14.47;49.17
4.19;0.07;30.56;0.03;4.5;12.26;48.38
3.09;0.05;34.86;0.03;4.43;7.94;49.6
5.44;0.25;37.07;0.03;5.74;7.6;43.86
3.87;0.09;35.52;0.03;6.91;4.12;49.46
4.85;0.06;34.56;0.03;5.43;6.05;49.03
3.54;0.11;42.36;0.03;4.23;9.78;39.96
6.68;0.11;31.98;0.04;7.09;8.24;45.86
3.62;0.17;51.24;0.02;6.9;7.43;30.63
4.82;0.18;30.23;0.03;8.93;6.07;49.74
6.13;0.22;42.57;0.02;6.89;10.85;33.31
2.56;0.06;36.43;0.04;4.63;5.78;50.5
2.91;0.06;38.78;0.03;4.82;8.15;45.24
2.32;0.07;40.38;0.04;4.71;4.85;47.64
5.92;0.25;39.57;0.02;7.19;8.31;38.74
4.1;0.06;34.05;0.04;5.29;5.98;50.47
3.63;0.04;28.47;0.03;6.71;5.59;55.53
7.46;0.17;35.73;0.03;7.52;11.01;38.09
4.38;0.09;28.39;0.04;4.26;16.28;46.57
3.79;0.08;41.93;0.02;8.0;4.34;41.83
3.29;0.28;17.51;0.04;7.52;1.48;69.88
0.79;0.1;2.28;0.02;2.91;0.07;93.84
1.82;0.06;3.24;0.01;3.84;0.07;90.96
2.78;0.08;12.77;0.02;5.14;0.7;78.51
2.79;0.07;35.4;0.02;7.38;1.76;52.58
4.17;0.15;24.69;0.04;7.92;3.11;59.92
6.01;0.12;38.86;0.03;6.89;7.32;40.78
4.66;0.12;41.98;0.02;6.36;5.91;40.95
3.34;0.09;28.94;0.03;5.74;8.1;53.77
3.24;0.09;30.7;0.03;5.18;8.25;52.51
3.16;0.06;33.9;0.02;5.01;9.07;48.77
3.27;0.15;33.99;0.05;4.69;11.78;46.07
4.17;0.15;33.98;0.03;5.68;11.24;44.75
4.58;0.11;36.59;0.02;5.29;14.78;38.63
4.01;0.1;41.62;0.03;5.15;11.44;37.65
4.55;0.07;42.56;0.02;6.07;6.78;39.95
5.92;0.09;37.53;0.04;4.7;14.12;37.6
3.96;0.04;37.09;0.03;5.82;9.91;43.15
2.2;0.03;35.93;0.04;5.16;5.26;51.38
5.98;0.11;36.49;0.03;6.83;7.56;42.99
4.67;0.11;30.03;0.03;6.03;12.76;46.36
3.41;0.08;37.25;0.02;6.09;9.97;43.18
4.94;0.14;27.94;0.03;5.4;16.27;45.28
4.39;0.13;33.51;0.03;5.36;13.3;43.28
4.59;0.05;28.77;0.02;4.58;12.42;49.58
4.55;0.09;34.84;0.03;4.91;15.24;40.33
3.47;0.16;43.45;0.02;4.52;18.35;30.03
7.33;0.12;27.54;0.03;6.61;10.65;47.73
3.7;0.09;36.47;0.03;5.31;5.41;48.98
4.15;0.09;25.8;0.03;3.42;17.51;48.99
4.16;0.17;43.22;0.02;3.94;17.58;30.92
5.04;0.15;35.55;0.02;8.64;4.56;46.04
4.29;0.06;25.33;0.03;4.31;13.11;52.86
4.21;0.06;29.25;0.03;4.09;15.63;46.74
3.61;0.15;46.89;0.02;4.95;10.29;34.09
2.4;0.04;31.38;0.02;5.06;5.42;55.69
7.04;0.11;35.22;0.04;4.34;18.92;34.32
5.78;0.09;37.79;0.03;6.67;7.62;42.02
5.16;0.18;43.27;0.01;4.9;15.26;31.2
3.73;0.17;32.1;0.02;5.4;9.46;49.11
4.22;0.07;30.18;0.04;5.36;10.94;49.19
4.74;0.13;30.72;0.02;3.83;28.37;32.19
5.2;0.09;37.78;0.02;5.28;12.67;38.96
5.56;0.1;39.67;0.02;6.09;11.1;37.47
3.66;0.06;23.87;0.03;3.88;14.31;54.18
4.19;0.09;39.08;0.02;6.9;8.85;40.88
4.95;0.12;41.37;0.02;4.92;18.88;29.73
3.05;0.11;47.22;0.02;5.95;6.46;37.18
6.83;0.29;35.07;0.02;4.41;23.89;29.5
5.15;0.11;34.02;0.02;3.6;22.15;34.96
4.69;0.15;36.53;0.01;5.2;16.22;37.2
3.42;0.07;29.78;0.02;5.14;12.33;49.23
4.12;0.12;39.42;0.02;4.71;16.48;35.14
3.79;0.08;27.01;0.02;5.25;14.34;49.51
3.39;0.07;42.05;0.02;4.53;6.97;42.96
4.03;0.11;32.77;0.02;4.32;19.27;39.49
5.18;0.1;27.0;0.02;4.07;20.36;43.27
3.19;0.04;41.43;0.02;4.65;8.24;42.42
4.37;0.23;29.52;0.03;4.38;23.76;37.71
4.14;0.12;43.39;0.02;3.2;26.95;22.18
6.6;0.16;38.4;0.02;4.9;16.22;33.7
4.51;0.12;45.67;0.02;4.15;22.33;23.21
4.08;0.11;38.28;0.02;5.12;11.63;40.76
2.41;0.07;30.39;0.02;5.33;5.28;56.49
5.01;0.24;45.08;0.02;4.18;21.08;24.39
4.56;0.1;35.76;0.02;4.56;15.38;39.6
3.68;0.04;30.05;0.02;4.29;13.77;48.16
4.97;0.06;27.83;0.03;4.52;10.66;51.94
4.39;0.19;42.57;0.03;4.51;15.35;32.96
9.71;0.68;32.36;0.02;4.52;24.99;27.72
2.99;0.05;37.31;0.03;5.25;10.19;44.18
4.77;0.14;45.22;0.02;4.72;16.39;28.76
2.84;0.04;42.52;0.02;4.25;10.58;39.75
3.67;0.04;40.2;0.03;4.68;10.34;41.04
2.48;0.04;33.52;0.02;4.24;6.16;53.54
3.64;0.08;35.73;0.03;4.46;8.09;47.98
2.64;0.07;34.14;0.03;4.62;6.9;51.6
5.56;0.09;37.09;0.03;5.07;16.73;35.45
3.3;0.05;42.35;0.02;5.35;8.65;40.27
4.59;0.25;50.52;0.01;3.58;18.11;22.93
3.46;0.14;50.15;0.01;4.66;12.84;28.73
4.41;0.11;37.97;0.02;5.54;10.78;41.17
4.02;0.1;36.78;0.04;3.8;14.49;40.78
4.08;0.09;31.65;0.03;3.75;12.61;47.8
2.6;0.06;32.49;0.03;4.39;5.09;55.35
3.35;0.16;46.73;0.03;5.13;7.07;37.54
4.28;0.13;36.15;0.02;5.86;5.92;47.63
3.11;0.03;38.51;0.02;4.79;9.4;44.13
3.69;0.06;29.77;0.02;4.42;17.12;44.92
3.19;0.12;42.42;0.02;5.01;11.68;37.56
3.9;0.16;49.08;0.02;5.05;16.67;25.12
4.12;0.13;30.61;0.03;4.51;14.45;46.15
4.24;0.16;36.29;0.02;5.53;10.12;43.64
4.38;0.09;32.8;0.03;3.67;18.05;40.98
4.3;0.16;48.09;0.02;4.76;15.89;26.77
3.03;0.07;31.6;0.02;5.71;8.15;51.42
1.75;0.23;5.48;0.02;5.6;0.25;86.69
1.95;0.78;1.7;0.04;4.58;0.02;90.92
0.82;0.3;1.0;0.03;2.49;0.02;95.34
0.71;0.32;1.08;0.03;2.58;0.01;95.28
0.5;0.12;0.66;0.01;2.59;0.01;96.1
0.71;0.24;2.47;0.02;4.78;0.04;91.73
1.09;0.03;1.84;0.01;3.61;0.02;93.39
1.27;0.03;1.94;0.01;4.38;0.03;92.33
1.71;0.02;3.25;0.01;6.2;0.04;88.77
0.62;0.03;2.11;0.02;2.94;0.03;94.25
1.33;0.09;3.38;0.02;4.87;0.05;90.26
2.2;0.04;5.87;0.02;7.03;0.07;84.76
1.36;0.05;4.01;0.02;4.63;0.04;89.9
2.25;0.05;6.54;0.01;7.35;0.09;83.7
2.67;0.1;6.82;0.01;10.27;0.19;79.94
3.17;0.08;7.79;0.02;8.91;0.12;79.92
1.82;0.04;4.34;0.02;7.24;0.08;86.46
1.99;0.04;5.21;0.02;7.48;0.12;85.15
1.67;0.04;2.51;0.01;4.83;0.03;90.91
1.31;0.15;1.58;0.02;3.65;0.02;93.27
1.03;0.41;2.05;0.03;4.38;0.02;92.07
1.01;0.4;2.09;0.02;3.89;0.03;92.56
3.88;0.46;2.36;0.05;4.89;0.04;88.31
2.5;0.07;5.89;0.02;5.8;0.19;85.52
3.14;0.06;20.44;0.03;8.27;1.07;67.01
2.28;0.08;22.34;0.03;8.21;2.66;64.39
3.81;0.15;34.85;0.03;10.16;2.3;48.7
3.99;0.12;38.34;0.04;6.44;9.58;41.49
3.35;0.08;44.45;0.02;8.77;3.2;40.12
4.44;0.1;44.45;0.03;6.49;9.85;34.64
4.15;0.11;39.0;0.02;7.37;3.15;46.19
5.76;0.09;35.88;0.03;6.63;7.02;44.6
6.55;0.25;35.44;0.04;6.21;15.12;36.4
5.34;0.12;51.38;0.02;7.91;10.88;24.36
5.22;0.14;33.13;0.03;8.25;6.03;47.21
4.78;0.13;40.34;0.04;6.47;8.69;39.55
5.62;0.12;43.88;0.03;5.01;14.36;30.98
4.57;0.1;38.1;0.04;6.99;6.31;43.89
8.62;0.49;47.41;0.02;7.92;13.15;22.39
6.1;0.14;36.99;0.04;6.08;8.24;42.41
5.82;0.16;42.43;0.03;6.81;7.6;37.14
5.3;0.11;38.41;0.04;4.1;16.91;35.13
4.19;0.07;35.07;0.05;4.03;17.73;38.86
4.95;0.09;27.76;0.05;3.69;29.21;34.25
5.68;0.29;51.06;0.02;6.53;16.26;20.17
5.61;0.13;45.33;0.02;5.88;12.91;30.11
5.98;0.2;50.06;0.02;6.52;9.35;27.86
6.38;0.12;32.58;0.04;8.3;10.85;41.73
7.08;0.08;29.96;0.04;8.39;8.23;46.22
5.55;0.16;41.61;0.03;7.07;8.5;37.08
4.3;0.05;29.92;0.06;6.35;15.31;44.02
5.11;0.07;35.03;0.04;7.27;8.22;44.26
3.53;0.05;37.46;0.03;6.57;4.88;47.5
4.78;0.09;38.27;0.03;7.7;10.06;39.07
4.2;0.05;43.16;0.02;7.78;10.7;34.09
6.08;0.08;26.92;0.03;4.92;26.86;35.11
9.26;0.13;31.37;0.04;6.33;18.13;34.75
8.2;0.07;36.92;0.02;5.51;17.33;31.95
4.89;0.06;40.96;0.02;7.38;6.67;40.02
5.0;0.2;53.73;0.02;5.75;12.07;23.23
4.7;0.08;35.54;0.03;6.05;4.2;49.39
3.51;0.09;53.34;0.02;6.25;8.1;28.68
5.45;0.16;46.52;0.04;5.45;12.96;29.42
4.81;0.14;39.35;0.03;5.79;15.16;34.72
6.29;0.1;44.25;0.03;6.11;12.28;30.94
6.4;0.18;31.91;0.03;6.46;12.69;42.32
5.15;0.11;30.7;0.04;5.1;25.79;33.1
4.23;0.19;36.5;0.03;7.95;4.89;46.21
6.11;0.17;33.98;0.04;7.05;13.29;39.36
4.85;0.2;26.37;0.05;5.36;15.38;47.79
4.9;0.08;32.64;0.03;8.23;7.3;46.81
5.13;0.06;34.15;0.03;5.07;20.8;34.76
4.21;0.08;43.93;0.03;6.87;6.2;38.67
3.44;0.08;45.88;0.02;4.71;6.62;39.26
5.1;0.13;40.79;0.03;7.04;7.03;39.89
5.76;0.17;27.95;0.05;7.9;9.91;48.26
3.64;0.06;33.02;0.03;5.68;5.17;52.41
3.95;0.08;43.9;0.03;7.46;4.7;39.88
4.66;0.09;38.0;0.03;6.65;6.11;44.46
8.12;0.35;31.27;0.04;6.54;12.03;41.65
4.67;0.07;37.68;0.02;6.84;6.44;44.29
6.42;0.29;40.41;0.02;6.26;11.42;35.19
4.01;0.08;35.89;0.04;5.64;12.11;42.22
7.02;0.15;42.32;0.03;6.31;12.07;32.1
5.58;0.18;48.16;0.02;5.78;11.39;28.89
8.42;0.12;35.74;0.04;8.3;11.23;36.16
4.51;0.09;43.01;0.04;5.78;9.67;36.91
5.7;0.08;54.37;0.02;5.71;12.54;21.58
7.14;0.08;52.6;0.03;4.67;19.06;16.43
7.98;0.19;51.84;0.02;5.48;14.78;19.71
6.4;0.07;50.89;0.02;4.42;19.11;19.1
4.63;0.1;51.79;0.03;3.86;18.47;21.12
5.5;0.21;46.77;0.04;5.43;12.56;29.5
3.84;0.13;57.39;0.02;5.13;14.33;19.16
5.56;0.18;57.95;0.02;4.7;18.38;13.2
8.09;0.15;53.0;0.02;6.52;16.09;16.12
6.44;0.14;55.68;0.01;7.18;12.34;18.21
7.51;0.15;58.28;0.01;9.54;10.69;13.82
6.82;0.18;51.72;0.02;5.96;18.07;17.24
8.76;0.17;43.78;0.02;9.67;11.91;25.68
4.94;0.06;49.45;0.02;6.64;9.28;29.61
4.65;0.13;52.18;0.02;5.0;16.82;21.2
5.11;0.16;56.14;0.01;6.0;11.53;21.06
11.68;0.02;19.26;11.59;23.57;19.45;14.42
9.78;0.03;22.44;9.22;27.0;19.88;11.66
7.55;0.2;51.99;0.02;7.55;12.73;19.96
4.16;0.09;49.16;0.02;5.28;17.16;24.13
8.54;0.17;43.78;0.03;6.31;17.91;23.26
3.78;0.12;50.79;0.02;5.32;10.72;29.25
2.38;0.34;23.81;0.02;6.53;3.06;63.86
2.42;0.23;7.83;0.01;5.24;0.2;84.07
1.94;0.11;14.08;0.02;4.08;0.99;78.79
4.07;0.3;39.5;0.02;6.07;6.05;43.99
7.03;0.25;44.8;0.02;9.74;5.6;32.57
6.7;0.14;51.17;0.02;8.96;5.13;27.88
3.38;0.12;43.48;0.02;6.39;5.49;41.12
3.68;0.07;53.38;0.02;6.47;10.14;26.24
6.62;0.15;48.5;0.02;7.73;8.88;28.1
4.29;0.14;51.89;0.03;5.81;15.24;22.6
7.94;0.3;49.11;0.02;5.54;19.55;17.53
6.35;0.18;46.63;0.03;6.08;16.04;24.7
5.29;0.19;47.67;0.02;6.92;10.3;29.61
5.7;0.14;49.75;0.02;5.0;20.32;19.07
5.12;0.11;53.7;0.02;6.68;12.21;22.17
8.69;0.16;45.89;0.03;5.21;16.71;23.31
11.22;0.19;47.63;0.03;7.52;15.28;18.14
4.84;0.09;51.27;0.02;4.67;15.35;23.75
4.35;0.12;51.77;0.02;4.91;19.52;19.3
6.16;0.18;48.54;0.02;7.03;21.06;17.02
6.59;0.13;47.05;0.02;5.18;16.97;24.07
5.98;0.11;51.86;0.01;6.21;17.92;17.92
4.44;0.06;53.89;0.02;4.55;18.41;18.63
6.18;0.17;56.49;0.03;5.91;16.03;15.2
7.23;0.16;56.51;0.03;5.02;16.92;14.14
6.98;0.23;53.87;0.02;6.78;8.25;23.88
9.38;0.2;47.94;0.02;5.84;17.46;19.16
3.79;0.1;58.65;0.02;5.5;11.33;20.61
8.83;0.14;47.49;0.02;5.48;23.76;14.29
3.89;0.08;56.13;0.02;3.74;19.33;16.79
4.11;0.09;52.68;0.02;4.65;18.32;20.12
4.97;0.16;40.16;0.02;6.99;8.16;39.55
4.39;0.06;54.1;0.02;4.91;14.34;22.19
6.47;0.11;51.79;0.02;5.11;15.46;21.05
5.63;0.09;56.37;0.02;4.07;19.13;14.69
5.7;0.09;50.13;0.02;4.46;20.24;19.35
7.37;0.14;44.17;0.02;6.3;13.73;28.27
7.88;0.13;52.4;0.01;5.1;16.4;18.07
8.87;0.22;56.21;0.01;5.76;14.84;14.09
