angry;disgust;scared;happy;sad;surprised;neutral
3.59;0.01;1.07;86.04;1.09;1.02;7.17
6.17;0.02;0.62;86.71;0.83;0.37;5.28
5.58;0.19;0.74;78.72;0.87;0.93;12.96
6.71;1.22;8.65;35.42;12.2;7.9;27.9
7.92;0.38;12.01;29.79;14.15;13.89;21.86
7.65;0.24;7.27;31.89;16.8;6.79;29.36
4.82;0.19;10.06;22.53;15.5;13.49;33.42
7.41;0.26;9.71;18.79;11.53;12.62;39.67
6.29;0.17;6.27;19.42;12.09;15.9;39.86
7.33;0.14;5.71;30.4;10.06;9.53;36.81
6.34;0.1;7.08;28.17;7.33;11.26;39.71
7.95;0.17;11.16;21.84;7.71;24.9;26.28
6.63;0.14;10.67;17.05;8.93;19.06;37.52
4.9;0.08;10.25;21.4;6.79;12.43;44.14
6.43;0.14;7.44;16.74;3.59;22.05;43.62
5.94;0.07;13.6;19.53;7.03;22.42;31.41
4.3;0.09;12.92;14.01;6.81;27.33;34.54
5.36;0.42;13.59;14.27;9.08;20.87;36.4
3.66;0.37;14.23;23.51;7.18;10.37;40.67
5.74;0.56;13.39;25.88;11.62;14.71;28.1
4.73;0.95;18.5;21.55;14.18;11.25;28.84
4.99;0.62;14.24;26.49;16.68;9.6;27.38
4.58;1.4;14.64;30.6;10.22;6.58;31.97
5.98;0.76;16.79;29.62;10.99;3.71;32.15
4.57;0.9;13.01;37.12;9.69;3.78;30.92
3.31;0.45;13.61;24.15;11.19;10.88;36.41
4.69;0.51;12.89;24.66;13.3;9.64;34.31
11.7;0.52;14.66;20.94;18.46;8.46;25.26
11.07;0.33;16.72;21.74;19.35;7.55;23.23
7.72;0.36;13.92;18.35;18.22;11.07;30.36
9.87;0.36;14.24;20.29;19.94;7.27;28.04
9.23;0.53;20.43;18.65;16.39;10.75;24.02
8.72;0.54;13.37;25.8;18.61;7.09;25.87
7.47;0.64;16.42;27.63;16.38;10.32;21.15
4.94;0.36;13.07;29.35;12.44;14.97;24.86
5.89;0.6;11.19;30.2;9.97;15.76;26.38
5.45;0.58;9.6;33.27;8.17;14.15;28.77
5.93;0.67;12.33;26.65;13.23;12.77;28.42
4.94;0.4;10.26;37.65;12.3;6.85;27.61
3.56;0.64;11.4;30.15;12.95;7.45;33.85
3.38;0.28;14.59;26.34;10.25;9.49;35.68
4.08;0.29;11.22;31.85;9.4;10.45;32.7
5.66;0.24;8.58;27.26;7.93;16.62;33.71
9.12;0.09;13.87;24.46;14.06;13.03;25.37
7.19;0.45;16.28;24.27;12.85;8.56;30.4
6.39;0.29;11.93;31.68;15.92;5.26;28.53
5.95;0.4;9.7;42.1;11.68;4.08;26.09
4.0;0.33;10.6;40.77;13.08;4.24;26.97
6.27;0.27;16.63;29.11;14.71;8.73;24.28
5.31;0.37;14.11;43.03;14.74;3.63;18.81
6.2;0.43;16.78;32.71;15.65;7.15;21.08
5.24;0.27;10.8;43.41;13.16;3.62;23.5
7.38;0.27;12.21;23.24;14.15;11.71;31.04
6.68;0.41;10.1;26.07;10.4;11.43;34.9
8.01;1.15;12.85;19.01;10.49;18.97;29.53
6.37;0.34;16.34;27.57;12.64;7.65;29.08
7.71;0.48;11.53;32.2;9.75;8.16;30.18
8.06;0.11;9.52;27.4;10.99;9.99;33.94
2.03;0.07;0.4;94.44;0.41;0.26;2.41
2.17;0.1;0.48;95.19;0.44;0.25;1.37
1.13;0.03;0.29;96.21;0.24;0.43;1.67
1.46;0.07;0.35;96.49;0.35;0.19;1.08
1.75;0.1;0.37;95.95;0.27;0.3;1.27
10.52;0.94;19.58;27.38;10.72;7.96;22.9
11.1;0.59;17.53;23.95;12.53;13.92;20.37
6.74;0.67;12.61;35.5;10.77;11.7;22.01
3.54;0.07;0.5;91.11;0.64;0.41;3.73
18.71;0.52;12.79;20.47;19.84;7.09;20.57
8.58;0.12;9.79;25.55;18.63;10.57;26.75
6.66;0.08;10.95;28.54;20.41;6.22;27.14
11.03;0.08;13.63;24.12;19.76;11.19;20.2
9.22;0.27;18.63;18.55;17.81;11.39;24.14
7.92;0.4;15.37;25.79;22.44;7.33;20.75
14.16;0.33;13.66;26.51;19.91;7.07;18.36
8.83;0.31;18.23;18.95;24.31;6.61;22.77
9.38;0.49;14.43;23.46;21.49;7.04;23.71
2.99;0.9;7.17;34.66;8.38;3.68;42.22
3.46;0.96;14.19;33.67;8.52;5.12;34.09
14.7;0.45;17.76;22.85;18.01;7.95;18.29
9.51;0.51;18.66;23.38;18.23;12.57;17.14
6.16;0.54;17.46;26.7;13.89;8.61;26.64
6.25;0.45;20.53;30.34;15.08;9.54;17.81
5.45;0.64;20.49;34.86;14.54;8.38;15.66
3.89;0.86;17.01;26.62;13.6;6.06;31.96
5.73;0.35;15.34;31.52;21.95;3.85;21.25
4.93;1.91;16.2;28.06;11.48;3.97;33.45
9.16;0.48;16.17;22.24;19.51;9.58;22.86
5.9;0.69;12.84;25.58;12.17;10.79;32.02
3.32;0.77;14.01;30.47;11.01;10.78;29.63
4.2;0.48;12.84;29.42;11.75;11.13;30.17
5.8;0.48;15.71;24.49;19.91;7.05;26.56
5.15;0.49;15.96;30.04;13.76;9.49;25.12
7.09;0.62;14.95;22.77;13.5;11.2;29.87
10.25;0.5;16.83;20.83;18.69;7.28;25.61
4.92;1.02;15.52;31.11;11.53;8.71;27.18
4.18;0.5;11.59;32.24;11.76;5.18;34.56
4.33;0.68;10.82;28.14;10.9;7.02;38.11
5.66;1.27;9.22;29.88;12.67;4.48;36.82
8.44;1.03;13.17;34.21;10.03;1.38;31.73
14.44;0.58;19.31;20.86;12.19;2.21;30.41
8.59;0.5;14.64;29.76;20.04;1.84;24.62
11.46;1.36;13.85;28.18;13.8;2.08;29.27
7.13;0.46;10.0;31.14;17.01;4.61;29.65
9.76;0.31;8.24;30.87;16.92;3.69;30.2
9.93;0.67;12.81;25.31;14.18;7.73;29.37
18.54;0.37;11.49;19.57;18.89;7.53;23.6
14.56;0.5;10.58;25.84;15.17;5.72;27.63
6.9;0.35;13.69;28.13;13.19;7.85;29.89
6.69;0.27;14.03;26.64;15.2;6.73;30.44
12.55;0.62;20.27;19.26;18.18;6.91;22.21
11.17;0.57;14.65;22.69;17.18;6.5;27.23
7.09;0.28;12.08;26.32;15.18;6.73;32.31
8.45;0.4;11.12;30.94;12.01;5.59;31.49
14.83;1.31;13.87;23.21;16.37;6.61;23.79
13.47;0.63;15.22;23.82;17.77;5.77;23.32
10.01;0.77;16.55;27.1;17.65;5.17;22.75
9.42;1.01;13.66;26.34;17.55;4.85;27.17
9.84;0.6;9.01;26.46;13.53;6.5;34.06
11.73;0.97;7.07;26.36;16.39;2.63;34.85
12.94;0.66;12.23;25.51;15.87;5.74;27.05
8.47;0.77;19.68;23.3;19.6;7.11;21.07
8.31;0.5;12.08;25.02;17.44;6.0;30.66
12.04;0.41;16.09;22.62;19.64;5.12;24.07
12.03;0.85;14.67;20.46;19.61;7.07;25.32
10.0;0.48;16.02;20.16;14.33;6.9;32.11
9.13;0.79;15.81;21.61;15.23;6.14;31.31
8.73;0.95;13.94;21.94;14.18;8.03;32.22
9.14;0.61;12.76;25.3;17.26;7.33;27.6
7.96;0.83;14.21;28.77;15.76;7.93;24.54
4.51;0.4;7.87;29.68;12.42;3.61;41.52
5.2;0.44;13.27;30.84;13.7;4.42;32.12
5.76;0.65;15.63;31.69;12.76;2.42;31.09
7.38;0.85;14.71;35.65;11.94;3.31;26.16
7.61;0.64;15.53;29.67;12.72;6.48;27.36
6.02;0.54;14.96;29.75;12.4;4.22;32.1
8.44;1.91;18.1;25.6;17.3;7.4;21.24
5.55;0.05;0.94;86.26;0.79;0.56;5.84
14.27;0.6;16.41;20.91;16.05;9.32;22.46
11.05;0.74;8.3;28.26;17.7;6.67;27.29
10.13;0.14;11.0;33.5;15.07;6.1;24.07
8.39;0.15;10.55;30.35;15.32;6.54;28.69
3.28;0.19;9.31;19.27;13.33;3.9;50.73
9.68;0.47;17.28;23.02;17.4;7.16;24.99
8.54;0.9;11.52;28.31;14.94;4.31;31.48
13.3;0.81;16.71;21.53;14.77;10.66;22.24
8.3;0.73;16.69;21.41;13.81;12.03;27.03
10.01;0.27;15.52;22.8;14.99;9.81;26.61
6.89;0.27;9.7;26.23;10.53;7.7;38.67
5.85;0.75;16.14;26.24;10.76;10.84;29.42
4.8;0.51;11.17;35.03;8.59;5.64;34.25
6.37;0.55;16.74;29.64;14.36;7.15;25.19
6.23;0.69;21.13;27.21;13.97;7.76;23.01
2.72;0.44;10.33;40.29;7.54;5.86;32.83
6.1;0.9;10.58;17.56;9.84;10.63;44.39
3.32;0.37;10.25;36.91;8.23;8.7;32.22
5.41;0.9;14.31;25.55;15.17;11.99;26.67
4.74;0.98;22.13;37.76;10.55;6.03;17.81
10.62;0.65;22.7;29.23;7.53;3.02;26.25
7.32;0.57;17.96;22.98;7.31;4.55;39.31
9.74;0.59;23.11;19.22;18.01;5.0;24.33
7.45;2.29;16.52;25.82;11.08;4.52;32.31
9.37;1.04;21.27;17.91;12.01;6.05;32.35
6.23;0.58;13.32;15.47;10.48;7.54;46.38
10.09;0.56;21.54;21.44;11.8;9.4;25.15
14.4;0.94;28.54;13.95;16.74;7.95;17.48
17.6;0.27;23.42;8.87;14.76;14.8;20.28
7.32;0.58;19.2;19.51;10.31;8.5;34.58
12.65;0.31;17.14;16.09;15.4;9.35;29.06
12.79;0.34;24.52;17.96;18.86;6.63;18.9
9.07;0.48;19.37;18.22;13.86;5.36;33.63
22.52;0.48;22.95;11.31;14.19;11.04;17.52
11.52;0.51;14.07;21.03;11.06;10.61;31.2
11.44;0.48;18.43;16.86;11.74;16.01;25.04
15.56;0.77;15.25;22.75;15.72;9.21;20.73
5.82;0.03;0.88;87.36;0.9;0.3;4.71
8.93;0.91;19.91;22.4;18.87;4.83;24.14
3.66;0.09;0.96;86.85;0.91;0.61;6.92
12.19;1.18;12.1;26.86;13.05;3.52;31.09
12.22;0.47;12.8;25.62;12.09;12.53;24.26
10.75;0.09;1.65;78.61;1.46;0.28;7.17
3.25;0.07;0.88;85.87;1.13;0.7;8.1
2.82;0.02;0.52;89.97;0.88;0.39;5.39
2.67;0.04;0.48;91.65;0.65;0.27;4.24
4.03;0.04;0.96;89.2;1.08;0.32;4.38
7.23;0.08;1.21;86.67;1.24;0.26;3.31
1.48;0.05;0.42;94.59;0.58;0.35;2.54
2.25;0.01;0.34;93.84;0.52;0.27;2.78
1.03;0.01;0.3;94.98;0.52;0.24;2.93
27.41;0.29;15.84;18.89;17.94;6.1;13.52
2.34;0.02;0.76;93.5;0.59;0.21;2.58
1.29;0.01;0.36;95.1;0.43;0.38;2.43
5.48;0.03;1.12;84.22;1.16;0.73;7.26
2.15;0.07;0.55;90.72;0.53;0.8;5.19
2.19;0.01;0.6;93.07;0.49;0.26;3.37
1.69;0.02;0.31;95.24;0.28;0.44;2.01
3.34;0.05;1.23;87.98;0.69;0.64;6.07
9.03;0.97;13.58;22.07;12.7;13.13;28.53
3.5;0.02;0.86;89.06;0.86;0.57;5.13
11.31;1.26;16.54;19.69;19.89;9.18;22.13
3.87;0.05;1.3;85.03;0.82;0.63;8.3
8.81;1.06;14.42;18.19;16.3;9.52;31.7
10.42;0.16;11.42;11.39;17.22;16.93;32.46
4.0;0.01;0.62;88.04;0.74;0.42;6.17
4.35;3.98;16.1;9.17;11.79;23.64;30.97
4.65;0.04;0.83;88.49;0.75;0.72;4.52
13.78;0.04;1.64;70.27;1.3;1.84;11.13
6.22;0.02;1.27;85.23;1.16;0.52;5.57
5.73;0.09;1.39;86.19;1.15;0.6;4.86
9.24;0.08;1.51;81.18;1.06;0.91;6.02
5.14;0.04;0.89;84.93;1.04;0.78;7.2
6.43;0.04;1.58;83.58;1.64;0.74;5.98
8.07;0.01;1.93;73.44;2.64;0.51;13.4
9.51;0.05;2.36;72.96;2.42;0.6;12.11
7.82;0.01;1.92;78.43;1.91;0.71;9.19
5.14;0.01;1.62;84.84;1.72;0.82;5.84
4.37;0.01;1.65;83.7;1.93;1.14;7.2
8.37;0.09;2.81;76.79;2.52;1.05;8.37
7.59;0.05;1.98;80.01;2.03;0.83;7.51
9.24;0.03;2.97;72.0;3.14;0.9;11.73
5.08;0.07;2.39;77.52;2.64;0.87;11.43
5.61;0.03;2.76;78.94;2.76;0.68;9.21
6.8;0.03;2.69;76.09;2.57;0.86;10.95
10.58;0.26;3.91;63.5;4.05;1.52;16.18
42.12;0.6;16.82;3.65;10.14;4.64;22.04
38.68;0.89;15.74;6.49;7.78;8.76;21.65
5.72;0.4;10.68;20.83;23.44;10.7;28.24
3.3;0.09;10.67;23.54;13.89;17.42;31.09
4.34;0.09;10.2;26.92;10.59;15.36;32.5
3.55;0.15;7.48;45.76;10.53;11.7;20.83
6.63;0.02;2.06;75.72;3.14;0.77;11.67
6.62;0.01;2.34;77.66;2.09;2.06;9.22
3.77;0.01;1.25;86.82;0.94;1.08;6.13
5.42;0.02;1.76;82.22;1.52;0.86;8.21
6.22;0.04;2.55;77.45;2.17;1.2;10.39
10.5;0.04;4.23;67.65;3.52;2.03;12.04
8.94;0.04;3.98;61.48;4.35;2.15;19.07
14.17;1.07;35.63;10.3;5.03;15.7;18.11
5.95;0.03;1.47;82.67;1.51;0.94;7.43
6.39;0.02;1.24;81.62;1.4;0.64;8.69
5.61;0.03;2.06;74.0;2.41;1.5;14.39
6.41;0.03;2.16;69.35;2.41;1.21;18.43
7.39;0.03;2.31;70.92;2.53;1.54;15.29
4.31;0.04;1.8;74.22;2.33;1.6;15.71
5.18;0.05;1.53;78.71;1.95;0.87;11.71
14.8;1.18;42.08;5.66;6.06;15.71;14.52
10.09;0.92;49.42;8.37;5.23;5.6;20.38
5.94;0.03;2.14;77.57;3.01;0.71;10.59
10.49;0.12;2.56;63.01;4.39;0.94;18.5
6.83;0.5;56.15;6.61;6.21;6.59;17.11
8.41;0.04;2.01;65.43;3.26;0.67;20.19
8.26;0.02;1.53;70.57;2.85;0.46;16.32
12.9;0.04;2.83;59.0;4.07;0.78;20.38
5.27;0.06;2.05;72.96;2.3;1.39;15.97
3.88;0.07;1.23;84.13;1.85;0.64;8.2
6.88;0.05;2.74;71.73;3.31;1.02;14.26
8.44;0.1;43.79;11.61;5.68;4.59;25.79
9.76;0.11;2.9;67.74;2.66;1.46;15.37
6.46;0.1;2.18;76.69;2.94;1.0;10.63
6.81;0.13;3.71;68.06;3.47;1.47;16.36
10.42;0.08;4.54;67.69;3.53;1.15;12.59
15.25;0.12;3.29;63.6;3.86;0.72;13.15
11.11;0.09;4.86;62.1;4.94;1.17;15.73
4.26;0.08;2.89;76.76;1.76;1.14;13.12
15.11;0.19;44.93;9.23;4.61;3.44;22.49
4.85;0.04;1.39;83.1;0.95;0.64;9.03
11.73;0.04;28.16;11.04;2.55;1.36;45.12
2.7;0.06;0.97;88.73;0.92;0.46;6.17
15.26;0.52;46.77;9.59;5.09;5.77;16.99
3.92;0.11;1.59;84.18;2.1;0.72;7.39
6.27;0.28;2.37;75.9;2.08;0.76;12.33
4.53;0.13;1.96;79.69;2.06;1.01;10.63
12.28;1.16;36.99;14.17;5.84;10.39;19.17
10.84;0.25;4.23;66.28;4.78;0.78;12.84
10.45;0.22;4.84;59.83;3.45;0.58;20.64
13.79;0.45;47.51;12.19;6.41;5.52;14.13
14.98;0.28;47.22;11.51;7.04;5.96;13.02
13.57;0.04;48.09;8.47;4.14;2.61;23.08
12.09;0.03;47.54;8.22;3.54;1.88;26.71
12.52;0.19;55.27;8.9;5.65;4.61;12.87
13.07;0.04;47.78;8.84;5.05;2.18;23.03
11.18;0.29;44.53;10.12;6.76;6.06;21.06
14.73;0.53;45.07;9.67;6.65;5.17;18.18
11.71;0.44;49.02;8.65;7.47;4.48;18.24
15.33;0.61;46.77;8.29;6.02;6.52;16.47
20.19;0.59;33.69;12.51;8.98;10.14;13.91
20.64;0.42;33.43;13.49;5.71;12.73;13.58
6.69;0.17;2.99;69.69;3.07;0.6;16.78
24.56;0.79;36.93;9.73;6.4;11.37;10.23
10.73;0.14;43.04;8.53;9.8;10.65;17.11
12.1;0.47;40.77;10.78;6.79;5.73;23.36
14.3;0.71;36.91;8.34;6.98;14.82;17.94
14.42;0.45;40.61;7.33;6.78;16.0;14.41
17.42;0.28;38.64;10.84;9.52;7.24;16.07
17.02;0.85;38.0;8.62;7.53;9.18;18.8
15.75;0.82;39.45;8.8;9.05;5.78;20.34
16.7;0.65;34.79;9.41;9.08;12.46;16.91
15.1;0.43;35.99;12.18;9.88;4.04;22.38
15.51;0.39;41.4;7.26;8.37;5.56;21.51
17.77;0.48;37.05;9.83;11.16;6.71;16.99
17.84;0.37;40.94;5.87;9.74;9.96;15.27
16.38;0.3;48.66;4.52;6.47;12.72;10.96
14.58;0.16;51.98;5.66;8.46;5.8;13.35
13.32;0.19;47.05;5.96;8.62;6.32;18.53
16.8;0.26;44.54;5.89;9.99;4.76;17.75
13.01;0.18;44.71;6.86;8.25;5.33;21.67
13.65;0.16;37.36;7.36;7.42;5.42;28.63
12.49;0.14;41.21;5.77;8.24;3.28;28.87
12.73;0.19;45.57;6.24;7.77;3.03;24.47
10.01;0.11;42.51;7.82;7.94;3.08;28.54
11.43;0.15;45.83;8.37;8.74;6.2;19.29
10.36;0.07;46.13;7.05;7.32;6.77;22.3
11.62;0.12;48.05;4.05;5.67;10.04;20.45
13.58;0.26;39.37;5.92;6.67;11.38;22.82
12.96;0.12;39.55;5.78;8.03;9.96;23.6
12.29;0.1;37.92;5.28;6.4;12.6;25.42
18.26;0.26;36.13;6.12;10.88;9.03;19.32
11.92;0.08;48.92;4.91;7.81;6.6;19.77
14.14;0.16;31.91;6.46;7.57;8.73;31.02
10.75;0.2;40.58;4.8;8.71;6.41;28.55
19.19;0.2;35.67;3.78;8.2;11.84;21.13
10.08;0.14;43.45;5.35;10.09;9.66;21.23
12.45;0.22;45.94;4.01;6.28;11.54;19.57
11.68;0.14;59.12;2.27;5.12;5.23;16.45
11.38;0.07;51.1;4.56;5.11;3.65;24.13
13.71;0.14;46.84;5.06;5.77;5.0;23.47
15.12;0.19;49.46;5.35;5.35;5.11;19.41
16.21;0.13;43.15;3.29;9.1;3.54;24.58
12.83;0.14;42.64;3.53;8.45;6.81;25.6
12.02;0.14;44.55;5.73;8.69;3.62;25.24
15.38;0.14;51.17;4.27;8.02;4.83;16.19
13.8;0.17;47.81;5.5;7.29;5.51;19.91
18.0;0.19;37.31;4.82;9.55;6.31;23.82
17.28;0.81;37.8;6.14;12.35;4.61;21.0
11.1;0.91;45.31;5.67;11.04;5.22;20.75
13.24;0.43;37.04;7.0;13.21;4.39;24.69
17.07;1.31;37.44;6.97;12.5;6.11;18.61
15.53;0.2;47.87;3.46;10.05;3.24;19.64
17.61;0.28;46.13;3.45;8.26;3.7;20.58
14.62;0.08;55.85;4.27;5.97;3.14;16.08
10.58;0.14;50.26;4.84;9.25;3.91;21.03
11.01;0.11;50.84;3.43;5.96;2.39;26.28
13.84;0.2;51.01;3.07;7.19;4.35;20.34
11.03;0.24;57.58;3.48;7.78;6.12;13.78
11.56;0.1;54.17;4.44;7.39;3.14;19.19
16.29;0.4;41.5;3.54;9.08;9.02;20.18
9.53;0.14;49.95;4.29;8.26;4.16;23.67
12.55;0.33;47.76;5.03;8.62;3.91;21.79
12.65;0.04;55.26;3.36;5.35;2.32;21.02
13.64;0.18;52.66;4.4;7.27;3.01;18.84
12.53;0.22;46.71;4.97;10.79;2.76;22.03
16.66;0.27;43.74;4.77;8.17;8.76;17.64
8.57;0.07;52.4;4.15;3.15;3.02;28.65
11.57;0.09;58.08;2.86;4.68;3.8;18.92
12.73;0.23;50.14;2.44;8.57;6.31;19.59
17.09;0.31;40.44;3.09;8.62;5.83;24.62
11.76;0.05;53.24;3.63;6.02;2.28;23.02
10.08;0.35;45.08;4.39;6.19;5.71;28.2
10.53;0.13;52.14;2.81;7.62;4.17;22.59
14.85;0.16;52.67;3.1;6.05;2.19;20.99
12.54;0.13;54.08;3.31;6.12;3.19;20.63
12.74;0.17;41.67;3.54;8.64;4.43;28.81
14.37;0.25;45.19;4.06;9.88;3.65;22.6
15.28;0.21;50.75;2.95;5.35;2.8;22.66
10.43;0.2;46.5;3.68;5.82;6.29;27.08
11.63;0.27;42.4;3.44;5.13;6.82;30.31
9.57;0.12;40.63;2.93;6.29;5.89;34.57
7.5;0.17;43.83;5.2;6.37;5.19;31.74
10.85;0.2;38.99;2.73;6.23;6.86;34.14
13.53;0.26;32.01;2.15;5.84;5.51;40.7
12.24;0.21;35.57;1.99;6.3;5.51;38.17
12.97;0.23;40.94;4.2;8.22;8.87;24.57
11.3;0.09;35.01;3.46;6.22;8.87;35.06
13.83;0.19;38.05;3.4;7.1;10.81;26.61
11.16;0.32;40.54;4.33;8.03;9.24;26.38
12.84;0.3;46.68;3.24;8.48;8.46;20.01
14.3;0.21;39.51;2.96;6.45;4.51;32.06
13.9;0.26;41.29;3.72;5.7;4.32;30.81
8.93;0.31;43.3;2.96;4.78;5.49;34.22
17.46;0.52;42.22;3.66;7.49;4.52;24.13
15.68;0.35;41.22;1.99;4.06;2.37;34.33
15.85;0.49;43.51;3.65;8.03;11.59;16.87
8.12;0.26;58.07;4.35;5.32;5.97;17.9
17.04;0.54;47.28;4.31;7.33;7.82;15.66
16.08;0.59;47.36;3.59;7.2;10.84;14.34
10.29;0.49;54.56;3.24;6.42;5.43;19.56
14.24;0.46;53.26;3.67;7.17;4.68;16.52
19.03;2.02;44.88;2.91;8.14;10.44;12.58
19.34;1.03;41.37;3.14;7.12;15.77;12.23
15.49;0.74;47.82;3.85;5.7;5.96;20.43
16.36;4.81;48.7;1.68;9.92;7.17;11.36
12.73;1.24;42.63;4.03;6.29;10.37;22.72
8.47;0.29;40.6;3.3;3.77;2.07;41.5
4.27;0.13;39.64;3.13;3.49;1.36;47.98
13.25;1.33;46.06;3.35;6.34;4.78;24.9
11.61;0.98;44.78;4.05;5.49;4.42;28.67
11.67;0.21;43.85;4.61;3.65;1.46;34.55
9.04;0.34;44.15;4.72;7.51;2.45;31.78
13.62;0.2;40.48;8.24;4.14;1.05;32.26
14.5;0.62;45.51;4.44;5.3;2.98;26.63
15.3;1.53;36.75;5.04;8.44;3.82;29.14
12.81;0.35;39.73;4.39;7.39;2.68;32.64
19.11;2.8;40.89;4.33;7.94;4.59;20.34
12.5;1.5;41.18;3.38;6.56;3.01;31.87
24.5;10.6;28.49;2.58;8.68;6.65;18.51
18.34;2.13;32.68;1.72;5.24;7.63;32.26
23.77;13.12;33.13;3.17;5.2;5.32;16.28
17.8;11.46;40.34;3.53;5.57;3.51;17.78
15.06;13.4;44.44;3.07;4.69;3.4;15.94
22.68;6.7;37.11;3.5;6.31;6.41;17.3
5.48;0.02;12.24;6.06;3.88;23.99;48.33
26.37;22.66;27.18;5.46;4.74;3.72;9.86
19.37;5.73;44.39;3.93;6.05;4.3;16.22
8.14;0.36;46.53;6.17;3.09;3.14;32.57
14.73;2.0;49.81;3.71;4.33;2.58;22.84
9.86;0.25;52.53;4.3;3.98;2.05;27.05
12.54;0.68;32.61;5.44;3.65;3.99;41.08
12.42;2.12;44.39;4.49;5.28;5.84;25.47
11.96;2.38;42.25;3.42;5.73;5.36;28.88
11.97;1.03;34.85;4.45;5.16;5.75;36.79
7.65;0.26;40.7;4.59;4.47;2.32;40.0
15.16;0.5;33.76;3.93;3.25;3.77;39.62
12.77;0.55;52.8;4.67;3.51;4.45;21.27
12.27;0.9;33.93;5.97;4.25;5.28;37.4
14.4;2.16;40.76;4.21;5.74;9.84;22.88
14.84;5.79;32.87;3.86;6.77;8.89;26.99
7.24;0.2;34.05;3.93;2.82;2.82;48.94
12.21;0.6;30.82;3.34;4.42;4.1;44.51
9.52;0.39;38.28;2.68;3.25;2.84;43.04
9.83;0.22;34.74;4.47;3.02;1.42;46.3
10.73;0.21;37.1;3.49;3.28;1.49;43.7
10.35;0.26;32.08;3.21;3.45;1.25;49.4
10.05;0.3;38.87;2.68;3.0;3.07;42.03
8.15;0.11;34.33;4.84;2.66;2.7;47.21
13.0;0.92;31.28;4.48;5.18;4.24;40.89
10.3;0.24;38.77;3.18;3.73;1.43;42.36
11.88;0.32;25.31;4.35;4.52;2.46;51.15
8.57;0.32;35.75;2.93;3.15;1.49;47.79
4.65;0.12;39.28;3.73;3.08;1.91;47.23
4.72;0.14;44.65;2.82;2.87;2.4;42.4
9.71;0.4;41.95;3.03;3.78;2.47;38.66
9.59;0.24;49.29;2.55;4.19;2.02;32.13
10.24;0.44;44.57;3.19;4.66;1.38;35.51
7.55;0.17;36.47;3.37;2.8;1.3;48.35
10.14;0.45;40.28;3.64;4.58;2.96;37.94
8.75;0.16;38.09;3.29;2.5;2.0;45.23
15.16;0.63;45.27;2.67;6.84;3.68;25.74
14.66;1.17;34.41;2.95;7.3;5.4;34.09
14.7;0.46;43.0;2.12;6.4;5.23;28.09
19.63;7.51;37.17;2.19;8.55;5.71;19.24
19.26;1.73;37.22;3.63;8.79;5.87;23.49
12.76;1.61;38.39;2.57;7.02;5.29;32.36
13.18;1.42;38.87;2.75;7.88;4.54;31.36
12.82;1.31;39.65;2.55;7.41;3.27;32.98
11.9;1.33;47.13;3.18;9.37;7.88;19.21
11.49;0.56;50.98;3.09;7.52;5.14;21.21
11.68;1.26;46.13;2.87;12.57;7.0;18.48
16.83;1.98;42.21;2.48;11.63;6.01;18.87
12.24;0.76;46.23;2.17;8.32;7.97;22.31
22.51;3.0;41.25;2.43;7.99;7.39;15.44
9.04;0.12;47.3;3.66;3.92;1.81;34.14
13.27;1.19;43.7;3.56;8.58;3.99;25.71
9.3;0.34;40.25;5.59;5.35;2.04;37.13
5.21;0.21;41.91;5.73;4.41;2.53;40.01
10.07;0.22;38.89;4.2;3.57;1.82;41.23
6.85;0.24;57.99;2.42;3.78;3.67;25.05
12.0;0.44;45.86;4.17;6.4;2.41;28.72
14.5;1.07;48.17;3.5;8.04;3.04;21.67
9.16;0.16;32.45;3.87;5.64;2.8;45.93
10.89;0.2;41.28;5.46;5.61;1.79;34.77
11.49;0.15;3.63;63.13;3.29;0.83;17.46
10.75;0.17;3.48;58.32;2.55;1.48;23.26
12.97;0.26;5.82;59.33;3.96;0.94;16.72
10.9;0.15;2.96;62.93;2.37;1.42;19.26
22.1;1.29;51.03;1.34;7.26;5.36;11.63
20.65;1.26;39.87;2.41;6.77;7.62;21.41
11.0;0.18;55.22;3.62;4.94;2.6;22.45
35.73;7.83;24.64;1.99;5.48;8.74;15.58
22.99;2.11;38.86;2.21;7.55;6.71;19.58
32.38;3.53;27.49;1.1;5.53;8.62;21.35
36.05;3.86;27.28;1.06;5.72;7.66;18.37
30.85;4.05;31.09;1.05;5.76;12.77;14.42
30.14;8.86;30.99;1.19;6.2;5.49;17.13
27.72;10.18;30.25;1.16;6.17;5.61;18.91
33.82;5.59;31.96;0.87;6.38;5.55;15.82
18.11;0.07;4.69;51.42;4.73;0.72;20.26
31.07;3.08;32.83;1.11;6.49;10.94;14.47
19.3;1.8;52.19;2.61;6.31;3.61;14.17
30.79;6.79;28.36;2.57;6.49;7.72;17.28
32.9;2.05;29.66;1.25;6.2;8.14;19.8
21.56;5.31;38.89;2.09;4.98;7.48;19.68
11.39;0.1;3.44;62.98;4.88;0.84;16.36
9.46;0.11;2.43;75.42;2.53;1.18;8.87
6.84;0.09;2.71;78.06;2.84;0.79;8.67
9.79;0.21;4.54;70.77;3.66;1.14;9.89
12.57;0.15;4.93;54.13;4.54;1.63;22.05
15.68;0.3;3.5;55.13;4.85;1.58;18.96
10.48;0.24;2.87;66.6;3.81;1.14;14.87
14.4;0.06;2.08;61.57;4.11;0.69;17.08
8.88;0.18;3.64;68.46;3.87;1.36;13.62
22.27;4.97;31.73;2.96;6.35;6.29;25.44
9.38;0.09;3.12;67.39;3.89;1.01;15.12
10.95;0.2;3.3;59.77;4.56;1.33;19.89
15.12;0.07;4.5;56.76;5.05;0.74;17.75
11.76;0.13;3.37;46.74;4.47;1.96;31.57
5.98;0.06;2.15;72.21;2.22;1.3;16.09
11.04;0.1;3.26;61.86;3.58;1.33;18.83
7.8;0.12;2.9;73.8;2.51;1.39;11.48
14.07;0.12;40.48;15.76;3.93;1.82;23.84
40.45;0.15;38.85;7.61;3.74;2.18;7.02
7.89;0.08;2.94;71.45;3.65;1.42;12.57
14.04;0.25;4.17;57.31;5.61;1.9;16.72
11.33;0.17;3.37;62.33;4.18;1.86;16.77
5.99;0.12;2.01;75.87;2.52;1.63;11.87
13.13;0.13;3.75;56.9;5.58;2.03;18.48
14.43;0.11;4.3;47.68;7.98;1.47;24.03
21.06;0.05;57.66;3.52;6.73;0.98;10.0
16.34;0.2;5.93;42.56;11.16;1.22;22.59
9.24;0.08;3.07;62.09;5.29;1.89;18.34
10.03;0.07;5.02;50.25;6.98;2.44;25.2
11.51;0.11;4.05;59.54;5.3;1.86;17.63
11.35;0.07;3.74;65.32;5.44;1.63;12.46
10.75;0.05;4.45;50.0;5.75;1.8;27.2
11.87;0.04;6.01;50.63;6.06;1.95;23.44
6.46;0.03;7.47;35.89;2.69;9.27;38.19
8.14;0.05;8.97;29.95;3.91;7.61;41.37
10.69;0.04;24.66;1.9;9.2;1.71;51.8
10.7;0.07;23.94;2.21;10.57;2.49;50.02
19.51;0.31;32.55;1.4;12.22;1.96;32.05
22.31;1.02;25.23;1.88;13.89;2.8;32.87
17.08;0.12;18.88;1.77;11.43;1.98;48.75
17.33;0.11;20.33;1.92;10.98;2.53;46.8
16.45;0.17;32.71;1.95;13.18;2.92;32.62
20.82;0.19;27.24;2.87;13.17;2.36;33.36
14.52;0.23;26.92;2.21;10.81;2.22;43.1
19.12;0.61;24.41;2.55;10.73;3.78;38.8
26.87;0.19;25.24;1.72;8.4;3.72;33.86
12.36;0.06;8.07;58.89;5.64;1.26;13.72
11.79;0.13;5.35;66.41;3.88;1.04;11.41
23.59;0.21;9.84;44.1;6.58;1.18;14.51
12.34;0.16;4.72;67.25;3.42;1.13;10.98
28.45;0.2;9.47;39.49;8.2;1.11;13.08
9.71;0.06;5.49;66.92;3.32;1.14;13.36
29.06;0.34;7.2;45.8;5.91;0.9;10.79
20.46;0.22;8.57;51.97;5.83;1.52;11.44
39.12;0.58;25.14;0.86;10.07;3.23;21.0
21.64;0.69;25.02;1.68;12.97;2.96;35.05
6.07;0.07;10.63;57.63;4.04;4.31;17.25
4.05;0.04;4.17;64.24;2.23;2.93;22.34
5.72;0.05;5.0;56.13;3.11;2.81;27.19
5.32;0.04;6.26;56.82;3.29;4.13;24.13
4.51;0.02;5.17;67.62;2.45;2.24;17.98
23.34;0.17;37.53;2.19;10.91;1.0;24.85
5.35;0.04;4.85;62.13;2.21;4.08;21.35
6.32;0.05;4.94;62.88;2.52;3.22;20.07
11.88;0.08;6.99;43.84;5.36;2.18;29.68
8.8;0.05;6.91;63.11;3.02;2.83;15.27
6.23;0.04;7.63;63.97;2.53;3.21;16.4
7.34;0.03;4.69;62.21;2.5;3.28;19.96
8.53;0.04;6.33;61.08;3.2;3.68;17.13
5.3;0.02;4.09;66.87;1.86;3.28;18.57
5.52;0.02;3.18;65.62;2.48;2.3;20.89
6.51;0.02;4.21;63.19;2.57;2.77;20.73
6.13;0.04;4.14;66.22;2.37;2.22;18.88
5.94;0.05;4.11;65.13;2.53;2.73;19.51
8.16;0.13;5.17;57.06;3.08;3.71;22.69
8.9;0.22;5.21;53.07;3.24;5.26;24.11
12.49;0.13;6.48;50.97;4.26;3.25;22.43
11.23;0.14;6.52;49.72;4.61;3.34;24.45
6.97;0.02;4.58;65.41;2.65;2.74;17.63
5.35;0.02;4.26;59.88;2.77;4.33;23.39
4.75;0.02;4.53;49.91;2.89;4.04;33.86
12.99;0.02;5.34;40.17;4.04;1.81;35.65
8.93;0.02;7.62;47.79;4.2;3.31;28.13
7.36;0.02;6.6;57.1;3.56;3.25;22.11
9.25;0.05;5.79;55.36;3.39;4.65;21.51
7.93;0.05;4.66;56.98;3.55;3.03;23.78
8.15;0.03;5.23;59.03;3.51;2.97;21.08
7.61;0.02;4.98;62.34;2.47;3.33;19.25
7.79;0.03;8.49;53.09;4.0;4.08;22.53
6.84;0.03;4.64;61.95;2.9;3.78;19.85
7.22;0.05;6.46;60.27;4.71;3.2;18.09
9.08;0.06;7.97;62.62;3.84;3.97;12.46
7.49;0.04;5.86;60.24;3.49;4.66;18.24
11.24;0.02;6.42;47.04;4.1;3.62;27.57
9.17;0.05;7.09;54.48;3.08;6.54;19.59
8.1;0.04;6.1;60.25;3.08;5.78;16.65
12.26;0.02;5.73;47.63;4.46;3.03;26.87
12.25;0.03;6.01;45.45;4.25;3.75;28.26
8.56;0.02;4.45;61.34;3.05;2.78;19.8
8.07;0.03;4.23;56.07;4.07;3.18;24.35
10.58;0.02;6.1;52.9;3.39;4.74;22.27
14.76;0.02;6.52;45.84;4.15;2.03;26.69
10.63;0.01;5.54;49.83;3.38;3.05;27.56
9.18;0.05;9.64;50.87;5.0;4.6;20.65
6.35;0.02;5.77;60.69;3.12;4.81;19.24
6.76;0.02;5.95;58.1;3.66;3.71;21.8
5.52;0.05;5.12;64.11;3.37;5.19;16.64
7.31;0.03;5.57;62.63;3.31;3.81;17.34
9.14;0.04;6.83;57.63;4.52;4.14;17.7
7.59;0.03;5.95;62.82;3.48;3.67;16.47
9.45;0.01;6.21;56.13;4.6;2.81;20.78
10.12;0.01;5.64;50.0;4.07;3.35;26.81
27.22;0.26;28.27;2.38;15.64;1.42;24.81
7.7;0.02;6.4;58.0;4.0;3.6;20.27
12.33;0.01;3.83;52.82;2.84;1.93;26.23
9.24;0.01;4.88;50.9;4.16;1.95;28.86
7.9;0.03;6.45;64.82;2.51;3.71;14.58
11.4;0.02;6.66;54.99;3.22;2.94;20.76
7.85;0.03;7.12;53.73;3.18;4.69;23.4
10.3;0.02;5.09;50.37;3.13;3.35;27.75
10.3;0.02;7.59;48.3;3.57;3.59;26.63
29.1;0.38;24.08;3.16;15.85;2.87;24.57
30.35;0.31;28.61;3.3;14.56;2.44;20.43
31.77;0.8;21.88;4.44;15.89;3.1;22.12
28.13;0.96;26.62;3.89;14.47;4.27;21.67
28.84;0.39;24.74;2.69;13.78;3.44;26.12
20.62;0.19;29.39;3.49;11.57;2.77;31.97
7.77;0.03;5.78;57.8;3.21;4.11;21.3
9.03;0.06;7.68;49.89;3.61;6.28;23.46
8.02;0.08;6.97;56.16;3.43;5.42;19.93
7.0;0.04;5.65;66.01;3.36;3.22;14.72
10.47;0.05;7.24;46.81;4.4;3.7;27.32
11.43;0.02;10.49;40.05;4.47;4.16;29.38
5.34;0.02;5.68;63.98;3.05;3.13;18.81
7.58;0.01;5.68;56.33;3.51;2.93;23.96
7.27;0.01;5.3;60.7;3.03;2.99;20.69
5.78;0.02;3.97;72.11;2.69;1.87;13.56
7.92;0.02;4.77;61.36;3.47;2.48;19.99
5.51;0.01;3.39;71.72;2.77;1.48;15.12
5.69;0.02;5.46;66.96;2.93;2.19;16.76
6.56;0.02;4.61;59.42;4.04;2.0;23.36
4.85;0.01;2.82;72.54;2.09;1.27;16.41
6.7;0.02;4.03;65.53;3.3;2.48;17.94
6.75;0.03;5.69;63.09;3.1;3.28;18.06
5.76;0.01;4.45;68.54;2.88;2.18;16.17
6.69;0.04;7.6;62.06;3.54;4.12;15.95
8.54;0.02;5.24;61.08;3.14;2.16;19.82
8.77;0.01;4.05;58.42;3.36;2.3;23.08
8.29;0.05;7.71;54.33;4.27;4.06;21.29
21.51;0.38;30.93;2.28;18.94;2.58;23.37
13.08;0.03;5.88;44.56;5.74;1.85;28.86
9.53;0.01;4.34;55.68;3.71;1.91;24.82
8.4;0.03;8.5;63.36;3.52;2.71;13.48
9.86;0.02;5.19;57.4;3.84;2.95;20.74
9.32;0.01;3.12;57.39;3.2;1.43;25.53
9.18;0.01;4.64;63.58;3.67;2.23;16.69
7.5;0.04;5.25;63.76;3.37;3.93;16.14
10.27;0.01;3.79;51.72;3.87;1.59;28.75
9.81;0.01;3.96;58.72;2.99;1.97;22.53
7.38;0.03;5.09;59.73;3.2;4.27;20.29
9.55;0.02;4.89;56.63;3.96;2.19;22.77
11.32;0.02;4.95;50.94;3.53;1.54;27.7
30.34;0.17;17.22;3.72;11.02;3.82;33.7
11.15;0.03;6.07;44.62;4.51;2.19;31.44
8.25;0.02;6.95;53.11;3.65;3.32;24.71
10.7;0.04;9.91;46.22;4.74;4.31;24.07
30.18;0.29;24.1;2.76;17.18;2.75;22.73
28.47;0.41;20.35;2.88;14.84;2.79;30.26
8.8;0.05;6.7;56.95;2.89;6.31;18.3
38.96;0.5;19.4;3.87;13.08;2.25;21.94
9.66;0.05;8.55;38.61;4.92;4.54;33.67
6.42;0.03;5.31;58.49;3.14;3.07;23.53
10.68;0.03;6.7;45.18;3.68;2.38;31.35
30.53;0.2;23.44;2.44;10.78;3.26;29.36
9.52;0.02;4.48;57.89;2.68;3.76;21.64
6.65;0.07;10.51;55.21;3.96;5.65;17.95
6.83;0.03;6.15;64.31;3.26;3.42;16.01
8.18;0.03;4.44;61.45;2.95;2.98;19.95
34.36;0.76;17.9;3.07;19.7;4.82;19.4
36.89;0.81;20.19;3.17;18.51;4.32;16.1
6.28;0.03;7.02;57.71;3.35;5.91;19.71
39.22;0.52;20.32;3.6;15.02;3.12;18.2
28.89;0.3;27.94;2.88;13.91;3.17;22.92
35.95;0.43;20.42;3.66;15.76;3.57;20.22
37.76;0.43;18.32;3.5;12.67;4.59;22.72
38.9;0.75;19.86;2.39;11.98;2.98;23.14
35.8;0.37;24.83;2.44;11.45;3.51;21.6
30.74;0.35;33.51;2.12;10.91;2.87;19.5
37.74;0.26;19.86;1.26;9.07;2.46;29.35
29.64;0.51;16.32;3.69;17.51;3.34;29.0
33.1;0.33;29.79;2.53;12.84;5.55;15.86
37.0;0.37;25.02;2.05;12.72;3.69;19.16
28.3;0.67;26.59;3.68;13.85;3.04;23.87
32.56;0.61;19.62;2.54;14.41;3.33;26.93
38.31;0.61;19.6;3.76;13.69;3.51;20.52
40.4;0.9;17.53;3.96;15.37;4.37;17.47
41.49;0.28;22.53;3.35;9.74;4.01;18.59
38.57;0.25;25.1;2.17;11.66;2.59;19.66
38.5;0.34;25.47;3.47;11.54;2.29;18.39
46.37;0.66;16.04;2.19;17.52;3.55;13.67
6.94;0.03;7.32;63.47;3.51;4.05;14.69
6.94;0.04;6.15;60.89;3.6;4.39;18.0
6.69;0.02;5.44;66.16;3.1;3.88;14.7
8.41;0.02;3.43;60.04;3.27;1.75;23.07
8.07;0.08;6.27;49.7;3.99;4.9;26.99
8.82;0.03;5.79;51.82;3.44;3.96;26.14
7.25;0.08;7.63;49.77;4.75;4.83;25.69
7.48;0.06;7.02;52.56;4.02;4.8;24.06
7.55;0.05;8.57;47.41;4.95;4.39;27.07
25.33;0.81;34.46;2.15;12.33;3.2;21.72
8.02;0.03;4.55;64.4;3.51;2.88;16.61
8.7;0.11;7.49;63.41;4.52;3.65;12.12
21.32;0.32;34.85;2.41;14.07;4.99;22.04
29.7;0.51;26.48;2.32;11.68;3.46;25.85
24.51;0.45;31.57;2.39;11.73;5.61;23.75
25.85;0.9;23.78;3.38;8.65;5.18;32.25
23.39;0.79;30.34;2.75;7.92;6.06;28.75
23.89;0.98;28.83;2.85;9.51;5.43;28.52
25.01;0.72;28.8;2.66;12.47;2.62;27.73
29.12;0.39;24.97;2.57;12.53;3.56;26.86
23.5;0.66;28.88;1.83;14.45;3.86;26.81
24.71;0.67;31.03;1.88;13.91;3.46;24.34
19.78;1.98;34.85;1.9;15.82;4.03;21.64
24.79;0.7;31.52;2.19;13.31;3.83;23.67
7.45;0.06;4.3;63.49;3.0;4.53;17.17
6.58;0.05;4.19;67.01;3.18;3.57;15.43
7.21;0.02;3.58;61.09;2.43;2.17;23.5
7.39;0.03;5.25;70.73;2.63;3.04;10.94
8.64;0.05;5.64;58.84;4.34;5.02;17.46
24.77;0.69;35.94;1.67;11.21;4.86;20.86
25.15;1.25;25.01;3.17;12.58;7.19;25.64
23.63;0.81;26.42;3.14;13.45;6.09;26.45
21.92;1.77;27.63;3.1;15.79;8.94;20.85
28.78;2.65;21.72;2.62;14.85;8.93;20.45
27.09;0.74;25.51;4.26;15.35;4.31;22.73
26.29;0.76;27.52;3.75;16.47;3.59;21.61
35.18;0.27;21.03;2.66;13.2;2.39;25.26
31.24;0.52;21.81;3.05;14.18;3.23;25.97
28.37;0.5;20.21;2.83;11.75;3.15;33.18
29.29;1.27;27.92;2.39;13.96;5.31;19.87
34.33;0.39;28.85;1.65;13.99;3.79;17.01
8.76;0.08;5.4;63.71;3.02;2.65;16.37
9.4;0.06;5.12;65.39;3.83;2.58;13.62
10.16;0.04;4.83;60.92;3.58;2.34;18.14
8.8;0.09;9.55;57.08;5.4;4.1;14.99
22.61;0.3;23.3;2.54;10.68;2.26;38.3
9.85;0.04;8.77;44.73;5.21;3.58;27.81
8.36;0.05;5.62;62.66;3.87;3.41;16.03
8.91;0.09;9.44;47.42;4.73;6.55;22.87
10.36;0.06;11.25;50.98;5.9;4.69;16.76
27.47;0.17;35.59;1.95;8.81;5.06;20.95
26.11;0.23;36.85;2.52;10.33;4.35;19.6
9.76;0.02;6.25;50.08;4.0;5.01;24.88
22.42;0.23;38.62;2.78;10.17;4.73;21.05
7.96;0.01;6.17;56.44;4.06;2.85;22.52
24.19;0.3;36.3;3.22;9.6;4.65;21.74
28.0;0.34;32.48;2.9;9.37;4.4;22.51
4.42;0.04;4.23;74.18;2.17;2.57;12.39
4.86;0.03;3.6;72.65;2.19;2.02;14.64
6.23;0.05;5.43;63.05;3.16;5.39;16.68
7.55;0.06;6.24;62.91;2.76;6.28;14.2
5.69;0.03;3.65;72.17;2.4;2.77;13.3
6.8;0.02;3.78;68.58;2.7;2.35;15.77
7.81;0.02;4.67;65.35;3.15;2.98;16.03
8.41;0.05;7.13;60.51;4.16;3.98;15.77
10.29;0.04;6.46;53.14;4.07;3.1;22.91
32.72;0.39;32.27;2.9;8.66;4.07;19.0
11.55;0.1;10.63;52.92;5.6;4.9;14.3
9.16;0.13;10.87;48.17;5.67;7.55;18.46
10.43;0.06;5.28;56.56;4.13;4.34;19.2
8.67;0.06;6.76;56.57;5.11;4.37;18.45
11.14;0.02;4.28;52.56;4.46;2.43;25.1
9.74;0.04;7.34;52.98;4.49;4.45;20.97
9.96;0.12;11.87;49.1;6.38;6.45;16.12
31.04;0.91;24.41;3.04;16.24;2.73;21.63
8.26;0.07;8.64;58.46;4.2;4.16;16.21
7.71;0.05;10.28;45.78;5.38;5.71;25.09
27.28;0.47;22.98;5.15;16.21;3.22;24.7
3.69;0.01;3.27;76.43;1.66;3.28;11.65
30.4;0.22;26.93;2.93;9.96;3.2;26.37
40.27;0.3;20.73;2.55;12.11;1.87;22.17
39.1;0.63;18.43;1.91;10.78;2.75;26.39
30.9;0.35;22.16;5.36;10.31;3.22;27.69
33.89;0.34;18.98;5.35;10.69;2.33;28.43
36.31;0.22;19.58;4.55;10.4;2.22;26.72
33.64;0.45;22.91;2.08;10.74;4.82;25.36
34.02;0.42;22.97;3.18;14.04;2.45;22.92
31.22;0.27;21.15;4.53;10.12;2.45;30.27
34.57;0.24;18.75;3.7;10.77;1.97;29.99
30.85;0.35;17.11;3.5;10.31;2.6;35.28
33.99;0.39;17.59;3.84;9.48;2.69;32.03
30.54;0.46;17.56;3.78;9.96;2.59;35.1
37.35;0.45;17.35;4.9;9.7;2.64;27.61
32.8;0.29;23.35;3.97;9.12;2.92;27.55
31.2;0.32;24.79;3.93;9.05;2.97;27.75
41.62;0.33;19.44;2.95;9.72;2.46;23.47
39.83;0.13;20.83;2.24;8.08;3.17;25.73
38.23;0.18;21.52;2.37;8.59;3.77;25.34
33.07;0.32;21.91;3.74;10.71;3.66;26.59
34.43;0.38;21.91;3.24;11.21;3.26;25.57
36.28;0.44;21.26;3.1;11.21;2.87;24.84
5.28;0.05;7.08;59.43;3.49;5.45;19.23
32.19;0.47;20.0;3.61;10.28;6.2;27.25
36.36;0.51;21.16;3.89;13.58;3.59;20.91
23.8;0.42;23.79;3.15;10.58;2.96;35.31
6.34;0.04;4.99;68.65;3.01;2.34;14.63
24.29;0.57;25.18;3.4;12.79;2.66;31.12
20.87;0.43;23.52;3.06;12.26;3.08;36.79
31.99;1.08;21.53;4.44;13.23;6.09;21.63
8.09;0.05;6.14;64.4;2.84;4.21;14.27
6.76;0.05;5.49;65.79;2.67;4.29;14.96
5.83;0.06;6.08;65.3;2.86;4.17;15.71
7.32;0.07;9.46;61.1;3.86;4.54;13.66
30.69;0.37;20.58;4.09;14.43;4.18;25.65
47.3;0.35;19.98;2.14;9.24;3.79;17.22
37.4;0.74;15.96;4.97;10.35;3.11;27.47
8.11;0.11;9.72;58.47;4.19;5.08;14.31
6.64;0.05;5.34;66.07;2.65;4.1;15.15
7.69;0.03;7.82;54.59;3.78;5.34;20.76
34.49;0.41;19.14;5.15;11.26;4.48;25.08
28.66;0.25;20.05;5.11;10.09;4.09;31.75
11.01;0.04;7.88;52.49;3.57;4.29;20.71
36.97;0.38;26.48;2.58;15.1;4.97;13.52
28.13;0.35;26.17;5.28;13.5;3.4;23.18
39.56;1.13;18.46;6.85;11.94;3.69;18.37
7.24;0.04;6.87;63.13;2.67;7.22;12.82
5.74;0.07;5.46;60.3;3.6;5.71;19.13
6.11;0.04;5.16;62.58;3.67;4.61;17.84
39.33;0.49;17.68;4.32;11.42;4.95;21.81
10.38;0.22;10.06;56.05;3.62;5.68;13.99
26.34;0.45;18.56;4.4;12.98;3.76;33.51
7.4;0.05;4.66;65.54;3.11;3.02;16.23
22.07;0.12;21.49;3.61;8.98;4.54;39.19
22.43;0.13;19.69;3.75;8.29;4.94;40.77
34.89;0.44;15.93;4.57;11.11;5.52;27.53
29.68;0.11;21.72;4.07;10.34;2.92;31.16
26.66;0.34;20.13;5.25;12.69;3.97;30.95
34.48;0.47;23.48;2.26;10.49;2.69;26.14
31.28;0.31;17.95;4.23;12.69;2.93;30.62
35.43;0.34;17.85;4.63;11.02;3.67;27.04
10.61;0.03;6.26;48.13;3.59;3.66;27.72
39.49;0.45;18.93;4.78;10.2;2.82;23.33
42.27;0.23;20.32;3.33;10.33;2.96;20.56
9.63;0.05;8.46;61.58;3.57;4.88;11.84
27.26;0.47;24.42;3.34;14.16;3.24;27.11
9.8;0.04;10.4;55.05;4.01;5.15;15.55
10.41;0.04;7.54;53.88;3.8;4.98;19.35
36.71;0.51;23.35;4.47;12.07;3.72;19.17
15.26;0.05;7.85;38.2;4.35;3.53;30.76
38.7;0.27;18.34;3.41;9.63;4.06;25.58
42.52;0.31;18.21;4.4;10.05;3.33;21.17
28.12;0.17;27.48;2.45;12.99;4.05;24.73
31.95;0.22;21.64;3.74;11.26;2.93;28.27
41.02;0.41;22.19;4.01;11.81;2.3;18.27
41.68;0.56;19.09;3.72;13.13;2.82;18.99
39.75;0.47;22.87;3.14;11.51;2.79;19.46
7.02;0.03;6.35;48.09;4.33;5.56;28.61
8.32;0.07;9.55;51.29;4.98;5.98;19.8
37.19;0.42;21.06;5.94;10.95;3.32;21.12
32.23;0.12;25.22;2.72;10.3;3.0;26.41
31.64;0.18;23.4;3.14;10.1;3.57;27.97
35.11;0.22;18.96;3.39;10.65;2.69;28.98
35.4;0.19;24.93;2.92;10.54;3.69;22.33
22.28;0.18;21.11;3.34;11.57;4.26;37.26
4.76;0.06;5.93;66.76;3.89;3.12;15.47
41.76;0.33;21.26;3.88;11.03;4.48;17.25
6.02;0.03;6.58;55.15;3.73;5.25;23.23
8.13;0.02;9.44;56.49;4.27;4.13;17.52
8.11;0.05;10.38;56.2;4.75;5.92;14.58
5.71;0.02;5.84;63.45;3.6;4.46;16.91
7.08;0.07;7.24;54.38;4.11;6.69;20.42
6.86;0.03;5.6;60.49;3.5;4.64;18.89
6.36;0.04;7.38;58.79;3.29;4.73;19.41
12.26;0.06;9.94;52.29;4.18;3.09;18.2
9.47;0.09;6.38;67.63;2.63;4.11;9.68
6.85;0.07;7.47;63.29;3.49;4.08;14.74
8.66;0.04;7.36;55.08;4.19;3.78;20.89
7.33;0.07;8.36;55.71;4.22;6.27;18.05
9.35;0.09;10.03;54.79;4.43;7.4;13.91
42.48;0.4;21.94;3.39;9.72;3.51;18.56
34.41;0.26;26.29;3.2;11.59;3.09;21.15
32.6;0.32;25.95;3.68;11.74;4.34;21.36
37.95;0.4;25.99;4.69;9.79;4.68;16.5
33.16;0.16;21.09;3.63;10.54;2.87;28.55
34.3;0.32;19.38;3.77;12.17;3.62;26.44
39.09;0.65;25.71;3.79;10.64;2.84;17.28
29.33;0.35;25.69;4.98;10.77;3.69;25.18
35.33;0.33;21.62;4.55;12.8;4.07;21.31
29.34;0.24;26.9;4.95;13.42;3.08;22.05
5.52;0.04;7.21;56.25;3.49;7.23;20.27
6.86;0.05;6.76;62.56;3.76;5.03;14.98
6.78;0.02;4.97;52.33;4.01;3.76;28.12
6.83;0.06;5.79;59.72;3.01;6.04;18.56
5.02;0.05;3.4;73.36;1.86;4.34;11.97
6.07;0.11;6.39;52.6;4.33;5.95;24.55
5.24;0.03;4.93;70.11;2.56;4.03;13.1
6.85;0.09;6.06;63.46;3.22;4.67;15.64
4.62;0.05;4.03;70.31;2.4;3.53;15.06
5.49;0.06;7.38;62.15;2.65;7.17;15.09
4.46;0.05;4.61;66.43;2.52;4.19;17.73
6.64;0.03;4.33;61.39;3.31;3.04;21.25
6.64;0.03;6.69;56.68;4.17;4.06;21.74
7.11;0.06;6.32;60.58;3.14;4.93;17.86
6.35;0.03;7.15;59.79;3.22;5.17;18.29
6.3;0.05;5.64;66.16;2.53;5.18;14.14
6.39;0.04;4.06;71.05;2.1;3.2;13.16
9.24;0.04;7.63;56.13;3.44;4.11;19.41
3.78;0.03;3.82;65.15;1.78;4.63;20.82
6.12;0.05;5.85;60.46;2.25;5.93;19.33
27.78;0.49;26.02;5.11;14.55;3.25;22.79
9.1;0.03;7.78;50.39;3.22;4.2;25.3
7.43;0.06;6.32;60.54;2.58;4.77;18.31
9.45;0.1;8.05;51.65;3.58;5.65;21.52
6.46;0.03;7.26;61.75;2.43;4.35;17.71
8.6;0.01;5.98;50.22;2.88;3.55;28.76
8.24;0.05;8.9;44.13;4.18;5.57;28.94
9.25;0.06;7.2;50.15;4.47;4.78;24.09
7.34;0.06;6.27;49.44;3.08;3.96;29.85
8.13;0.05;5.86;56.33;2.93;4.81;21.89
7.7;0.08;5.93;54.46;3.41;5.37;23.05
7.3;0.13;10.23;53.59;4.87;5.62;18.25
5.88;0.03;6.54;50.42;3.85;5.26;28.01
30.99;0.19;21.24;2.6;16.18;2.49;26.32
25.22;0.59;26.75;5.93;12.3;3.11;26.11
6.81;0.03;7.41;49.45;3.88;6.07;26.35
24.52;0.32;23.74;4.38;15.05;2.69;29.3
5.05;0.03;4.13;69.75;2.48;3.2;15.36
33.03;0.64;21.83;4.31;17.41;3.02;19.77
31.71;0.35;18.56;4.19;14.8;2.31;28.08
30.63;0.32;19.98;4.5;14.77;2.48;27.33
6.3;0.04;5.93;63.11;3.28;4.75;16.59
8.1;0.17;8.16;52.47;4.19;7.15;19.76
6.51;0.03;6.48;49.43;3.71;5.54;28.29
6.67;0.03;9.51;43.15;4.16;5.71;30.77
21.36;0.37;20.73;4.25;16.43;2.85;34.02
8.25;0.03;7.73;46.32;3.76;5.67;28.24
6.68;0.04;8.44;49.87;4.27;4.88;25.83
10.05;0.04;8.13;46.86;4.45;5.14;25.32
8.08;0.09;7.34;49.6;3.62;5.97;25.32
5.32;0.07;5.85;56.79;2.88;5.93;23.16
6.02;0.03;6.26;48.39;3.51;4.11;31.69
4.16;0.05;4.48;63.76;2.74;4.44;20.36
30.94;0.4;20.42;5.92;14.63;3.38;24.3
27.52;0.19;23.7;3.97;15.52;4.37;24.74
22.36;0.28;20.81;5.51;11.23;5.55;34.27
4.39;0.04;5.56;65.17;1.85;5.88;17.11
8.59;0.14;7.01;57.54;3.74;6.45;16.54
7.64;0.05;6.0;52.73;3.04;5.75;24.79
8.65;0.19;8.94;59.31;4.68;3.47;14.76
5.37;0.02;5.55;55.59;2.4;4.6;26.47
9.26;0.09;7.02;49.61;3.7;6.51;23.82
6.21;0.1;6.65;56.37;3.09;6.68;20.91
33.94;0.23;20.0;2.86;14.74;1.98;26.26
35.69;0.32;18.85;5.63;16.03;2.24;21.24
29.09;0.42;29.1;3.99;14.28;2.42;20.69
9.72;0.08;5.63;61.02;2.96;4.59;16.0
8.85;0.08;7.5;52.48;4.32;5.68;21.08
7.14;0.08;6.57;58.9;3.64;6.19;17.48
6.81;0.04;7.27;64.35;3.38;4.58;13.57
6.62;0.04;4.74;71.71;2.49;2.64;11.76
29.84;0.33;17.73;6.32;15.46;4.09;26.23
14.82;0.06;7.01;42.86;5.67;5.37;24.2
7.05;0.07;6.08;67.67;2.31;5.47;11.36
27.98;0.52;17.0;6.58;14.91;5.5;27.51
27.39;0.34;21.46;5.34;11.59;3.26;30.63
22.35;0.3;21.45;4.01;13.86;5.05;32.97
29.49;0.33;24.12;5.37;10.76;2.91;27.02
7.8;0.05;7.65;50.73;4.0;6.71;23.05
6.29;0.04;6.21;62.05;2.88;5.0;17.53
35.18;0.28;27.96;3.8;10.18;2.83;19.76
30.19;0.37;22.67;4.87;11.72;4.75;25.44
24.57;0.22;25.86;4.53;9.19;3.34;32.28
30.58;0.82;18.3;7.86;14.54;3.44;24.46
26.25;0.31;22.11;3.67;11.49;3.08;33.11
19.5;0.28;22.51;4.53;10.55;3.83;38.8
23.11;0.39;15.22;5.33;11.44;6.42;38.09
25.08;0.39;23.17;5.06;13.62;2.88;29.8
33.41;0.45;19.85;4.08;9.44;3.21;29.56
28.31;0.33;20.28;3.78;9.88;3.6;33.82
38.98;0.46;15.5;4.64;12.15;2.71;25.57
36.27;0.69;19.61;4.59;11.96;2.8;24.06
33.8;0.65;22.94;7.17;11.83;3.53;20.09
6.62;0.05;6.37;64.08;2.37;4.97;15.55
21.03;0.44;23.84;5.25;12.34;4.7;32.4
26.72;0.44;15.72;4.39;13.57;7.35;31.81
33.64;0.54;19.02;5.65;10.82;2.41;27.93
6.05;0.04;4.04;72.28;2.04;3.0;12.55
27.94;0.27;26.47;3.82;11.74;3.28;26.49
25.27;0.23;19.41;7.45;13.51;3.25;30.88
32.56;0.45;24.48;3.67;10.63;3.13;25.07
28.23;0.2;23.07;4.77;9.88;3.55;30.3
31.17;0.61;16.76;9.18;14.55;4.15;23.58
5.42;0.07;5.88;57.6;2.76;7.16;21.11
5.26;0.04;7.0;59.07;2.69;6.51;19.43
21.17;0.2;22.35;6.13;12.0;5.73;32.42
30.6;0.41;23.77;2.48;12.02;4.67;26.05
26.04;0.24;27.4;3.72;13.12;3.52;25.95
29.61;0.37;26.24;4.53;10.98;2.89;25.4
33.51;0.46;24.76;5.48;9.88;3.11;22.8
25.85;0.38;19.64;7.11;15.15;5.02;26.86
33.05;0.3;19.72;2.87;11.69;3.86;28.51
26.31;0.36;24.37;4.99;11.96;3.96;28.05
29.83;0.72;18.34;5.92;12.0;4.59;28.6
35.41;0.39;20.95;4.96;11.16;2.95;24.18
32.19;0.29;15.65;6.0;16.27;6.29;23.31
39.2;0.41;23.04;4.43;9.55;3.26;20.11
32.56;0.57;21.0;5.7;13.0;4.74;22.43
30.08;0.54;19.35;6.13;13.07;5.17;25.66
31.71;0.59;16.9;6.81;12.18;5.23;26.58
31.6;0.25;20.68;4.66;11.75;2.68;28.38
38.44;0.35;21.27;5.98;11.21;2.37;20.4
22.82;0.38;26.15;6.21;9.26;3.41;31.77
28.65;0.23;17.68;6.64;11.36;4.6;30.83
32.18;0.57;16.05;5.44;12.7;5.96;27.1
26.79;0.47;20.04;8.43;9.49;3.97;30.82
26.25;0.31;27.48;5.19;12.42;3.28;25.07
12.45;0.09;9.29;39.22;4.94;6.7;27.31
8.52;0.06;6.41;47.87;4.37;6.17;26.6
29.8;0.81;19.24;4.17;13.95;3.26;28.76
6.81;0.07;6.79;57.79;2.82;6.64;19.07
34.29;0.27;20.59;2.74;12.35;3.08;26.68
31.06;0.6;22.6;4.62;11.86;3.54;25.72
33.92;0.31;17.2;3.45;10.3;3.95;30.88
34.91;0.57;20.42;5.0;10.4;3.72;24.97
28.76;0.52;22.0;5.9;9.94;4.7;28.18
37.98;0.4;22.89;3.4;10.15;2.5;22.7
35.86;0.32;23.91;4.66;9.54;2.71;23.0
33.18;0.29;22.16;4.68;11.68;2.91;25.1
23.17;0.51;19.85;6.44;14.59;5.8;29.64
29.5;0.2;26.22;3.07;10.01;2.71;28.29
36.07;0.37;17.6;2.43;11.55;2.22;29.76
29.49;0.13;21.74;3.73;9.89;2.14;32.87
14.4;0.09;12.69;44.13;5.27;5.94;17.48
34.09;0.32;23.98;3.7;10.45;2.3;25.14
39.11;0.3;21.13;4.14;9.43;3.04;22.85
9.6;0.13;7.99;52.97;4.13;7.51;17.68
8.93;0.1;7.16;51.13;4.73;6.87;21.07
24.6;0.26;22.6;3.94;16.72;4.04;27.85
25.57;0.12;25.91;2.63;11.47;3.74;30.56
26.02;0.22;21.51;5.66;9.97;5.33;31.29
24.69;0.22;22.6;3.3;11.27;3.61;34.31
17.69;0.14;19.61;5.14;13.07;3.42;40.93
33.8;0.27;18.41;3.07;10.76;3.91;29.78
26.91;0.33;23.84;2.83;13.21;3.44;29.43
26.67;0.27;19.02;3.43;16.11;3.64;30.86
23.62;0.3;22.67;5.17;11.54;3.43;33.27
26.08;0.22;24.14;3.8;9.76;3.24;32.75
24.05;0.21;22.77;4.65;8.2;4.24;35.88
25.89;0.1;23.79;3.96;11.95;3.77;30.53
29.34;0.32;18.35;4.6;13.84;4.69;28.85
