angry;disgust;scared;happy;sad;surprised;neutral
1.45;0.01;4.57;0.61;64.65;0.01;28.69
1.45;0.01;4.57;0.61;64.65;0.01;28.69
2.25;0.02;3.81;1.51;53.49;0.02;38.91
2.13;0.02;3.07;1.17;56.4;0.01;37.21
1.94;0.01;3.61;0.94;57.67;0.01;35.84
1.94;0.01;5.56;0.54;63.67;0.01;28.28
1.9;0.01;4.44;0.77;59.13;0.01;33.74
1.77;0.01;7.47;0.65;62.72;0.02;27.35
4.18;0.01;7.96;0.87;55.11;0.02;31.86
2.49;0.01;7.53;0.91;59.46;0.01;29.59
1.88;0.01;8.58;0.69;58.72;0.01;30.1
1.86;0.01;5.14;0.73;58.94;0.01;33.31
2.72;0.01;4.82;0.56;56.0;0.01;35.89
2.39;0.01;3.79;0.62;54.36;0.01;38.83
2.05;0.01;4.16;0.57;57.4;0.01;35.8
2.38;0.01;5.45;0.71;61.59;0.01;29.86
1.87;0.01;4.88;0.56;59.67;0.01;33.0
2.21;0.01;5.16;0.4;67.91;0.01;24.3
1.92;0.01;4.75;0.39;61.76;0.01;31.15
2.86;0.01;5.52;0.86;62.52;0.02;28.21
2.23;0.01;5.57;0.44;66.24;0.01;25.51
1.95;0.02;4.47;0.8;57.14;0.01;35.61
4.03;0.06;10.5;10.53;49.13;0.09;25.66
5.4;0.17;11.8;2.75;59.56;0.12;20.2
4.74;0.08;12.16;6.11;59.4;0.1;17.4
3.13;0.03;9.42;4.35;65.6;0.06;17.41
3.39;0.05;5.62;2.42;53.98;0.03;34.5
3.5;0.04;6.4;1.65;55.57;0.03;32.82
2.23;0.01;4.81;1.53;56.23;0.01;35.18
1.85;0.01;4.55;0.89;55.09;0.01;37.61
2.02;0.01;3.61;0.98;54.69;0.01;38.68
2.45;0.01;6.03;0.73;63.23;0.0;27.55
1.9;0.01;5.31;0.43;59.15;0.01;33.2
1.76;0.01;4.17;0.53;50.99;0.01;42.54
1.81;0.01;4.76;0.53;53.04;0.01;39.84
2.61;0.01;4.1;0.4;59.14;0.01;33.73
2.55;0.01;4.22;0.33;62.42;0.01;30.47
2.04;0.01;3.85;0.84;54.07;0.01;39.18
2.73;0.01;3.7;1.1;54.74;0.01;37.69
1.95;0.0;8.67;0.26;68.6;0.01;20.5
4.59;0.03;5.53;0.33;57.27;0.0;32.25
2.86;0.01;10.87;0.29;60.58;0.01;25.39
3.44;0.01;6.2;0.26;64.13;0.0;25.95
3.53;0.03;7.25;0.67;61.5;0.01;27.01
2.54;0.01;4.55;0.84;51.88;0.01;40.17
3.29;0.01;5.19;0.75;56.99;0.01;33.77
2.34;0.02;3.76;0.99;49.29;0.01;43.6
2.11;0.02;3.26;0.59;43.89;0.0;50.12
2.13;0.02;4.51;1.79;52.44;0.01;39.12
1.69;0.11;3.9;6.32;64.05;0.02;23.91
1.45;0.09;6.24;2.63;73.38;0.03;16.17
1.38;0.06;4.49;4.03;71.29;0.02;18.74
1.67;0.08;3.45;3.65;68.53;0.02;22.59
1.33;0.04;2.01;2.4;54.59;0.01;39.63
1.39;0.07;2.74;2.99;54.08;0.01;38.72
1.08;0.03;2.56;1.8;59.5;0.01;35.03
1.49;0.02;3.49;1.37;54.49;0.01;39.13
2.07;0.02;3.14;1.85;52.79;0.01;40.12
1.32;0.02;3.87;1.21;57.91;0.0;35.68
1.09;0.02;3.52;1.39;62.39;0.0;31.58
1.1;0.02;4.25;0.92;60.63;0.0;33.07
1.06;0.03;4.45;1.09;63.1;0.0;30.27
0.87;0.03;4.0;1.06;63.62;0.0;30.41
1.09;0.03;4.16;1.11;62.75;0.0;30.85
1.22;0.02;5.55;1.14;64.65;0.0;27.42
0.88;0.02;5.8;1.27;75.18;0.0;16.85
0.95;0.02;7.02;1.56;67.41;0.0;23.04
1.15;0.04;9.01;1.49;67.88;0.01;20.42
1.31;0.02;6.15;0.74;77.44;0.0;14.32
1.18;0.01;7.66;1.2;74.59;0.01;15.36
1.07;0.01;5.58;1.26;74.11;0.0;17.96
1.67;0.01;6.01;0.73;71.33;0.0;20.24
1.66;0.01;5.98;1.2;73.27;0.01;17.87
1.32;0.06;2.09;8.29;57.25;0.02;30.97
1.61;0.05;3.85;8.33;65.11;0.01;21.04
1.47;0.06;2.57;8.72;60.49;0.02;26.67
1.21;0.04;1.74;6.64;51.37;0.01;39.0
1.5;0.03;3.56;2.66;62.57;0.01;29.68
1.43;0.01;2.32;1.93;59.19;0.01;35.11
1.51;0.02;3.73;2.56;66.03;0.01;26.13
1.34;0.01;5.16;0.45;77.51;0.01;15.53
1.97;0.02;4.16;0.51;74.84;0.01;18.5
1.24;0.01;3.96;0.43;70.65;0.01;23.69
1.31;0.01;2.65;0.71;74.38;0.01;20.94
1.54;0.02;2.05;0.64;67.57;0.01;28.17
2.54;0.03;2.12;0.94;60.62;0.01;33.75
1.98;0.01;3.65;0.49;66.71;0.01;27.15
1.7;0.01;3.46;0.51;73.98;0.01;20.34
1.19;0.0;3.04;0.63;75.89;0.0;19.25
1.45;0.01;2.83;0.58;72.18;0.0;22.94
1.64;0.01;4.63;0.49;72.98;0.01;20.24
1.51;0.01;3.73;0.51;72.46;0.0;21.78
1.42;0.01;5.07;0.35;72.43;0.01;20.71
4.9;0.01;12.12;5.23;5.46;28.28;43.99
5.54;0.01;11.86;6.31;6.19;26.73;43.36
1.76;0.02;9.36;0.11;82.92;0.01;5.82
1.33;0.02;9.73;0.19;84.09;0.02;4.62
8.94;0.03;2.03;74.8;5.27;2.82;6.11
3.94;0.01;1.28;85.0;2.9;2.78;4.09
12.87;0.06;42.44;8.4;16.32;2.49;17.42
5.15;0.02;3.96;76.29;4.56;2.41;7.59
4.46;0.02;3.22;77.67;4.32;1.73;8.58
4.28;0.02;4.07;77.93;4.56;1.91;7.23
4.28;0.02;3.77;73.14;7.25;2.24;9.3
11.69;0.16;33.53;8.22;24.72;1.38;20.31
3.88;0.03;3.19;80.19;2.96;2.99;6.74
3.86;0.02;7.21;66.61;9.55;2.16;10.57
6.68;0.09;6.73;57.27;7.05;5.62;16.57
5.3;0.05;4.28;71.32;7.01;3.05;8.99
8.15;0.02;3.51;60.99;7.22;3.81;16.29
5.15;0.03;3.02;75.0;3.43;3.89;9.48
6.05;0.01;2.98;71.69;6.3;2.97;9.99
6.72;0.02;10.52;0.38;50.61;0.03;31.72
4.81;0.03;10.39;0.4;49.41;0.03;34.93
4.8;0.02;6.52;0.22;66.75;0.01;21.68
5.85;0.05;9.62;0.2;61.89;0.01;22.4
2.72;0.01;7.62;0.21;62.15;0.01;27.28
2.47;0.03;8.47;0.43;55.42;0.02;33.15
3.31;0.02;4.81;0.26;54.32;0.01;37.28
5.07;0.07;12.58;0.43;59.51;0.03;22.31
3.92;0.04;10.65;0.73;60.4;0.02;24.24
6.8;0.05;5.77;0.33;56.94;0.01;30.09
4.2;0.02;5.79;0.58;56.94;0.01;32.44
2.66;0.01;6.2;0.53;60.09;0.01;30.5
2.63;0.02;3.97;0.88;59.33;0.0;33.17
3.23;0.02;4.93;0.54;64.94;0.01;26.33
3.98;0.02;5.11;0.66;65.27;0.01;24.94
3.09;0.01;5.77;0.96;63.94;0.01;26.22
4.48;0.03;6.03;0.65;67.8;0.01;21.0
9.31;0.03;7.29;2.63;42.93;0.03;37.79
4.67;0.01;7.51;2.28;59.6;0.03;25.89
3.97;0.0;5.05;3.48;61.56;0.02;25.92
4.9;0.01;4.25;3.45;61.59;0.01;25.79
4.88;0.01;3.25;4.18;55.44;0.01;32.23
3.37;0.0;3.41;2.03;51.53;0.0;39.65
3.54;0.0;3.63;3.09;60.46;0.01;29.27
4.1;0.02;5.39;1.96;51.16;0.02;37.36
2.36;0.04;3.45;1.43;59.4;0.0;33.32
2.71;0.04;3.96;1.84;65.87;0.01;25.57
2.39;0.03;5.39;1.59;71.99;0.01;18.6
2.27;0.01;6.33;1.39;67.17;0.01;22.81
2.41;0.02;7.45;2.54;66.24;0.01;21.33
1.92;0.04;6.21;1.85;65.25;0.01;24.73
1.57;0.01;5.78;2.04;69.81;0.01;20.78
1.85;0.01;6.74;2.44;65.67;0.01;23.28
1.39;0.01;5.31;1.97;75.78;0.01;15.52
0.97;0.0;5.82;1.46;76.42;0.01;15.31
1.04;0.02;3.89;12.82;52.82;0.02;29.39
0.75;0.02;3.72;11.17;64.74;0.02;19.57
0.71;0.02;2.71;14.43;52.15;0.02;29.96
0.99;0.01;4.55;4.78;65.02;0.01;24.63
1.23;0.0;6.08;2.76;63.41;0.01;26.5
1.56;0.0;6.01;1.01;75.22;0.0;16.2
1.47;0.0;5.88;1.06;71.72;0.0;19.88
1.74;0.0;6.36;1.11;67.95;0.01;22.84
1.81;0.0;5.3;2.03;68.63;0.01;22.22
1.66;0.0;4.61;1.37;69.61;0.01;22.75
2.07;0.0;6.72;1.38;69.74;0.01;20.08
1.6;0.01;4.63;2.27;71.94;0.01;19.56
2.07;0.01;6.37;2.82;70.09;0.01;18.63
1.68;0.0;6.84;2.17;67.58;0.01;21.72
1.62;0.0;9.23;3.42;67.47;0.01;18.25
1.78;0.01;7.21;7.09;59.6;0.01;24.3
2.05;0.01;11.73;4.04;67.61;0.02;14.54
1.98;0.01;4.84;6.19;58.59;0.01;28.38
1.83;0.0;5.15;5.28;64.27;0.01;23.46
2.38;0.01;6.58;6.28;61.62;0.01;23.11
2.64;0.01;5.64;10.18;62.22;0.03;19.28
0.56;0.02;2.01;31.69;49.31;0.02;16.4
0.51;0.02;1.79;26.52;55.2;0.01;15.95
0.58;0.01;1.84;48.4;33.68;0.02;15.45
0.56;0.01;1.32;39.84;33.0;0.02;25.24
1.41;0.01;3.27;22.67;42.08;0.01;30.54
1.51;0.01;4.68;15.98;58.18;0.01;19.64
1.95;0.01;5.32;10.8;64.9;0.02;17.0
1.4;0.01;4.35;7.35;71.32;0.01;15.55
1.46;0.01;4.24;4.7;73.75;0.01;15.83
0.94;0.0;3.9;4.02;71.83;0.01;19.3
1.35;0.01;6.45;5.19;68.67;0.03;18.3
0.99;0.0;4.9;3.41;75.9;0.01;14.79
1.82;0.0;5.38;5.37;68.53;0.01;18.89
1.83;0.01;5.89;3.18;73.45;0.01;15.63
1.66;0.01;5.19;7.27;63.72;0.03;22.13
1.51;0.0;6.84;2.6;70.42;0.01;18.61
1.62;0.01;5.02;2.98;67.18;0.01;23.18
1.71;0.01;7.95;3.54;68.02;0.01;18.75
2.13;0.01;5.85;2.51;71.35;0.01;18.14
1.68;0.01;5.63;3.01;70.68;0.01;18.99
1.71;0.01;5.92;1.75;74.27;0.01;16.33
1.56;0.01;6.72;2.12;72.12;0.01;17.46
2.06;0.01;4.77;1.51;77.01;0.01;14.63
2.38;0.01;4.94;1.54;75.37;0.01;15.75
1.51;0.0;8.88;2.36;71.71;0.01;15.52
2.78;0.01;7.75;1.96;68.06;0.02;19.42
2.03;0.01;7.84;1.7;72.35;0.01;16.06
1.77;0.01;6.48;1.32;74.39;0.01;16.02
1.59;0.02;5.78;1.99;66.95;0.01;23.67
0.79;0.01;6.03;1.79;70.16;0.0;21.23
0.91;0.01;5.46;1.96;66.9;0.01;24.75
1.03;0.01;5.59;2.67;67.82;0.01;22.87
1.64;0.02;4.42;2.43;65.41;0.01;26.08
2.6;0.03;4.56;1.98;71.72;0.01;19.1
2.54;0.02;3.81;2.48;73.44;0.01;17.7
1.87;0.03;3.3;2.23;80.48;0.01;12.09
2.41;0.05;3.05;2.78;78.26;0.01;13.43
2.16;0.02;3.32;2.78;81.06;0.02;10.64
1.81;0.01;2.73;4.46;78.55;0.01;12.42
1.47;0.01;2.8;6.04;81.46;0.02;8.21
1.28;0.01;2.57;8.1;77.69;0.02;10.34
1.62;0.01;2.56;4.52;78.43;0.02;12.84
1.54;0.02;3.13;7.12;77.51;0.02;10.65
2.0;0.02;3.25;7.04;75.78;0.02;11.89
2.55;0.02;3.8;7.59;74.96;0.03;11.05
2.34;0.01;3.75;6.88;76.6;0.02;10.4
2.44;0.01;3.06;11.32;68.14;0.02;15.01
2.05;0.01;3.63;10.49;69.36;0.02;14.44
2.2;0.03;1.78;22.8;57.08;0.02;16.09
0.9;0.04;2.1;29.42;57.02;0.03;10.49
0.64;0.01;1.85;41.42;43.03;0.05;13.0
0.94;0.02;1.95;27.64;60.33;0.02;9.1
1.04;0.01;2.46;27.08;55.28;0.03;14.1
1.66;0.01;2.65;8.59;65.38;0.01;21.7
1.68;0.01;3.16;4.48;75.14;0.01;15.51
1.61;0.01;3.02;2.16;83.94;0.01;9.26
1.64;0.01;2.63;1.94;81.77;0.01;12.0
1.81;0.01;3.03;1.41;82.04;0.01;11.7
1.86;0.01;3.12;1.55;83.35;0.01;10.11
1.97;0.0;2.93;1.54;82.44;0.01;11.1
1.68;0.0;4.74;1.69;84.15;0.01;7.73
1.79;0.01;5.52;1.84;82.57;0.01;8.27
1.14;0.0;2.48;1.61;81.1;0.0;13.66
1.39;0.01;4.46;2.06;78.85;0.01;13.23
1.54;0.0;4.81;2.1;78.6;0.02;12.93
1.66;0.0;3.07;1.35;81.17;0.01;12.73
1.93;0.01;3.77;1.62;80.62;0.01;12.05
2.13;0.01;3.6;1.97;80.67;0.01;11.62
2.03;0.01;3.97;1.73;80.45;0.01;11.79
1.84;0.01;6.7;1.88;79.13;0.02;10.42
1.95;0.01;3.65;1.04;82.13;0.01;11.21
1.97;0.01;5.41;0.98;78.94;0.01;12.68
1.56;0.01;7.32;1.53;77.9;0.02;11.66
2.32;0.02;4.65;0.62;84.32;0.01;8.07
2.32;0.01;4.78;0.92;81.51;0.01;10.45
1.76;0.01;5.72;0.93;80.43;0.01;11.15
2.54;0.01;7.81;1.57;77.15;0.02;10.9
2.17;0.01;3.77;0.51;83.65;0.0;9.9
2.52;0.01;4.4;0.49;82.48;0.0;10.09
2.36;0.01;3.61;0.43;85.22;0.0;8.37
2.03;0.01;4.82;0.93;80.01;0.01;12.19
2.44;0.01;5.72;0.92;78.66;0.01;12.24
1.81;0.01;5.21;1.58;79.77;0.01;11.61
2.7;0.02;4.62;1.01;77.28;0.0;14.36
1.07;0.04;2.73;7.19;73.8;0.01;15.17
0.69;0.01;3.74;16.42;54.92;0.04;24.17
0.95;0.01;3.82;20.09;57.81;0.03;17.3
1.09;0.01;4.15;7.24;71.83;0.02;15.65
1.32;0.01;2.61;5.22;72.23;0.01;18.6
2.04;0.0;3.55;2.03;76.22;0.01;16.15
2.32;0.0;4.78;1.63;72.04;0.01;19.22
2.79;0.0;4.46;0.84;70.67;0.01;21.23
2.62;0.0;4.5;1.12;71.96;0.01;19.79
1.36;0.0;6.53;0.8;77.04;0.01;14.27
2.25;0.0;5.39;1.0;78.02;0.01;13.33
1.71;0.0;5.96;0.65;82.66;0.01;9.02
1.44;0.0;5.47;0.49;84.35;0.0;8.24
1.5;0.0;6.03;0.4;85.35;0.0;6.7
2.06;0.0;7.23;0.49;80.63;0.01;9.58
2.13;0.0;7.02;0.52;75.63;0.01;14.69
1.81;0.0;6.48;1.04;76.76;0.02;13.89
1.69;0.0;6.6;0.4;75.63;0.01;15.66
1.91;0.0;5.76;0.51;73.38;0.01;18.42
1.48;0.0;4.91;0.4;82.77;0.0;10.43
2.09;0.0;6.98;0.41;74.76;0.01;15.75
2.08;0.0;6.14;0.45;74.1;0.01;17.21
2.16;0.0;6.99;0.56;78.15;0.01;12.13
1.76;0.0;5.79;0.51;75.15;0.01;16.77
2.21;0.01;6.88;0.99;64.68;0.01;25.21
1.92;0.01;6.77;0.93;70.53;0.02;19.83
2.42;0.0;6.56;1.56;64.37;0.01;25.07
2.9;0.0;7.27;1.96;63.44;0.01;24.41
1.92;0.0;6.86;1.4;66.37;0.01;23.43
2.51;0.0;7.36;1.56;61.44;0.01;27.12
1.82;0.01;7.0;0.85;69.64;0.01;20.67
1.71;0.0;6.89;0.8;69.83;0.01;20.75
1.8;0.0;7.36;0.68;68.43;0.02;21.7
2.25;0.0;7.71;1.38;67.72;0.02;20.92
2.45;0.01;5.96;1.03;70.4;0.01;20.14
2.61;0.01;6.24;0.86;73.17;0.01;17.1
2.68;0.01;6.15;1.02;71.78;0.01;18.35
2.75;0.01;6.83;1.55;71.35;0.01;17.49
2.84;0.01;6.16;1.24;60.94;0.02;28.79
2.94;0.01;6.24;1.19;66.19;0.03;23.41
2.62;0.0;5.8;1.27;66.38;0.01;23.91
2.41;0.01;6.61;0.92;68.73;0.03;21.3
2.5;0.0;6.08;1.72;66.62;0.02;23.06
3.62;0.01;5.53;2.15;61.51;0.01;27.17
2.62;0.0;5.79;1.61;64.63;0.01;25.34
2.66;0.01;6.15;1.36;64.96;0.01;24.85
3.44;0.01;6.33;1.58;60.74;0.01;27.89
2.87;0.01;5.26;1.99;59.67;0.01;30.2
3.38;0.01;5.6;0.76;65.1;0.01;25.14
3.95;0.01;6.02;0.78;69.93;0.01;19.31
2.54;0.0;7.75;0.42;71.92;0.01;17.36
2.62;0.01;7.5;0.51;76.75;0.02;12.6
2.86;0.0;8.4;0.47;72.88;0.01;15.38
2.31;0.0;6.51;0.65;68.22;0.02;22.3
3.7;0.01;6.74;1.08;65.14;0.02;23.31
2.91;0.0;6.53;0.92;65.71;0.02;23.91
2.17;0.0;6.5;0.82;68.04;0.02;22.45
2.98;0.0;8.06;0.87;68.01;0.02;20.05
2.81;0.0;6.73;0.7;65.67;0.02;24.07
2.82;0.0;7.24;0.62;67.71;0.02;21.58
2.44;0.0;7.55;0.65;68.26;0.02;21.07
2.52;0.0;7.29;0.51;70.64;0.01;19.03
2.16;0.0;6.34;0.5;74.85;0.01;16.13
2.33;0.0;7.31;0.51;74.61;0.01;15.22
2.67;0.0;7.68;0.42;75.01;0.01;14.21
3.6;0.01;7.83;0.47;72.04;0.01;16.04
3.0;0.01;6.05;0.59;74.64;0.01;15.7
2.8;0.0;5.76;0.57;73.15;0.0;17.71
3.89;0.01;6.27;0.44;70.8;0.01;18.59
2.73;0.01;4.03;0.39;74.04;0.0;18.81
3.04;0.0;8.07;0.55;75.43;0.01;12.9
3.42;0.0;8.86;0.5;74.57;0.01;12.64
3.23;0.0;6.35;0.49;74.79;0.01;15.13
3.67;0.0;7.98;0.48;71.4;0.01;16.46
4.53;0.01;7.65;0.94;60.98;0.02;25.88
2.66;0.0;6.94;0.51;70.03;0.01;19.84
3.31;0.0;7.36;0.53;72.89;0.01;15.89
3.89;0.0;6.41;0.57;74.57;0.01;14.54
4.35;0.0;6.95;0.56;66.18;0.02;21.94
3.47;0.01;5.83;0.49;68.29;0.01;21.91
3.85;0.01;8.26;0.39;70.65;0.02;16.82
2.62;0.01;7.65;0.39;74.9;0.01;14.42
2.69;0.01;7.7;0.4;74.03;0.01;15.16
2.73;0.0;6.78;0.45;70.54;0.01;19.49
2.66;0.0;6.88;0.43;71.29;0.01;18.72
2.76;0.0;8.29;0.57;72.96;0.01;15.41
4.44;0.0;7.22;0.54;64.1;0.02;23.68
3.09;0.01;8.12;0.46;78.07;0.01;10.25
2.94;0.0;8.12;0.63;77.18;0.01;11.12
3.38;0.01;4.31;0.41;71.71;0.0;20.18
3.57;0.01;4.41;0.32;71.23;0.01;20.47
2.84;0.0;4.55;0.36;74.85;0.01;17.4
3.98;0.01;4.13;0.32;74.64;0.01;16.91
2.97;0.01;5.72;0.39;78.4;0.01;12.51
2.97;0.01;5.72;0.39;78.4;0.01;12.51
4.14;0.0;5.9;0.33;74.87;0.01;14.75
2.89;0.0;4.67;0.32;73.06;0.01;19.05
3.21;0.01;6.36;0.37;71.44;0.01;18.61
3.74;0.01;5.61;0.75;72.74;0.01;17.14
3.45;0.01;7.14;0.32;71.9;0.01;17.18
2.51;0.01;7.46;0.25;74.36;0.01;15.41
1.27;0.0;10.32;0.19;75.33;0.01;12.88
2.09;0.01;6.75;0.21;75.94;0.01;15.0
2.48;0.01;8.11;0.18;72.32;0.01;16.9
1.91;0.0;7.31;0.11;72.42;0.01;18.23
1.82;0.01;8.78;0.11;75.63;0.01;13.64
1.66;0.0;9.03;0.12;77.42;0.01;11.76
2.37;0.01;13.76;0.14;76.23;0.01;7.47
1.93;0.02;12.91;0.11;76.01;0.01;9.01
2.09;0.04;12.17;0.09;78.69;0.01;6.91
2.14;0.04;9.61;0.14;78.31;0.02;9.75
3.15;0.15;13.31;0.08;77.21;0.02;6.08
2.62;0.08;12.4;0.47;74.46;0.03;9.92
3.3;0.13;13.34;0.42;71.97;0.05;10.79
2.56;0.06;13.87;0.24;76.34;0.04;6.88
1.94;0.01;2.08;87.26;2.46;1.15;5.11
4.36;0.02;2.73;77.6;3.94;1.64;9.7
5.65;0.01;2.4;76.8;4.63;1.24;9.26
3.24;0.01;2.22;81.07;3.68;0.72;9.07
5.83;0.29;15.15;0.52;69.55;0.08;8.57
1.66;0.0;1.32;84.37;2.15;1.0;9.49
7.29;0.01;4.62;1.31;76.1;0.02;10.65
2.68;0.05;7.45;1.65;72.99;0.01;15.16
3.02;0.03;10.01;0.91;73.97;0.02;12.05
3.02;0.08;8.44;1.15;69.95;0.03;17.33
1.73;0.04;4.44;1.13;73.23;0.0;19.43
2.03;0.04;7.1;0.71;71.35;0.01;18.76
2.02;0.02;7.5;0.51;73.48;0.01;16.46
1.97;0.02;4.67;0.72;60.9;0.01;31.72
1.78;0.04;1.92;3.87;52.05;0.02;40.32
2.54;0.02;3.64;4.23;62.67;0.03;26.88
2.19;0.01;3.99;4.75;60.39;0.02;28.63
1.55;0.01;2.7;4.53;62.11;0.01;29.09
1.43;0.01;2.78;3.9;65.88;0.01;25.99
1.65;0.01;3.07;4.26;52.68;0.0;38.33
2.99;0.01;4.84;1.37;57.14;0.0;33.66
2.5;0.0;3.48;0.9;52.13;0.0;40.98
3.54;0.0;4.02;1.14;47.68;0.0;43.61
2.14;0.0;3.61;2.07;48.48;0.0;43.7
3.0;0.0;3.9;0.92;46.33;0.01;45.84
3.38;0.0;3.75;1.38;54.59;0.01;36.89
4.2;0.0;7.09;1.35;43.15;0.01;44.2
3.54;0.0;5.3;2.06;52.57;0.02;36.51
3.79;0.01;6.44;1.41;58.6;0.01;29.73
5.5;0.0;7.77;0.69;61.09;0.02;24.92
3.77;0.0;7.54;1.33;62.36;0.01;24.98
3.22;0.02;6.2;1.08;58.67;0.0;30.8
4.58;0.01;9.23;1.25;56.48;0.02;28.43
2.6;0.01;9.53;1.49;55.35;0.01;31.0
3.06;0.01;4.64;0.75;65.63;0.01;25.9
4.86;0.01;4.84;0.48;65.63;0.01;24.18
2.96;0.01;9.72;1.01;65.28;0.02;21.01
2.62;0.01;9.79;1.05;66.9;0.01;19.61
2.94;0.01;8.98;1.57;63.06;0.03;23.41
3.55;0.01;5.54;0.6;72.18;0.01;18.1
3.1;0.0;7.75;1.07;67.46;0.03;20.59
3.27;0.0;5.96;1.18;64.01;0.01;25.56
3.93;0.01;6.75;0.84;66.39;0.01;22.07
5.67;0.01;7.91;0.61;70.55;0.01;15.23
3.35;0.01;6.65;0.47;74.64;0.01;14.87
3.78;0.0;6.86;0.57;72.06;0.01;16.72
2.38;0.0;6.37;0.29;74.22;0.02;16.73
2.78;0.0;4.07;0.42;73.05;0.01;19.67
3.35;0.0;6.59;0.67;67.34;0.01;22.03
2.85;0.0;4.69;0.23;74.8;0.0;17.42
2.77;0.01;4.01;0.31;75.99;0.01;16.91
3.05;0.0;4.25;0.34;76.11;0.01;16.24
2.92;0.01;4.14;0.36;76.76;0.01;15.81
2.62;0.0;3.93;0.42;76.34;0.01;16.68
2.78;0.0;4.26;0.37;75.95;0.01;16.63
2.63;0.0;4.28;0.4;76.37;0.01;16.31
2.75;0.0;4.13;0.39;71.01;0.01;21.7
2.57;0.01;4.41;0.47;75.88;0.01;16.66
3.38;0.0;4.93;0.4;75.57;0.0;15.72
2.53;0.0;4.3;0.29;76.93;0.01;15.94
2.42;0.01;4.06;0.49;71.55;0.01;21.47
2.79;0.01;3.69;0.54;68.87;0.01;24.09
3.33;0.01;4.11;0.62;70.41;0.01;21.51
2.85;0.0;4.88;0.44;73.44;0.01;18.39
4.04;0.0;4.74;0.58;70.95;0.01;19.68
2.46;0.01;4.14;0.4;70.48;0.01;22.51
3.44;0.01;4.8;0.53;71.05;0.0;20.18
2.5;0.01;4.84;0.65;67.55;0.01;24.44
2.87;0.01;3.57;0.52;66.27;0.0;26.76
1.83;0.0;6.64;0.51;74.09;0.01;16.91
4.25;0.01;5.12;0.56;72.18;0.01;17.88
3.29;0.01;5.13;0.68;70.72;0.01;20.16
2.55;0.0;6.45;0.9;63.65;0.01;26.43
3.32;0.01;4.5;0.5;71.87;0.01;19.8
2.03;0.01;4.73;0.28;76.16;0.0;16.79
2.59;0.01;4.85;0.27;78.35;0.01;13.93
2.18;0.0;4.55;0.37;77.42;0.01;15.47
2.83;0.0;5.32;0.43;73.04;0.01;18.38
2.97;0.0;5.78;0.49;74.08;0.01;16.66
3.53;0.01;5.01;0.6;68.42;0.01;22.43
3.34;0.01;5.37;0.66;75.8;0.01;14.81
3.09;0.0;6.18;0.44;77.36;0.01;12.92
3.82;0.01;5.14;0.43;72.91;0.01;17.69
3.04;0.01;5.37;0.96;65.86;0.01;24.75
2.87;0.01;3.99;0.51;71.69;0.01;20.92
3.63;0.01;4.72;0.22;71.67;0.01;19.76
4.58;0.01;5.73;1.07;68.62;0.01;19.98
2.23;0.02;4.58;4.11;72.26;0.04;16.77
2.0;0.03;4.04;4.26;73.33;0.03;16.32
1.59;0.01;3.74;4.51;70.14;0.02;19.99
1.95;0.02;3.07;2.58;70.22;0.01;22.14
1.74;0.01;2.99;1.34;73.77;0.01;20.15
1.87;0.01;3.69;1.65;74.61;0.01;18.16
2.04;0.0;4.19;1.21;65.22;0.01;27.32
1.91;0.01;4.44;0.99;62.76;0.01;29.88
1.72;0.0;5.12;0.98;69.39;0.01;22.77
1.39;0.0;4.42;0.69;78.41;0.01;15.08
1.56;0.0;4.2;0.72;78.72;0.01;14.79
2.14;0.0;5.22;0.67;70.3;0.01;21.65
1.31;0.0;6.84;0.64;73.98;0.01;17.2
1.73;0.0;5.29;0.37;75.07;0.01;17.53
1.61;0.01;5.32;0.35;77.13;0.01;15.57
1.7;0.0;4.69;0.45;79.65;0.01;13.51
1.28;0.0;4.67;0.35;80.14;0.01;13.56
1.59;0.0;6.46;0.41;77.54;0.01;13.99
1.23;0.0;6.05;0.29;79.05;0.01;13.36
1.62;0.0;4.61;0.31;79.05;0.01;14.4
1.52;0.0;4.66;0.45;81.36;0.01;11.99
1.83;0.01;4.23;0.45;82.72;0.01;10.76
1.47;0.0;4.69;1.0;79.46;0.01;13.37
2.26;0.01;5.32;0.99;73.6;0.02;17.8
1.43;0.01;4.92;5.73;75.96;0.02;11.92
1.93;0.04;5.59;4.3;74.73;0.03;13.38
1.25;0.01;4.04;5.55;76.73;0.02;12.39
1.21;0.0;3.33;2.34;76.67;0.02;16.43
1.59;0.01;3.51;1.56;75.25;0.01;18.07
1.35;0.01;3.37;0.91;71.48;0.01;22.87
1.47;0.01;4.1;0.8;76.71;0.01;16.9
1.51;0.01;3.44;0.87;79.15;0.01;15.01
1.32;0.01;3.2;0.78;79.22;0.01;15.47
1.3;0.01;3.45;0.69;82.49;0.01;12.06
1.49;0.01;4.06;0.94;74.49;0.01;19.0
1.48;0.01;3.59;0.76;75.09;0.01;19.06
1.44;0.0;5.95;0.9;82.86;0.01;8.84
1.3;0.0;4.8;0.39;87.46;0.01;6.05
1.18;0.01;3.44;0.43;85.2;0.01;9.73
1.28;0.01;4.05;0.3;83.89;0.01;10.46
1.18;0.0;4.59;0.39;85.67;0.01;8.17
1.55;0.0;4.76;0.32;83.53;0.01;9.83
0.99;0.0;4.53;0.37;86.83;0.01;7.27
1.34;0.0;4.33;0.28;84.95;0.01;9.08
1.64;0.01;3.43;0.38;81.67;0.01;12.86
1.93;0.0;4.29;0.31;83.71;0.0;9.75
1.86;0.01;3.32;0.71;68.98;0.01;25.11
1.91;0.01;3.56;0.47;73.44;0.01;20.6
2.55;0.01;4.06;0.97;73.84;0.01;18.56
2.21;0.01;3.78;0.69;77.01;0.01;16.31
2.36;0.0;3.9;0.3;77.94;0.01;15.48
2.21;0.0;4.65;0.25;79.37;0.01;13.5
2.19;0.01;4.52;0.63;80.14;0.01;12.5
2.76;0.01;3.72;0.74;74.14;0.01;18.63
2.37;0.01;3.11;0.67;72.79;0.0;21.05
3.46;0.01;2.99;0.73;73.05;0.0;19.77
3.33;0.01;4.0;0.76;76.1;0.01;15.79
2.58;0.01;3.59;0.57;74.45;0.0;18.81
3.05;0.01;4.97;0.61;74.85;0.01;16.51
3.15;0.01;3.18;0.69;79.37;0.0;13.6
3.11;0.0;4.44;0.73;74.63;0.01;17.08
1.73;0.01;2.61;1.67;73.53;0.01;20.44
0.97;0.01;3.66;3.06;74.78;0.02;17.5
1.08;0.01;2.34;4.61;65.21;0.02;26.73
0.66;0.0;3.92;17.37;57.55;0.02;20.48
0.73;0.0;2.7;18.19;60.71;0.01;17.65
1.07;0.01;2.55;21.27;54.13;0.01;20.96
1.24;0.0;2.0;11.66;61.83;0.0;23.27
1.08;0.0;1.94;21.41;47.48;0.01;28.09
1.54;0.0;2.76;18.68;41.95;0.01;35.05
1.07;0.0;1.47;25.3;40.84;0.01;31.31
1.63;0.0;1.99;12.32;64.85;0.01;19.18
1.35;0.0;1.84;16.51;54.27;0.01;26.03
1.52;0.0;1.96;10.52;63.79;0.01;22.2
1.75;0.0;1.78;16.3;50.37;0.01;29.8
1.5;0.0;2.19;24.84;45.39;0.02;26.05
1.52;0.0;2.08;18.68;49.59;0.02;28.11
2.16;0.01;2.81;34.78;42.7;0.04;17.5
1.77;0.0;2.17;12.68;58.4;0.01;24.97
1.63;0.0;3.11;8.63;61.58;0.01;25.04
2.32;0.0;2.68;10.75;53.17;0.01;31.08
2.36;0.01;3.17;7.93;62.47;0.01;24.05
2.18;0.01;3.11;8.61;60.5;0.01;25.59
2.67;0.01;4.09;11.34;63.43;0.01;18.44
2.62;0.0;3.13;25.77;42.88;0.01;25.59
2.06;0.01;5.1;16.56;56.98;0.03;19.26
2.65;0.01;4.6;15.76;59.07;0.02;17.89
4.14;0.01;4.8;8.61;62.56;0.01;19.87
2.17;0.0;4.35;11.03;68.33;0.02;14.1
1.31;0.01;4.27;6.83;63.93;0.01;23.63
1.48;0.01;5.66;6.19;69.25;0.02;17.39
2.44;0.01;6.57;5.89;69.12;0.02;15.95
2.5;0.01;6.26;5.94;69.38;0.03;15.89
1.3;0.01;7.82;3.46;72.37;0.03;15.03
2.22;0.01;7.55;3.5;70.55;0.01;16.15
1.36;0.0;6.1;4.46;73.05;0.01;15.02
1.52;0.0;8.05;3.37;75.45;0.02;11.59
1.82;0.0;6.92;3.73;72.32;0.01;15.19
1.66;0.0;6.61;3.65;70.44;0.01;17.63
1.35;0.0;3.9;7.8;66.02;0.01;20.92
0.64;0.01;3.71;35.2;44.11;0.03;16.3
0.65;0.0;3.84;16.78;59.11;0.02;19.59
0.75;0.01;3.75;24.47;52.75;0.02;18.25
0.89;0.01;3.11;19.29;55.55;0.02;21.13
0.79;0.01;3.5;31.52;47.86;0.02;16.3
0.9;0.01;4.18;22.46;55.87;0.02;16.56
1.14;0.01;3.3;9.02;63.68;0.01;22.84
1.64;0.0;3.6;2.99;71.54;0.01;20.22
1.19;0.0;4.17;3.32;63.0;0.01;28.3
2.23;0.01;3.97;2.29;61.99;0.01;29.51
1.7;0.01;3.89;1.55;67.2;0.0;25.65
2.46;0.01;4.21;1.61;62.32;0.01;29.39
2.42;0.01;4.41;2.08;64.86;0.01;26.21
2.38;0.01;4.58;1.86;64.86;0.0;26.29
2.2;0.0;4.68;1.53;70.97;0.01;20.6
2.11;0.01;4.58;1.27;72.37;0.0;19.66
2.44;0.01;4.77;1.33;75.08;0.01;16.36
2.56;0.01;3.88;1.56;71.41;0.0;20.57
2.44;0.01;4.42;1.3;69.88;0.01;21.95
2.51;0.01;4.7;1.17;72.95;0.01;18.66
2.14;0.0;4.39;0.82;76.76;0.0;15.89
2.08;0.01;3.94;0.63;76.55;0.0;16.79
2.2;0.01;6.03;0.92;73.96;0.01;16.87
1.8;0.01;9.01;0.88;71.34;0.01;16.96
2.65;0.01;4.51;0.99;69.22;0.01;22.62
2.07;0.0;4.61;0.81;72.97;0.01;19.53
1.63;0.02;1.89;4.45;61.91;0.02;30.08
0.89;0.01;4.45;9.68;62.95;0.03;21.99
1.27;0.02;4.01;5.95;65.04;0.02;23.69
1.48;0.01;4.19;5.0;65.86;0.02;23.44
1.47;0.02;2.9;2.64;72.77;0.02;20.18
2.08;0.01;2.68;2.31;64.61;0.01;28.31
0.92;0.0;2.3;1.58;60.17;0.01;35.01
1.42;0.0;2.87;1.44;58.4;0.01;35.87
1.82;0.0;3.97;2.12;65.4;0.01;26.67
2.15;0.01;4.1;1.22;65.42;0.01;27.1
2.27;0.01;4.75;0.88;71.92;0.01;20.17
1.64;0.0;3.39;0.85;66.52;0.01;27.59
1.85;0.01;4.33;0.8;66.69;0.01;26.32
1.63;0.0;3.43;0.76;68.16;0.01;26.01
1.35;0.0;3.27;0.75;66.7;0.01;27.9
1.72;0.0;2.86;0.7;62.34;0.01;32.36
2.16;0.0;4.8;0.63;73.74;0.01;18.65
1.55;0.0;2.97;0.35;75.77;0.0;19.36
2.44;0.01;8.43;0.56;68.75;0.01;19.8
2.49;0.01;8.14;0.62;70.18;0.01;18.56
1.96;0.01;4.15;1.04;59.68;0.01;33.15
1.68;0.0;3.5;0.37;74.0;0.01;20.45
1.97;0.0;3.03;0.14;79.0;0.0;15.85
2.01;0.0;3.18;0.31;74.47;0.01;20.02
1.69;0.0;3.76;0.45;72.32;0.01;21.78
2.22;0.01;3.42;0.71;71.01;0.0;22.62
1.64;0.0;4.54;1.15;74.95;0.0;17.71
2.08;0.0;6.15;2.71;67.66;0.01;21.39
1.55;0.0;5.97;4.41;58.45;0.01;29.61
1.16;0.0;4.64;3.26;68.0;0.01;22.93
1.22;0.0;4.45;2.88;70.29;0.01;21.14
1.58;0.0;6.36;4.34;63.53;0.01;24.18
1.57;0.0;6.23;3.03;66.71;0.01;22.45
1.3;0.0;4.91;2.34;66.65;0.0;24.79
1.75;0.0;5.94;3.44;61.97;0.01;26.89
1.6;0.0;4.9;1.34;71.79;0.01;20.37
1.43;0.0;5.03;3.42;63.8;0.0;26.32
1.67;0.0;5.5;3.65;60.61;0.01;28.56
1.36;0.0;4.87;2.16;62.25;0.0;29.35
1.26;0.0;4.45;2.63;67.8;0.01;23.86
1.48;0.0;3.72;2.9;71.68;0.0;20.2
1.43;0.0;4.97;3.52;68.17;0.01;21.9
1.37;0.0;4.77;5.16;56.15;0.01;32.54
0.96;0.0;3.38;4.69;66.84;0.0;24.13
1.14;0.0;3.55;4.66;70.08;0.0;20.56
1.09;0.0;3.2;4.43;64.97;0.0;26.3
1.29;0.0;4.25;6.96;57.48;0.0;30.01
1.24;0.0;4.01;4.02;67.79;0.0;22.94
1.19;0.0;5.12;4.48;59.27;0.0;29.95
0.94;0.0;4.86;5.85;58.58;0.0;29.76
1.37;0.0;4.5;4.34;62.74;0.0;27.04
1.46;0.02;3.05;8.63;65.83;0.01;21.0
1.4;0.01;3.48;9.17;63.51;0.01;22.41
1.02;0.01;5.13;9.8;59.5;0.01;24.53
0.92;0.02;4.15;20.02;43.64;0.01;31.23
0.95;0.01;4.49;14.18;48.92;0.01;31.44
0.94;0.01;4.89;15.43;52.98;0.02;25.74
0.89;0.0;5.43;4.56;62.27;0.01;26.84
0.78;0.0;4.05;3.53;58.17;0.01;33.46
1.18;0.0;4.29;2.27;63.3;0.01;28.95
1.44;0.01;4.27;3.17;64.47;0.01;26.64
1.75;0.0;5.75;3.14;61.57;0.0;27.78
1.56;0.0;4.22;2.09;67.09;0.01;25.04
1.46;0.0;3.97;1.71;69.21;0.0;23.65
1.47;0.0;3.47;1.77;69.63;0.0;23.65
2.31;0.0;3.78;1.58;72.3;0.01;20.01
1.49;0.0;4.03;1.59;74.66;0.0;18.23
1.41;0.0;5.32;2.89;66.06;0.0;24.31
1.41;0.0;4.8;1.92;68.56;0.0;23.3
1.71;0.01;5.16;1.99;67.27;0.0;23.86
2.25;0.01;6.93;1.78;70.88;0.01;18.14
1.83;0.0;4.87;1.14;73.0;0.0;19.16
1.18;0.0;4.56;1.27;73.62;0.0;19.37
1.84;0.0;4.7;1.23;74.06;0.0;18.15
1.58;0.0;4.69;1.68;73.78;0.0;18.26
1.24;0.0;4.49;1.36;72.31;0.0;20.6
1.81;0.0;4.97;1.97;71.52;0.0;19.72
1.39;0.01;5.26;1.85;68.84;0.0;22.66
1.97;0.0;4.96;2.35;68.76;0.01;21.95
1.01;0.0;4.97;2.36;69.01;0.0;22.65
1.04;0.0;4.52;2.4;66.86;0.0;25.17
1.55;0.0;4.96;2.2;64.37;0.0;26.92
1.22;0.0;4.65;2.38;68.13;0.0;23.62
1.45;0.0;5.96;2.3;69.63;0.01;20.66
1.34;0.0;5.86;3.24;67.0;0.01;22.55
1.73;0.0;4.62;1.92;69.94;0.0;21.78
1.08;0.0;5.18;1.94;70.42;0.0;21.37
2.33;0.01;6.69;1.16;72.88;0.01;16.93
2.83;0.01;7.45;1.17;70.64;0.01;17.89
1.98;0.01;6.03;1.44;72.16;0.01;18.38
2.05;0.0;5.43;1.08;75.95;0.01;15.48
1.25;0.0;4.59;1.57;66.82;0.0;25.76
1.17;0.0;4.82;1.82;70.9;0.0;21.28
1.1;0.0;5.25;1.83;68.14;0.0;23.68
1.16;0.0;5.27;1.73;68.34;0.0;23.5
1.11;0.0;4.63;1.84;70.53;0.0;21.88
1.1;0.0;5.34;2.57;71.75;0.0;19.23
1.71;0.01;6.42;1.74;71.15;0.0;18.96
2.77;0.01;7.04;1.2;67.89;0.01;21.09
1.57;0.01;4.98;2.08;70.56;0.0;20.79
1.29;0.0;4.89;2.04;73.54;0.0;18.23
1.26;0.0;4.78;2.08;70.48;0.0;21.39
1.26;0.0;5.29;2.27;68.47;0.0;22.7
1.1;0.0;4.26;2.38;66.95;0.0;25.31
1.37;0.01;4.76;2.88;66.22;0.01;24.76
0.89;0.0;3.63;3.36;67.55;0.01;24.56
1.2;0.0;4.89;4.32;65.78;0.01;23.8
1.14;0.01;6.55;11.01;57.02;0.02;24.25
1.34;0.01;7.51;8.72;64.15;0.02;18.26
1.0;0.01;4.43;5.76;71.02;0.01;17.76
1.14;0.01;4.87;5.05;65.06;0.01;23.87
0.8;0.01;4.34;4.3;65.05;0.01;25.5
0.88;0.0;3.5;3.49;66.94;0.01;25.18
1.17;0.01;3.8;3.48;59.65;0.01;31.89
1.08;0.0;4.3;2.94;68.98;0.0;22.68
0.74;0.0;4.18;3.57;67.73;0.01;23.77
1.08;0.0;4.45;3.39;66.23;0.01;24.84
0.76;0.0;4.28;2.8;62.32;0.01;29.84
1.1;0.0;3.78;2.31;58.23;0.0;34.58
1.63;0.01;4.35;1.8;66.25;0.0;25.96
0.99;0.0;6.16;2.43;67.71;0.01;22.7
0.93;0.0;5.32;1.95;69.76;0.01;22.03
1.9;0.01;7.93;1.06;70.47;0.01;18.62
2.31;0.01;6.7;2.09;62.98;0.02;25.89
2.48;0.01;7.36;0.92;70.51;0.02;18.69
2.47;0.01;7.19;1.26;65.71;0.02;23.33
2.46;0.01;7.15;0.93;71.45;0.01;17.99
1.24;0.0;6.0;1.58;62.9;0.01;28.27
1.23;0.0;4.72;1.83;64.61;0.01;27.6
1.92;0.01;4.64;1.7;65.99;0.01;25.75
2.48;0.01;3.93;1.39;71.26;0.01;20.93
1.82;0.01;5.05;1.88;61.21;0.01;30.02
1.76;0.0;4.58;1.38;69.36;0.0;22.91
1.83;0.01;4.16;1.6;67.53;0.0;24.87
2.6;0.0;4.48;0.79;73.11;0.0;19.02
1.6;0.0;4.03;0.88;71.74;0.01;21.74
2.03;0.0;4.65;1.0;75.43;0.0;16.88
0.98;0.0;4.08;1.77;68.37;0.01;24.79
1.11;0.0;4.48;2.26;65.78;0.01;26.37
1.09;0.0;6.07;1.63;67.6;0.01;23.61
1.56;0.0;5.15;1.4;69.74;0.0;22.15
1.19;0.0;6.61;1.27;67.83;0.01;23.09
1.36;0.0;5.39;1.82;68.15;0.01;23.28
1.37;0.0;4.42;1.38;75.22;0.01;17.61
2.2;0.0;4.38;0.98;71.14;0.0;21.29
2.27;0.0;3.47;1.1;71.05;0.01;22.1
1.7;0.0;4.71;1.73;68.38;0.01;23.47
2.45;0.0;4.28;1.75;70.24;0.01;21.27
1.07;0.01;3.31;5.38;65.45;0.02;24.76
0.94;0.01;6.8;7.1;60.97;0.06;24.12
1.04;0.01;4.54;6.48;59.23;0.04;28.65
1.45;0.01;4.14;3.48;69.75;0.02;21.16
1.49;0.0;4.52;4.37;62.71;0.02;26.9
2.09;0.0;4.8;2.02;60.66;0.01;30.41
1.91;0.0;4.02;1.48;62.23;0.01;30.36
2.23;0.0;4.5;2.07;63.84;0.01;27.36
2.0;0.0;4.56;1.6;63.91;0.01;27.92
2.54;0.0;4.82;1.13;67.31;0.01;24.2
2.46;0.0;4.73;1.92;64.95;0.01;25.92
2.61;0.0;4.03;1.44;67.97;0.01;23.95
2.66;0.0;4.22;1.44;68.33;0.0;23.35
2.0;0.0;4.23;1.39;68.2;0.01;24.18
1.79;0.0;4.73;1.22;68.03;0.01;24.23
2.04;0.0;4.05;1.33;68.89;0.0;23.69
2.22;0.0;4.59;1.42;73.24;0.01;18.53
2.45;0.0;4.87;1.14;71.78;0.0;19.75
2.34;0.0;4.54;1.1;64.85;0.01;27.17
2.74;0.0;5.09;0.77;73.56;0.0;17.83
1.59;0.0;4.11;1.21;55.47;0.01;37.61
2.39;0.0;4.75;1.05;67.19;0.01;24.6
2.49;0.0;4.13;0.73;66.07;0.0;26.58
2.77;0.01;4.23;0.89;67.69;0.0;24.4
2.02;0.0;5.0;1.28;69.2;0.01;22.5
2.23;0.0;4.57;0.99;68.44;0.01;23.76
2.54;0.01;4.3;1.13;68.85;0.0;23.17
2.96;0.0;4.37;0.74;73.97;0.0;17.96
2.29;0.0;4.62;0.75;70.17;0.01;22.16
2.35;0.0;4.58;0.55;66.65;0.0;25.85
1.77;0.0;6.09;1.46;71.52;0.01;19.15
2.2;0.01;4.63;1.1;75.81;0.0;16.25
2.1;0.0;5.44;0.82;75.84;0.0;15.79
1.49;0.0;5.92;1.47;62.63;0.01;28.48
2.02;0.0;2.96;1.45;72.23;0.0;21.33
2.43;0.01;6.61;0.9;72.72;0.01;17.33
2.16;0.0;3.25;0.83;70.06;0.0;23.68
2.72;0.0;4.16;1.12;59.83;0.01;32.16
2.43;0.01;3.65;1.27;70.65;0.01;22.0
2.21;0.0;3.63;1.96;65.74;0.01;26.45
2.52;0.01;3.08;1.16;64.19;0.01;29.04
2.85;0.0;4.14;1.42;64.31;0.01;27.27
2.64;0.01;4.33;1.35;68.43;0.01;23.25
3.25;0.01;3.92;1.08;72.3;0.0;19.45
3.11;0.0;4.4;1.29;74.57;0.0;16.61
2.77;0.0;4.56;1.2;75.12;0.0;16.35
2.48;0.0;4.19;0.8;79.34;0.0;13.19
2.37;0.0;3.9;0.89;76.58;0.0;16.24
3.11;0.0;4.61;0.84;75.17;0.0;16.26
2.5;0.01;3.91;0.69;78.36;0.0;14.53
3.1;0.01;4.89;0.89;75.49;0.0;15.62
3.54;0.01;4.51;0.89;76.34;0.0;14.71
2.91;0.01;5.11;0.88;74.67;0.0;16.41
3.34;0.01;4.43;0.93;74.56;0.0;16.73
2.15;0.01;4.47;1.27;63.28;0.01;28.82
2.25;0.01;4.12;1.15;64.72;0.01;27.75
1.55;0.01;5.32;6.0;61.43;0.02;25.67
1.25;0.0;6.42;9.16;59.01;0.02;24.13
1.83;0.01;4.22;3.37;68.51;0.02;22.05
1.55;0.0;6.04;2.95;60.78;0.01;28.67
2.39;0.0;4.18;1.48;67.12;0.01;24.82
2.13;0.0;4.58;1.28;72.16;0.01;19.85
3.33;0.0;4.84;1.2;68.21;0.0;22.41
2.29;0.0;5.7;1.41;71.96;0.0;18.63
1.74;0.0;4.6;1.38;66.27;0.01;26.01
3.31;0.01;4.83;1.17;68.52;0.0;22.15
2.99;0.01;5.22;1.44;72.87;0.0;17.47
1.4;0.0;3.76;1.2;65.81;0.01;27.82
1.44;0.0;4.16;1.18;66.99;0.01;26.22
1.97;0.0;4.95;1.09;65.49;0.01;26.5
2.14;0.0;5.16;1.01;72.95;0.0;18.73
1.69;0.0;4.89;1.06;76.21;0.0;16.15
2.7;0.01;4.89;1.38;75.04;0.01;15.98
2.07;0.0;4.91;1.33;76.59;0.0;15.08
1.84;0.0;5.02;1.16;74.27;0.0;17.69
2.2;0.0;4.96;1.31;75.09;0.0;16.44
2.01;0.0;4.74;0.91;78.17;0.0;14.17
2.14;0.0;5.03;0.81;79.15;0.0;12.86
2.02;0.0;5.54;0.84;78.28;0.0;13.32
2.77;0.0;5.42;1.01;70.67;0.01;20.12
1.43;0.0;3.92;1.2;65.52;0.01;27.93
1.85;0.0;4.26;0.85;74.64;0.01;18.4
1.53;0.0;3.92;1.22;71.22;0.01;22.12
1.93;0.0;4.22;0.83;63.32;0.0;29.68
2.7;0.0;4.73;0.89;73.99;0.01;17.69
1.81;0.0;4.01;0.98;74.03;0.01;19.17
3.03;0.01;5.33;0.92;73.55;0.0;17.17
3.37;0.01;5.66;0.97;77.2;0.01;12.79
3.19;0.01;5.48;0.87;69.04;0.01;21.4
2.14;0.0;3.51;0.74;67.89;0.0;25.72
1.81;0.0;3.99;0.56;69.17;0.0;24.46
2.26;0.0;3.45;0.54;72.46;0.0;21.29
2.36;0.0;3.56;0.51;73.65;0.0;19.91
2.57;0.0;4.34;0.59;77.61;0.0;14.89
1.95;0.0;4.75;0.63;73.76;0.0;18.9
2.37;0.01;3.81;0.75;72.98;0.0;20.08
3.01;0.01;3.76;0.71;73.53;0.0;18.99
2.7;0.01;3.64;0.81;71.88;0.01;20.95
2.52;0.01;3.56;0.87;72.32;0.01;20.72
2.7;0.01;3.97;1.18;70.24;0.01;21.9
2.84;0.01;3.32;1.16;65.44;0.01;27.23
2.87;0.01;3.47;1.09;71.85;0.0;20.72
1.85;0.0;3.04;0.85;62.11;0.0;32.14
2.2;0.01;3.53;0.92;65.95;0.01;27.4
2.45;0.0;3.7;1.14;67.03;0.01;25.68
2.1;0.01;3.45;2.69;64.76;0.01;26.99
2.9;0.01;4.06;1.21;69.17;0.01;22.64
2.64;0.0;5.12;0.88;69.71;0.01;21.65
3.23;0.0;4.24;0.89;74.38;0.0;17.26
3.76;0.0;5.06;0.66;71.94;0.0;18.58
3.0;0.0;5.02;0.85;70.14;0.0;20.98
4.32;0.01;4.17;1.07;71.05;0.0;19.37
3.83;0.0;4.38;0.92;60.78;0.0;30.08
3.86;0.0;4.83;1.1;73.74;0.0;16.46
4.0;0.0;4.36;0.98;70.79;0.0;19.86
4.88;0.01;4.11;1.04;70.17;0.0;19.79
4.16;0.01;4.87;1.45;71.41;0.0;18.1
2.48;0.0;4.13;1.03;67.94;0.0;24.41
3.31;0.01;4.26;0.93;72.71;0.0;18.78
2.52;0.01;4.11;1.14;77.07;0.0;15.16
2.28;0.0;4.42;0.98;75.41;0.0;16.9
1.79;0.0;4.59;0.94;76.27;0.0;16.39
2.23;0.0;4.35;1.15;77.66;0.0;14.6
1.84;0.0;4.62;1.3;77.61;0.0;14.62
1.53;0.0;4.6;0.71;79.56;0.0;13.6
2.99;0.0;4.65;0.77;72.81;0.0;18.77
2.82;0.01;4.32;0.79;76.17;0.0;15.89
4.71;0.02;4.24;1.35;67.75;0.0;21.93
3.22;0.0;4.58;1.27;62.35;0.0;28.56
3.67;0.01;3.98;0.92;64.64;0.0;26.78
3.28;0.02;3.66;1.2;62.33;0.0;29.5
2.47;0.0;4.91;0.72;63.86;0.0;28.04
3.41;0.0;5.03;0.79;64.3;0.0;26.46
3.1;0.0;4.98;0.99;62.64;0.0;28.29
4.49;0.01;4.95;0.91;70.31;0.0;19.33
3.61;0.01;4.86;0.63;68.14;0.0;22.75
4.08;0.01;5.48;0.49;69.5;0.0;20.43
2.77;0.0;6.15;0.53;74.91;0.01;15.64
3.35;0.0;3.78;0.7;73.47;0.0;18.69
3.42;0.0;3.79;0.54;72.36;0.0;19.88
3.25;0.0;3.71;0.58;73.2;0.0;19.26
2.78;0.0;4.08;0.78;73.79;0.0;18.57
1.47;0.01;4.23;5.68;62.04;0.01;26.56
1.24;0.0;6.37;9.11;59.81;0.02;23.44
1.62;0.0;5.02;4.57;68.0;0.01;20.77
2.05;0.0;4.18;2.27;67.05;0.01;24.44
1.62;0.0;4.62;2.33;64.02;0.0;27.41
1.58;0.0;4.21;1.13;70.05;0.01;23.01
2.89;0.01;4.1;1.96;62.99;0.01;28.05
2.53;0.01;5.53;0.91;63.64;0.01;27.37
3.04;0.01;3.98;0.72;70.38;0.0;21.87
4.03;0.01;3.82;0.94;70.93;0.0;20.27
4.49;0.01;5.51;0.73;65.79;0.0;23.46
4.57;0.01;6.42;0.71;67.06;0.0;21.23
4.48;0.01;5.04;1.12;64.88;0.0;24.46
4.32;0.01;4.64;1.02;68.07;0.0;21.94
4.26;0.01;4.39;1.26;69.08;0.0;21.0
4.64;0.01;5.69;1.25;67.86;0.01;20.55
5.5;0.01;5.47;0.94;64.74;0.0;23.33
4.96;0.02;5.9;0.62;70.96;0.0;17.55
4.4;0.01;5.53;0.99;70.23;0.0;18.84
4.55;0.01;6.6;0.41;72.56;0.0;15.87
3.19;0.01;4.55;0.55;76.41;0.0;15.28
3.57;0.01;6.52;0.58;68.13;0.01;21.19
3.52;0.01;5.88;0.51;70.31;0.0;19.76
4.7;0.02;6.21;0.44;70.28;0.0;18.35
5.17;0.02;5.82;0.67;66.32;0.0;21.99
1.85;0.02;3.12;6.54;62.57;0.01;25.88
1.27;0.01;4.59;4.5;68.56;0.03;21.05
1.92;0.01;6.04;3.29;62.73;0.02;26.01
2.65;0.0;4.73;2.55;63.81;0.01;26.25
3.86;0.0;4.8;0.74;72.54;0.0;18.05
4.42;0.01;4.12;0.76;70.54;0.0;20.16
4.13;0.02;4.32;0.55;66.2;0.0;24.78
5.1;0.01;4.23;0.31;60.01;0.0;30.33
5.7;0.01;4.93;0.29;62.02;0.0;27.05
6.4;0.01;5.85;0.3;66.28;0.0;21.16
5.15;0.01;5.78;0.38;68.13;0.0;20.55
6.07;0.01;6.3;0.81;62.01;0.0;24.79
3.29;0.01;5.55;0.47;76.29;0.01;14.39
3.51;0.01;5.12;0.29;77.23;0.0;13.84
3.78;0.01;4.68;0.26;80.77;0.0;10.49
3.58;0.0;5.38;0.25;78.38;0.0;12.4
3.81;0.01;6.07;0.36;77.71;0.0;12.03
2.64;0.0;6.7;0.5;63.01;0.01;27.13
3.27;0.0;5.54;0.49;76.5;0.0;14.19
3.98;0.0;6.4;0.63;75.06;0.0;13.93
3.06;0.0;5.33;0.27;77.86;0.0;13.48
2.35;0.0;5.13;0.26;78.92;0.0;13.33
2.69;0.0;4.79;0.35;80.3;0.0;11.87
4.09;0.01;4.84;0.49;70.15;0.0;20.42
4.28;0.01;4.77;0.36;70.15;0.0;20.42
4.18;0.01;4.35;0.49;66.78;0.0;24.19
4.04;0.01;4.66;0.61;70.03;0.0;20.65
4.42;0.01;5.76;0.57;72.7;0.0;16.54
4.65;0.01;4.73;0.46;75.38;0.0;14.77
4.12;0.0;5.35;0.43;73.92;0.0;16.17
2.91;0.0;5.55;0.37;75.25;0.0;15.92
5.35;0.01;5.45;0.52;67.96;0.0;20.71
4.07;0.01;4.85;0.81;71.57;0.0;18.69
1.13;0.01;2.94;3.56;64.48;0.02;27.85
1.01;0.01;3.16;4.31;61.0;0.02;30.49
0.88;0.01;3.76;3.78;60.83;0.01;30.73
1.37;0.01;4.07;4.72;63.85;0.01;25.97
1.73;0.01;3.14;7.83;66.12;0.01;21.15
1.67;0.02;3.2;10.99;63.35;0.01;20.76
2.93;0.01;2.83;3.14;61.65;0.0;29.43
3.92;0.01;2.12;4.64;57.6;0.01;31.72
3.31;0.01;2.18;8.43;53.21;0.01;32.84
2.41;0.01;1.48;6.88;59.3;0.0;29.91
2.0;0.01;1.58;11.5;59.81;0.01;25.09
1.85;0.0;2.26;14.83;56.85;0.01;24.2
1.55;0.0;1.66;26.16;50.04;0.01;20.58
1.81;0.0;2.23;19.85;57.54;0.01;18.56
1.27;0.0;2.42;17.57;52.88;0.01;25.85
1.12;0.0;1.92;13.08;67.59;0.0;16.29
0.64;0.01;1.21;40.22;46.62;0.01;11.3
0.66;0.0;1.13;40.25;44.86;0.01;13.09
0.67;0.0;1.22;37.52;47.94;0.01;12.64
0.46;0.0;1.29;57.79;33.86;0.01;6.6
0.85;0.0;1.21;26.07;56.55;0.01;15.32
0.72;0.0;1.63;27.03;50.42;0.01;20.2
0.87;0.0;2.13;18.71;60.83;0.01;17.45
0.73;0.0;2.39;15.19;65.98;0.01;15.7
1.11;0.0;3.11;9.42;63.24;0.0;23.12
1.33;0.0;3.98;6.53;68.25;0.01;19.91
1.19;0.0;4.74;6.3;68.72;0.01;19.05
1.37;0.0;4.56;3.31;75.31;0.01;15.44
1.37;0.0;4.3;2.55;78.81;0.01;12.96
1.71;0.0;4.24;3.4;74.12;0.01;16.51
0.84;0.01;2.22;13.69;69.13;0.02;14.1
0.88;0.01;3.57;11.33;66.5;0.03;17.69
0.99;0.01;2.74;10.62;68.43;0.03;17.19
1.06;0.0;2.63;9.25;70.7;0.02;16.34
1.46;0.01;2.19;5.4;66.41;0.01;24.51
2.0;0.0;2.74;1.83;75.82;0.01;17.6
1.12;0.0;2.32;1.39;75.06;0.0;20.09
1.39;0.0;2.4;1.39;63.61;0.0;31.2
1.91;0.0;3.33;1.67;68.99;0.01;24.09
2.15;0.0;3.96;1.66;71.04;0.01;21.17
2.02;0.0;4.03;1.81;76.21;0.01;15.91
1.91;0.0;3.7;1.48;56.1;0.01;36.8
1.72;0.0;3.39;1.45;78.98;0.0;14.45
1.73;0.0;4.16;1.04;76.17;0.01;16.9
2.1;0.0;3.37;1.22;76.84;0.01;16.46
1.38;0.0;2.27;1.26;68.0;0.01;27.09
1.35;0.0;2.72;1.09;76.7;0.01;18.13
1.65;0.0;2.83;1.0;68.87;0.01;25.65
1.79;0.0;3.9;0.85;75.58;0.01;17.87
1.93;0.0;3.67;0.85;74.64;0.01;18.89
1.33;0.0;2.25;1.28;76.43;0.01;18.7
1.47;0.0;2.44;0.96;78.15;0.0;16.97
1.69;0.0;3.28;0.98;76.01;0.0;18.04
2.53;0.01;4.25;1.34;78.28;0.01;13.59
2.11;0.0;2.96;1.01;79.23;0.0;14.68
2.64;0.0;3.45;1.21;79.8;0.01;12.89
3.09;0.0;3.62;1.4;80.35;0.01;11.53
2.22;0.0;3.15;0.81;71.87;0.0;21.94
1.83;0.0;3.07;0.85;78.94;0.0;15.29
2.77;0.01;4.76;0.71;79.01;0.0;12.74
2.55;0.01;4.93;0.85;75.22;0.01;16.44
2.76;0.01;5.3;1.1;73.76;0.01;17.06
1.91;0.01;5.13;0.56;77.14;0.01;15.25
2.25;0.01;4.92;0.71;74.2;0.01;17.9
2.87;0.01;4.73;1.5;74.69;0.01;16.19
2.84;0.01;5.15;0.69;76.44;0.01;14.86
2.91;0.01;4.91;0.8;73.21;0.01;18.16
3.13;0.01;4.41;1.14;74.34;0.01;16.97
3.06;0.01;4.14;0.7;75.38;0.01;16.7
2.66;0.01;5.72;0.41;73.91;0.01;17.29
2.13;0.0;5.28;0.35;76.06;0.01;16.18
1.77;0.0;4.99;0.28;79.28;0.01;13.67
3.03;0.0;5.13;0.41;76.17;0.01;15.25
3.01;0.0;4.01;0.4;78.09;0.0;14.49
2.57;0.0;5.03;0.31;79.97;0.01;12.11
2.22;0.0;5.55;0.58;74.76;0.01;16.88
2.57;0.0;4.25;0.38;77.47;0.0;15.32
3.06;0.0;4.14;0.59;80.54;0.01;11.66
3.9;0.0;4.62;1.02;74.94;0.01;15.51
1.67;0.0;5.81;3.32;73.95;0.02;15.22
1.3;0.0;4.7;4.49;73.64;0.02;15.86
1.46;0.01;2.72;2.63;74.31;0.02;18.85
1.74;0.0;3.01;2.08;69.64;0.01;23.5
2.54;0.0;3.37;1.46;73.14;0.01;19.47
1.67;0.0;2.09;0.74;72.29;0.01;23.2
2.72;0.0;3.4;1.31;72.21;0.01;20.35
2.88;0.0;3.39;0.98;74.67;0.01;18.07
1.93;0.0;3.13;0.63;62.59;0.01;31.72
3.21;0.0;3.03;0.52;70.95;0.0;22.28
3.9;0.0;3.91;0.62;74.5;0.0;17.07
3.92;0.0;3.57;0.64;77.24;0.0;14.63
3.78;0.0;3.35;0.66;76.16;0.01;16.05
3.79;0.0;3.68;0.63;74.44;0.0;17.44
2.56;0.0;4.05;0.44;74.81;0.01;18.13
2.13;0.0;2.82;0.61;77.16;0.01;17.28
2.86;0.01;4.83;0.69;79.66;0.01;11.94
2.47;0.0;3.68;0.61;83.03;0.01;10.2
3.43;0.0;4.24;0.49;82.59;0.01;9.25
3.25;0.01;4.23;0.55;82.16;0.01;9.79
3.12;0.01;4.27;0.55;82.12;0.01;9.93
2.77;0.01;3.8;0.58;82.11;0.01;10.72
2.71;0.0;3.37;0.51;82.12;0.0;11.29
4.46;0.01;4.62;0.54;76.71;0.0;13.66
3.99;0.01;3.98;0.61;78.33;0.0;13.08
2.47;0.0;5.25;0.45;72.3;0.01;19.51
4.43;0.02;4.3;0.94;73.22;0.0;17.09
3.82;0.01;4.26;0.72;78.99;0.01;12.2
3.9;0.0;3.42;0.67;79.17;0.0;12.83
1.8;0.01;2.01;1.53;75.38;0.01;19.26
1.77;0.01;2.68;3.5;73.2;0.02;18.83
1.88;0.01;3.48;3.52;76.05;0.02;15.04
1.1;0.01;2.51;1.92;78.16;0.01;16.29
1.59;0.01;2.06;1.87;68.29;0.01;26.17
2.68;0.0;3.09;0.87;72.12;0.01;21.24
1.34;0.0;2.3;0.37;74.23;0.0;21.77
1.44;0.0;2.19;0.39;71.3;0.0;24.68
1.33;0.0;2.46;0.47;71.23;0.0;24.5
1.73;0.0;2.75;0.53;73.12;0.01;21.86
2.19;0.0;2.87;0.45;72.02;0.0;22.45
2.14;0.0;3.22;0.55;66.22;0.0;27.86
1.92;0.0;3.67;0.32;73.52;0.01;20.55
2.72;0.01;4.03;0.52;71.9;0.01;20.82
3.29;0.01;4.32;0.56;73.4;0.01;18.41
3.37;0.01;4.56;0.27;74.37;0.01;17.42
4.13;0.01;3.61;0.35;76.97;0.0;14.93
4.22;0.01;3.99;0.33;77.37;0.0;14.08
3.1;0.01;4.34;0.39;79.7;0.01;12.46
2.95;0.01;4.2;0.43;78.35;0.01;14.05
2.82;0.01;3.96;0.52;67.25;0.01;25.43
2.77;0.01;4.85;0.41;68.62;0.01;23.33
2.7;0.01;5.42;0.35;75.67;0.01;15.85
2.16;0.0;4.21;0.25;72.97;0.01;20.39
2.08;0.0;4.23;0.3;72.46;0.01;20.93
3.21;0.01;4.57;0.39;77.52;0.01;14.29
3.73;0.01;4.19;0.4;75.72;0.0;15.95
3.89;0.01;4.5;0.39;75.29;0.0;15.92
2.8;0.0;3.52;0.36;78.66;0.0;14.64
3.56;0.0;4.0;0.32;78.48;0.0;13.62
3.04;0.01;5.88;0.31;75.63;0.01;15.12
2.75;0.0;6.5;0.31;72.39;0.01;18.03
3.02;0.01;5.11;0.26;74.8;0.01;16.79
3.82;0.01;5.21;0.31;74.23;0.01;16.4
4.05;0.01;5.26;0.33;73.22;0.01;17.12
3.95;0.01;5.2;0.32;73.06;0.01;17.46
3.79;0.01;5.31;0.33;72.22;0.01;18.33
3.59;0.01;5.07;0.26;78.17;0.0;12.9
3.7;0.01;4.89;0.4;74.8;0.01;16.19
3.55;0.01;5.48;0.29;75.12;0.01;15.55
4.14;0.01;5.57;0.41;74.51;0.01;15.35
4.11;0.01;5.17;0.41;74.25;0.01;16.04
4.04;0.01;4.87;0.39;75.89;0.01;14.8
3.61;0.01;4.7;0.35;79.86;0.0;11.48
3.98;0.01;4.54;0.36;75.43;0.01;15.66
3.7;0.01;4.68;0.38;72.97;0.01;18.24
3.78;0.01;4.55;0.38;73.69;0.01;17.58
3.92;0.01;4.84;0.47;77.06;0.01;13.7
