angry;disgust;scared;happy;sad;surprised;neutral
7.07;0.01;22.25;16.26;2.22;16.1;36.09
9.51;0.04;31.29;13.92;3.38;12.07;29.79
10.3;0.05;32.46;26.75;4.39;9.12;16.94
4.65;2.31;18.48;10.94;9.77;33.26;20.58
3.39;1.46;12.33;6.05;7.4;30.75;38.62
5.01;2.96;15.49;10.51;7.34;20.15;38.53
5.79;0.12;25.03;31.5;5.17;11.32;21.06
11.26;0.05;39.46;11.32;4.0;11.07;22.84
4.0;0.02;18.0;7.07;5.65;7.25;58.02
4.5;1.86;11.95;17.96;10.2;14.88;38.64
8.34;2.97;12.87;9.08;13.34;9.67;43.72
5.62;2.3;9.48;16.92;13.25;23.17;29.26
7.11;2.75;9.65;20.45;16.75;8.44;34.85
4.46;0.02;19.28;7.23;6.04;11.92;51.06
6.01;2.48;11.2;15.53;14.93;15.2;34.66
5.96;0.03;24.1;19.68;3.26;11.66;35.31
4.78;1.29;12.34;14.72;19.13;11.61;36.13
8.96;0.03;24.13;18.78;2.61;14.21;31.28
8.54;0.02;19.91;17.65;2.48;17.1;34.3
4.66;3.17;8.53;23.73;9.78;10.75;39.37
4.82;3.49;11.82;19.71;11.37;17.7;31.09
5.47;3.16;9.9;16.69;11.68;18.17;34.92
5.01;3.45;15.17;16.41;8.08;30.25;21.62
3.93;5.6;12.55;6.85;12.81;30.47;27.8
3.52;1.94;13.74;10.22;11.7;30.56;28.31
4.57;0.63;21.04;4.25;16.91;23.87;28.72
3.46;1.41;8.16;9.45;12.33;22.7;42.48
3.37;1.82;8.19;7.18;7.68;42.96;28.8
4.96;1.1;15.31;4.04;8.6;34.22;31.78
6.89;0.0;14.87;7.86;2.94;15.16;52.28
2.74;0.79;13.51;8.95;12.16;34.95;26.89
18.91;0.63;16.69;7.22;17.19;3.49;35.88
5.87;2.71;7.84;19.08;11.22;5.57;47.71
6.73;3.34;6.91;28.67;10.47;4.82;39.07
6.8;3.35;9.42;19.49;11.96;10.59;38.4
5.55;0.26;32.52;28.01;5.8;7.64;20.22
3.28;0.94;15.85;8.13;13.0;28.06;30.74
5.55;2.14;8.56;30.39;10.65;13.24;29.46
6.45;0.0;14.22;5.44;2.72;11.21;59.95
4.63;4.19;10.72;11.69;14.83;14.14;39.79
4.0;0.01;17.31;5.49;4.6;14.66;53.93
2.05;1.2;15.94;6.16;9.17;43.23;22.25
4.64;2.42;12.42;11.86;15.41;22.17;31.08
7.28;0.03;15.55;8.78;6.82;9.77;51.78
3.73;5.05;11.21;14.4;9.01;25.22;31.36
3.98;3.4;13.98;14.06;10.16;29.14;25.28
6.09;0.27;35.09;18.71;5.84;7.62;26.37
4.95;2.98;11.3;18.74;13.24;19.68;29.12
4.45;2.51;10.42;12.29;12.79;26.49;31.03
3.43;3.32;10.61;10.88;17.13;26.89;27.74
6.34;0.11;31.69;27.35;8.01;7.96;18.54
6.26;4.76;12.06;11.61;11.73;26.23;27.35
6.0;0.02;21.23;16.53;2.45;21.3;32.47
5.08;0.73;8.49;11.41;12.09;40.81;21.4
4.25;0.0;13.99;4.27;3.43;21.46;52.61
4.02;0.01;15.32;6.23;3.98;17.1;53.33
9.1;0.21;37.96;23.06;5.77;3.71;20.21
12.48;0.23;31.78;24.11;5.85;7.62;17.94
6.44;1.88;7.85;34.92;13.21;14.9;20.79
8.81;0.02;21.9;18.32;2.9;14.57;33.48
3.39;0.93;11.88;13.87;18.92;31.74;19.27
3.77;0.01;16.15;6.07;3.94;15.39;54.66
2.18;0.65;16.78;8.85;12.89;42.04;16.62
9.62;0.08;36.35;18.36;5.66;4.92;25.0
4.01;0.01;16.51;5.05;3.91;15.05;55.47
3.01;0.36;12.04;16.0;9.36;38.69;20.54
2.97;0.62;14.09;11.13;11.66;30.43;29.1
3.77;0.01;16.46;6.37;3.9;17.91;51.58
2.34;0.71;10.21;10.15;9.24;41.0;26.36
4.1;0.0;12.66;4.08;2.92;27.3;48.93
3.63;0.51;5.56;49.61;9.96;10.46;20.27
5.87;0.36;12.26;3.57;12.12;45.62;20.2
3.79;0.01;16.23;5.9;3.65;16.64;53.78
3.79;0.01;16.03;6.03;3.43;16.4;54.32
4.29;0.01;21.24;8.66;5.54;9.79;50.47
8.25;0.01;11.16;18.93;2.99;5.77;52.88
7.26;0.0;15.49;6.01;2.7;13.01;55.52
8.1;0.01;10.45;21.72;2.82;4.97;51.93
8.54;0.0;7.11;27.88;2.92;4.75;48.79
5.64;0.01;17.51;5.86;4.67;14.72;51.58
7.52;0.01;15.02;17.67;4.0;9.8;45.99
7.48;0.01;9.93;19.46;3.74;7.03;52.35
4.91;0.02;17.58;8.24;4.71;19.28;45.27
7.6;0.0;12.18;16.26;3.27;4.79;55.9
8.96;0.01;12.39;19.91;2.84;5.7;50.2
5.3;1.08;10.13;17.28;8.66;38.63;18.91
4.92;1.01;7.2;17.24;9.71;40.75;19.18
6.89;2.87;7.33;17.1;12.7;14.02;39.1
9.9;0.56;11.42;15.94;15.08;16.9;30.21
6.23;2.05;5.92;18.87;7.7;12.13;47.1
3.64;0.03;16.5;5.8;5.55;20.79;47.69
2.1;0.27;10.51;7.32;6.88;51.29;21.64
3.19;0.01;14.31;5.07;3.58;16.03;57.81
5.19;1.71;8.05;15.5;13.29;22.12;34.14
3.26;0.57;12.17;6.94;7.76;43.81;25.48
2.95;0.37;10.84;9.96;8.71;45.02;22.15
3.59;1.75;9.69;21.68;11.62;19.95;31.73
3.5;1.25;10.24;26.46;12.69;18.09;27.77
2.93;3.4;8.47;28.59;10.47;17.81;28.34
5.08;1.02;9.12;17.56;16.7;20.82;29.71
2.91;2.27;8.06;26.35;10.58;25.56;24.28
3.29;1.61;13.71;12.65;11.26;21.31;36.17
5.58;3.73;11.99;20.06;8.81;23.55;26.27
5.76;0.01;19.57;7.55;4.12;14.73;48.26
4.65;4.91;11.35;22.4;10.68;19.31;26.71
3.36;0.01;21.83;6.22;3.53;18.49;46.57
4.54;1.74;15.76;17.41;11.28;16.22;33.05
4.32;0.02;17.37;7.4;5.2;20.03;45.65
14.04;0.45;23.56;10.74;14.14;5.25;31.81
6.69;6.56;15.07;9.98;11.23;27.73;22.73
11.75;0.19;36.72;19.35;6.13;6.68;19.19
5.5;0.76;12.8;4.34;7.88;38.37;30.35
2.55;4.36;11.96;14.92;7.89;21.93;36.38
3.81;2.33;10.75;11.0;10.11;33.96;28.04
3.03;3.28;17.78;12.42;11.43;30.94;21.11
4.11;0.78;11.18;23.09;12.83;14.16;33.85
4.19;0.0;17.16;3.93;3.24;23.93;47.55
4.25;2.14;6.53;11.83;7.82;16.44;50.99
2.66;1.44;9.28;14.61;7.88;22.86;41.27
2.81;3.07;9.68;8.29;4.86;23.19;48.11
8.35;0.2;32.39;25.21;4.44;7.2;22.22
8.38;0.01;17.87;13.64;2.34;5.48;52.28
3.61;0.52;12.63;16.77;8.26;27.6;30.62
13.32;0.53;25.37;10.01;14.24;7.41;29.11
3.84;0.49;9.67;19.23;13.33;24.7;28.74
4.75;4.94;8.19;19.7;9.04;6.77;46.6
5.1;5.1;8.21;18.14;10.18;13.08;40.19
3.95;0.02;16.7;7.27;6.9;8.98;56.19
4.3;0.0;12.5;3.87;2.83;25.94;50.57
4.24;0.0;12.44;3.86;2.77;28.29;48.41
16.0;0.19;31.84;20.84;7.29;5.17;18.68
2.33;5.21;8.1;25.78;6.79;17.87;33.9
12.66;0.11;38.81;13.88;4.26;5.89;24.4
7.32;6.24;6.2;25.94;8.19;4.7;41.41
6.33;0.0;17.51;5.94;2.91;10.89;56.41
4.64;2.17;7.35;30.85;9.61;6.16;39.22
3.26;6.42;6.07;17.61;6.49;9.66;50.5
6.26;0.01;19.66;5.93;5.41;10.68;52.06
4.84;2.41;8.4;8.15;10.66;19.59;45.94
4.01;3.4;14.11;13.05;13.36;11.26;40.8
3.52;5.78;12.99;15.38;7.77;22.73;31.82
5.02;0.01;18.62;7.02;5.57;14.34;49.41
8.35;0.2;38.82;13.08;8.85;7.71;22.99
6.14;0.01;14.16;8.2;3.73;13.44;54.31
3.46;2.26;8.99;19.46;9.72;7.8;48.31
4.43;2.42;7.43;25.02;6.82;11.79;42.09
4.23;0.02;20.85;7.11;6.23;16.16;45.41
3.02;0.02;13.7;6.19;5.78;19.33;51.97
4.13;0.01;19.41;6.79;6.83;11.14;51.68
3.81;0.75;12.98;17.65;5.57;31.14;28.1
2.86;5.56;10.0;22.78;5.74;18.24;34.81
2.15;2.81;10.62;12.62;4.74;16.21;50.84
3.84;5.47;12.64;15.67;10.61;22.76;29.02
5.75;0.0;15.73;6.33;3.7;14.94;53.54
3.24;0.01;16.62;8.23;6.28;17.06;48.56
3.3;8.49;9.42;12.72;6.58;13.85;45.62
7.83;0.03;15.49;10.88;4.33;9.23;52.22
5.89;15.07;7.96;22.2;7.46;3.65;37.76
3.38;2.36;11.32;18.31;7.44;9.4;47.8
3.58;0.02;17.9;7.32;6.44;10.52;54.21
2.79;9.59;9.1;13.89;7.05;12.61;44.97
4.24;6.99;14.13;5.72;17.14;18.05;33.74
5.64;2.37;12.74;6.46;8.43;26.29;38.08
5.9;4.35;10.09;8.2;11.62;16.44;43.4
3.89;9.94;8.75;7.53;5.76;34.52;29.61
3.42;4.53;10.24;8.69;4.96;18.83;49.33
9.28;0.0;12.11;10.26;3.93;8.06;56.36
3.75;4.07;9.6;26.09;6.75;12.94;36.79
4.0;2.98;8.24;42.52;8.61;12.84;20.81
4.53;4.35;14.99;10.62;5.68;11.25;48.58
4.96;3.89;11.93;24.87;11.96;18.25;24.15
4.98;1.41;13.32;12.19;11.44;23.29;33.37
5.71;2.43;9.72;18.27;15.22;20.28;28.37
14.95;0.29;39.31;11.99;6.12;6.22;21.11
7.66;0.35;37.72;19.42;4.64;7.05;23.17
3.28;1.24;12.77;14.83;11.07;17.73;39.08
4.85;1.43;13.14;9.24;12.08;21.47;37.79
3.9;0.02;14.64;5.35;4.22;14.59;57.28
4.48;0.94;15.77;9.86;13.1;18.7;37.15
8.04;0.15;40.36;13.63;4.94;5.25;27.63
2.8;0.72;10.01;11.33;11.15;33.2;30.78
3.86;0.01;15.44;6.29;4.13;16.1;54.16
7.05;0.2;43.75;18.19;5.27;4.56;20.97
6.35;0.13;45.75;11.92;5.06;6.18;24.61
7.13;2.7;14.97;16.46;10.49;25.58;22.68
4.93;1.2;16.7;11.67;9.74;22.92;32.85
3.37;0.82;8.33;17.83;9.34;29.47;30.84
6.96;2.73;13.59;9.07;9.97;10.4;47.28
6.28;1.19;11.71;7.06;9.79;17.37;46.61
3.82;3.69;14.55;14.64;9.02;12.55;41.73
4.5;2.0;8.79;24.21;7.28;17.39;35.83
4.38;1.5;6.88;30.2;7.66;14.73;34.63
3.11;5.37;6.96;6.12;4.96;12.4;61.09
4.57;6.7;9.33;10.88;8.99;11.35;48.19
2.84;2.09;6.82;17.64;8.09;23.15;39.37
5.21;14.14;10.19;11.39;9.07;4.54;45.46
4.27;9.38;11.33;16.57;8.12;8.19;42.15
6.57;0.19;37.84;19.25;3.59;6.08;26.49
3.5;2.37;8.84;23.16;5.83;10.5;45.8
2.53;5.5;8.5;15.47;7.0;11.73;49.27
2.67;2.92;5.79;8.15;6.31;8.32;65.83
3.8;1.21;11.94;14.47;13.92;11.63;43.03
4.23;2.79;10.93;14.59;12.65;17.03;37.77
5.16;2.72;10.87;15.37;10.56;21.79;33.52
4.35;0.0;12.8;4.17;3.13;25.93;49.63
11.35;0.24;35.49;22.99;6.53;4.69;18.72
4.45;1.73;10.82;6.06;12.27;16.68;48.01
4.91;1.85;11.57;6.44;13.08;15.97;46.18
3.86;1.76;8.54;8.28;12.32;15.9;49.35
3.28;4.38;7.8;17.0;8.37;22.2;36.97
4.54;8.95;11.11;12.73;9.59;7.53;45.55
3.58;2.83;10.41;18.59;10.14;14.48;39.96
2.83;2.22;8.22;10.01;7.56;15.9;53.27
5.04;0.03;20.0;7.35;6.9;11.95;48.73
3.62;0.01;18.49;6.36;4.04;17.07;50.42
4.32;8.23;10.38;16.12;10.55;6.8;43.59
7.39;1.39;10.15;10.3;14.6;6.41;49.76
3.76;3.97;7.33;26.32;8.18;11.42;39.02
5.12;0.16;31.81;27.37;4.47;6.07;24.99
11.42;0.16;40.05;17.5;6.95;4.51;19.41
3.02;14.06;8.05;8.37;7.75;11.18;47.57
3.95;0.0;15.4;4.34;3.32;24.59;48.41
4.43;6.49;7.96;7.17;8.33;19.54;46.08
4.28;0.01;15.68;4.44;3.45;25.15;46.99
3.4;5.81;10.45;10.97;6.48;24.66;38.23
4.32;0.0;15.84;4.69;2.79;20.45;51.91
4.7;1.09;7.02;32.7;6.14;9.91;38.44
4.34;0.01;16.33;6.19;3.85;25.79;43.49
2.84;2.46;6.27;17.81;5.72;8.26;56.64
3.86;0.01;16.03;7.95;5.67;10.76;55.71
4.18;0.04;14.04;7.62;5.85;27.21;41.06
4.88;1.67;8.45;33.59;4.72;13.48;33.22
5.59;3.33;5.03;24.98;4.02;7.82;49.23
3.69;2.3;9.42;34.73;7.12;13.74;28.99
3.44;0.65;6.15;26.84;6.12;18.11;38.69
6.0;2.85;9.33;15.25;11.63;13.27;41.67
5.91;1.71;7.44;10.41;5.96;11.84;56.73
3.47;6.4;9.73;24.05;6.79;16.26;33.29
3.79;2.07;8.05;34.17;5.48;10.89;35.54
3.43;1.33;8.49;9.51;5.17;9.6;62.47
9.58;1.62;11.58;18.81;9.94;21.15;27.32
3.46;2.12;6.61;9.34;4.52;7.15;66.79
3.05;1.73;8.52;16.24;5.24;16.15;49.07
3.77;1.68;7.13;8.75;5.0;5.55;68.12
5.24;1.52;16.57;28.95;11.33;17.18;19.21
5.11;1.07;8.87;15.17;8.56;11.71;49.52
5.02;4.12;10.35;16.92;7.85;13.89;41.85
3.75;1.91;6.48;29.98;11.86;6.99;39.04
4.6;3.22;8.94;7.21;11.94;6.01;58.09
4.42;5.01;6.75;15.06;9.38;11.23;48.16
5.14;0.01;18.01;5.87;5.35;19.24;46.39
3.8;0.01;16.76;6.14;4.01;13.96;55.32
5.39;1.34;9.43;8.92;14.91;7.78;52.23
5.87;2.81;13.11;8.33;13.96;25.99;29.92
3.66;0.01;16.72;6.4;3.53;14.24;55.45
4.61;10.92;14.23;11.32;13.72;10.35;34.85
14.58;0.11;36.02;21.73;5.28;5.36;16.92
3.66;0.01;16.53;6.12;3.85;14.19;55.64
5.18;1.37;14.02;10.37;14.99;16.44;37.63
7.05;0.03;19.47;19.61;2.8;16.78;34.26
6.51;0.04;19.56;20.75;2.86;18.86;31.41
2.57;1.27;9.65;15.54;12.53;28.29;30.14
8.35;1.57;17.63;3.25;16.26;35.98;16.96
3.97;0.01;16.95;5.54;4.35;15.53;53.65
12.02;0.01;21.81;10.6;2.98;11.55;41.03
7.37;0.18;29.07;36.32;6.37;3.31;17.38
5.8;0.02;10.39;19.86;2.81;6.62;54.49
2.63;0.04;7.75;5.64;11.11;62.12;10.72
7.32;0.2;46.98;13.54;5.93;5.86;20.16
7.45;0.0;11.38;19.97;2.56;6.68;51.95
12.78;0.13;30.49;25.9;5.75;6.67;18.28
3.89;0.02;16.31;6.46;7.9;7.67;57.75
5.15;0.34;10.91;23.97;12.89;8.02;38.71
7.18;0.06;8.91;28.83;10.56;4.26;40.2
3.92;0.01;14.57;7.77;6.09;10.31;57.34
15.58;0.13;37.26;19.44;4.83;5.12;17.65
5.84;0.01;20.96;4.77;4.89;23.55;39.98
9.0;0.02;22.66;18.01;2.83;15.24;32.24
17.33;0.24;36.97;14.67;4.52;7.6;18.67
4.93;0.03;15.97;12.48;6.26;16.49;43.84
6.94;0.0;16.02;13.17;3.23;6.55;54.09
16.82;0.02;15.73;20.06;4.83;3.57;38.98
15.82;0.05;16.7;29.23;5.02;4.75;28.44
3.94;0.0;13.1;4.45;2.84;26.12;49.55
6.19;0.02;17.81;8.87;5.5;13.28;48.34
3.98;0.42;10.38;19.3;4.9;21.78;39.25
9.86;0.53;8.1;21.84;11.33;10.19;38.15
11.85;0.26;20.79;12.66;16.99;5.15;32.28
13.4;0.49;22.81;20.98;15.74;4.42;22.16
5.51;1.66;9.88;23.62;4.09;22.24;32.99
4.31;0.0;13.81;4.76;3.61;24.35;49.16
11.24;0.72;6.73;28.72;7.09;9.66;35.84
7.3;1.05;6.87;17.59;5.97;13.24;47.98
6.58;1.09;6.14;21.06;7.48;13.83;43.82
5.3;0.02;16.55;8.58;5.72;27.46;36.36
7.94;1.01;6.72;27.55;9.3;11.68;35.8
8.49;1.29;8.31;20.89;11.13;13.32;36.57
8.34;1.03;6.27;20.45;8.33;14.2;41.38
12.02;0.21;9.68;25.28;9.63;7.15;36.03
8.18;0.19;6.27;30.46;12.58;5.38;36.95
13.86;0.3;8.0;25.9;9.74;7.35;34.84
7.39;0.03;16.48;9.16;5.8;8.09;53.05
6.46;0.18;10.77;29.06;11.51;11.01;31.0
6.85;0.01;23.4;5.67;5.58;17.82;40.67
6.79;0.35;6.56;37.48;7.95;8.49;32.37
17.25;0.1;39.53;13.38;5.14;6.91;17.69
14.34;0.21;32.65;24.49;5.39;3.43;19.5
10.83;0.11;39.57;22.86;5.08;4.62;16.93
3.84;0.0;11.68;4.0;2.89;26.65;50.94
10.31;9.52;8.49;2.28;4.62;40.35;24.42
14.61;7.7;9.85;0.71;4.93;32.61;29.6
8.73;1.5;11.35;1.92;2.98;62.24;11.27
9.44;11.28;9.46;1.33;1.79;55.13;11.57
8.08;0.22;32.51;25.87;7.07;5.72;20.52
11.63;0.11;32.37;27.85;5.92;4.53;17.6
6.51;0.11;8.6;20.08;19.09;10.48;35.13
7.11;0.22;8.99;22.46;13.67;12.81;34.73
15.24;6.8;8.49;1.07;2.66;51.09;14.65
7.3;0.47;13.84;22.64;18.17;13.69;23.89
5.76;0.11;11.06;14.06;11.21;19.11;38.69
13.17;30.9;4.45;0.98;1.41;32.61;16.47
6.41;26.19;4.5;1.07;1.99;32.81;27.02
9.32;20.38;6.37;0.43;3.05;21.42;39.03
6.07;0.02;11.33;8.47;7.38;8.77;57.97
8.76;14.26;8.29;0.53;3.27;26.34;38.56
3.1;0.07;11.32;10.42;7.42;34.46;33.21
6.77;8.77;8.65;3.05;2.91;38.63;31.23
2.64;0.03;15.16;14.17;5.71;23.95;38.34
1.53;0.44;4.36;0.5;0.92;83.02;9.24
6.22;2.96;7.61;1.41;3.11;59.56;19.12
5.98;0.01;13.61;11.2;3.03;14.21;51.96
10.03;0.07;39.64;22.52;5.33;4.97;17.45
3.8;2.47;7.94;1.22;2.91;53.69;27.96
4.99;0.1;13.58;17.17;10.0;20.02;34.15
8.08;0.27;40.21;16.25;8.34;5.71;21.14
6.28;5.0;10.27;1.64;7.45;30.28;39.08
4.62;1.6;12.6;1.12;8.27;32.1;39.67
4.34;1.28;7.55;2.43;4.99;67.43;11.99
5.92;0.03;18.71;8.88;6.29;18.47;41.7
4.19;0.02;15.01;5.5;7.61;8.29;59.39
4.5;0.01;12.01;8.15;4.22;41.91;29.18
12.66;22.51;5.82;1.85;1.96;32.01;23.19
4.37;16.24;7.63;2.31;1.64;43.33;24.5
11.18;1.78;7.7;25.13;19.48;3.7;31.03
4.84;0.02;17.54;7.98;6.48;11.77;51.37
5.61;24.85;8.34;1.17;2.02;22.29;35.71
6.3;0.07;47.08;11.33;3.96;8.07;23.2
7.58;5.77;4.71;8.51;1.17;64.38;7.88
11.91;0.15;36.86;16.48;5.99;5.57;23.04
0.59;0.17;3.97;0.51;1.39;84.04;9.32
1.41;0.12;3.96;1.42;1.44;81.94;9.71
4.85;0.0;18.04;5.05;2.76;17.71;51.58
3.82;0.44;17.01;7.6;19.15;13.52;38.46
4.87;0.0;17.52;4.49;3.1;20.78;49.25
5.8;0.03;12.31;17.61;5.94;17.49;40.82
5.4;0.0;17.29;6.18;3.2;25.89;42.03
4.68;0.0;19.59;11.73;3.88;15.2;44.93
5.1;0.0;19.27;4.96;2.29;24.91;43.47
6.29;0.0;19.25;5.53;3.21;23.66;42.05
5.54;0.0;18.92;12.93;4.64;16.13;41.84
6.9;0.04;20.99;7.14;7.86;6.55;50.52
5.05;0.0;19.54;5.05;3.48;22.12;44.75
6.53;0.0;19.65;5.0;4.01;22.54;42.26
6.89;0.0;21.48;6.03;4.36;19.62;41.61
11.72;0.1;34.33;20.29;5.7;7.15;20.7
3.55;0.01;17.89;5.67;4.23;16.66;51.99
6.33;0.03;14.21;12.16;6.51;10.71;50.04
6.39;0.06;20.7;13.52;7.29;9.64;42.4
9.15;0.22;13.05;10.29;7.88;14.83;44.57
4.04;0.01;16.93;6.35;4.01;16.71;51.94
6.06;0.02;15.69;11.95;5.29;11.38;49.61
10.03;0.06;37.14;21.09;5.29;4.24;22.16
5.75;0.03;12.9;15.86;5.08;7.16;53.22
15.21;0.13;32.73;24.81;5.9;4.03;17.2
4.26;0.0;16.66;5.97;3.42;15.21;54.47
3.83;0.11;13.86;12.09;8.24;15.07;46.79
8.42;0.08;22.41;10.21;5.96;9.68;43.24
7.23;0.01;14.6;15.66;3.61;25.62;33.27
6.0;0.01;14.62;11.97;3.86;23.09;40.45
6.77;0.01;13.49;14.85;4.22;28.31;32.35
11.96;0.24;25.36;14.15;16.43;4.31;27.56
5.68;0.01;13.09;8.7;3.83;27.57;41.12
5.7;0.01;14.58;8.77;3.49;28.59;38.87
3.82;0.01;17.97;5.8;4.31;15.53;52.56
5.48;0.06;21.27;8.75;5.19;24.46;34.79
4.18;0.22;17.04;13.31;14.96;26.96;23.33
2.65;0.02;10.91;15.96;6.45;31.23;32.78
1.02;0.18;2.17;1.55;1.31;89.18;4.59
4.0;0.01;15.07;5.84;3.84;16.17;55.06
5.86;0.25;32.72;23.92;6.44;6.41;24.4
11.76;0.26;21.7;14.61;15.74;3.38;32.56
7.62;0.01;17.46;16.29;4.25;9.08;45.27
6.62;0.08;17.64;20.01;5.77;11.63;38.25
5.35;0.06;17.47;13.37;6.86;15.61;41.27
5.59;0.01;14.14;8.79;3.28;15.79;52.41
7.11;0.11;17.77;12.38;5.99;10.4;46.24
3.45;0.01;16.8;6.57;3.49;16.12;53.57
7.1;0.08;23.36;11.93;6.8;7.5;43.23
7.53;0.03;23.27;14.9;6.33;8.0;39.95
4.09;0.01;15.53;5.43;4.15;16.29;54.5
3.8;0.01;17.61;8.7;5.41;7.08;57.39
3.51;0.01;16.57;5.74;3.43;19.58;51.16
5.13;0.21;13.54;10.35;15.96;11.32;43.49
11.17;0.16;37.04;17.21;5.63;5.14;23.64
3.34;0.01;17.15;6.74;3.72;17.62;51.42
3.95;0.01;18.04;5.69;3.98;15.24;53.08
7.92;0.4;16.12;13.33;13.67;5.88;42.67
3.93;0.01;16.37;5.62;3.46;16.08;54.53
4.07;0.01;18.06;6.38;4.04;13.51;53.93
6.77;0.01;10.96;11.93;3.37;22.33;44.64
3.57;0.01;18.25;6.13;4.08;16.62;51.36
7.66;0.32;20.63;16.22;6.38;11.51;37.27
8.67;0.08;25.21;17.64;8.54;6.68;33.18
8.28;0.07;19.04;18.2;5.34;8.87;40.2
7.17;0.33;20.18;14.1;5.77;14.18;38.26
8.28;0.11;31.78;24.71;4.54;3.88;26.7
4.81;0.01;16.15;4.98;3.31;24.52;46.22
3.91;0.01;17.32;6.56;3.59;15.63;52.98
9.1;0.16;18.31;15.69;7.56;7.03;42.14
5.69;0.13;11.25;20.59;6.2;11.58;44.56
4.35;0.0;12.87;4.14;2.96;26.04;49.63
3.83;0.01;15.09;6.31;4.23;14.83;55.71
12.21;0.13;34.94;22.06;5.96;5.76;18.94
16.7;0.44;22.07;18.21;17.64;3.12;21.81
5.15;0.19;16.81;13.21;6.4;15.08;43.16
4.47;0.0;12.62;4.05;2.86;25.84;50.16
5.58;0.19;15.62;21.94;11.07;9.09;36.51
5.2;0.11;23.8;12.35;7.86;14.34;36.34
9.63;0.2;14.92;20.97;10.09;8.16;36.03
8.15;0.21;22.19;13.82;7.41;10.62;37.6
11.68;0.19;20.22;16.32;9.41;8.52;33.66
7.98;0.09;16.61;24.4;11.33;12.87;26.73
14.83;0.43;24.27;10.11;13.32;4.38;32.67
7.29;0.05;18.9;11.84;6.31;15.13;40.48
4.75;0.17;13.48;16.46;14.66;11.24;39.26
8.4;0.04;19.3;10.45;6.4;6.66;48.75
3.56;0.01;18.03;5.97;3.78;14.21;54.45
3.6;0.01;18.7;6.06;4.23;14.95;52.45
4.29;0.01;17.99;5.41;4.25;13.44;54.61
7.84;0.08;20.85;18.58;6.76;11.21;34.68
8.97;0.17;22.72;12.25;8.96;7.32;39.62
3.29;0.01;19.98;8.98;6.41;9.47;51.87
6.63;0.2;19.5;6.8;8.78;9.76;48.33
7.0;0.05;17.93;9.32;5.66;8.65;51.39
3.4;0.01;17.19;6.26;4.13;16.11;52.9
3.29;0.01;17.52;6.26;4.23;16.49;52.2
7.77;0.24;14.43;7.42;10.05;7.94;52.15
11.56;0.19;44.83;11.18;4.31;6.71;21.22
4.76;0.08;15.65;8.23;6.48;12.42;52.38
5.14;0.02;23.02;6.3;4.41;7.82;53.3
4.9;0.02;18.58;7.51;4.98;9.46;54.56
5.55;0.06;22.13;8.29;10.2;5.76;48.01
4.06;0.28;22.7;7.82;14.89;7.13;43.11
5.09;0.01;19.73;6.24;4.21;28.97;35.75
3.41;0.01;16.87;6.67;3.75;17.72;51.57
4.66;0.02;16.32;7.53;6.26;8.56;56.65
4.33;0.01;18.62;7.04;3.92;15.44;50.65
1.69;0.12;4.66;6.49;4.42;69.85;12.77
13.88;0.37;24.0;14.11;16.66;6.0;24.99
3.33;0.01;16.91;5.84;4.16;18.78;50.97
3.4;0.01;17.23;5.85;3.64;15.98;53.88
9.22;0.11;41.41;15.94;7.12;5.95;20.25
4.29;0.0;12.47;3.94;2.86;25.53;50.92
4.15;0.0;13.43;4.09;2.46;25.24;50.63
4.08;0.01;16.41;5.38;3.92;14.61;55.59
9.14;0.3;34.12;24.98;7.02;4.9;19.55
12.82;0.21;40.45;12.17;8.41;4.42;21.53
3.96;0.01;16.3;5.75;3.86;15.31;54.82
3.66;0.01;16.91;6.1;3.96;16.87;52.49
3.67;0.22;14.74;7.8;11.87;40.27;21.43
2.78;0.01;15.0;6.55;4.09;29.87;41.71
4.55;0.0;15.51;5.15;3.02;18.13;53.64
5.42;1.48;16.17;17.86;18.1;26.35;14.61
10.17;0.21;26.01;30.16;5.44;8.38;19.62
6.65;0.03;21.87;20.23;2.59;18.8;29.83
5.75;0.03;21.18;22.08;2.77;20.0;28.19
4.57;1.26;12.25;11.56;14.79;9.34;46.24
6.36;0.02;20.98;22.45;2.18;16.13;31.88
3.81;0.01;17.39;8.22;6.1;10.56;53.91
3.61;1.09;14.96;9.3;19.33;19.4;32.3
4.09;2.25;16.41;20.1;14.69;12.32;30.14
7.19;1.64;11.77;13.1;22.24;7.84;36.23
6.44;3.32;5.22;30.84;16.31;7.68;30.19
8.73;4.9;9.33;24.45;20.96;5.26;26.38
5.6;0.02;21.58;18.63;2.79;19.06;32.32
4.03;0.01;16.21;6.38;3.8;16.7;52.86
4.68;1.65;10.28;17.66;12.48;16.59;36.67
5.65;2.95;7.33;26.56;17.96;10.3;29.24
13.87;0.47;24.18;15.34;14.99;4.58;26.58
5.39;1.55;7.73;29.98;11.38;15.5;28.46
4.33;2.14;13.22;13.34;16.89;14.59;35.5
4.23;0.0;16.38;4.93;3.07;21.8;49.59
7.19;0.03;24.38;19.92;3.23;18.64;26.61
8.06;2.92;15.85;14.27;14.35;13.44;31.11
5.12;2.97;13.09;13.95;11.87;30.43;22.57
3.86;0.01;16.29;4.8;4.14;13.63;57.28
14.93;0.29;38.22;18.43;5.64;4.37;18.11
3.29;1.62;15.02;8.65;13.43;28.07;29.93
4.66;1.58;10.56;7.58;11.03;29.15;35.44
5.77;0.02;24.76;19.91;2.58;15.39;31.57
3.13;3.12;13.99;10.86;13.3;23.92;31.67
6.28;0.04;18.61;20.32;3.16;16.85;34.75
6.98;0.05;23.27;18.43;3.53;15.34;32.41
7.98;0.04;22.47;18.79;3.3;17.23;30.19
6.79;3.79;8.02;17.1;11.38;23.69;29.24
4.91;3.9;13.42;7.98;15.78;24.36;29.65
3.98;1.82;11.43;15.53;13.2;20.16;33.88
6.35;0.03;25.22;15.56;2.61;17.3;32.93
6.02;2.47;11.63;9.35;12.16;20.74;37.65
6.52;0.02;21.51;18.74;2.91;19.83;30.47
6.74;0.02;21.16;20.56;2.84;19.65;29.02
6.24;0.02;21.9;19.51;2.92;18.42;30.99
6.6;0.02;22.44;17.56;2.77;19.95;30.67
6.81;0.02;22.39;18.3;3.0;18.2;31.28
3.43;5.8;10.84;17.03;10.39;17.84;34.69
2.9;1.14;14.12;9.36;12.19;20.88;39.42
4.38;0.0;15.21;4.13;3.33;22.33;50.62
9.34;0.19;34.62;24.25;6.72;4.85;20.04
5.9;0.03;19.74;22.74;2.74;17.35;31.5
4.79;0.02;16.09;9.08;7.24;12.33;50.45
12.26;0.19;35.47;18.28;5.65;6.95;21.2
5.97;0.03;10.13;13.0;7.33;16.86;46.68
5.98;0.03;20.98;16.18;2.63;22.31;31.89
8.65;4.55;13.14;16.99;17.8;13.12;25.75
4.86;3.13;11.09;10.51;12.74;23.33;34.35
5.05;2.43;15.64;10.96;15.83;18.8;31.28
7.1;4.89;12.05;3.59;11.44;29.32;31.61
4.8;1.18;10.44;13.13;15.91;26.73;27.81
8.87;0.23;37.62;16.45;7.33;6.12;23.38
5.23;2.98;13.41;6.98;12.48;20.31;38.62
8.7;4.91;9.98;7.84;14.63;8.81;45.12
7.07;10.13;10.27;10.07;8.61;5.62;48.25
17.37;3.1;11.44;29.06;10.51;15.56;12.97
8.87;9.03;13.23;3.61;11.1;8.27;45.88
6.37;0.3;41.52;16.42;5.76;7.96;21.67
7.8;0.39;35.68;23.3;7.29;4.53;21.01
10.14;5.83;19.02;18.67;12.26;12.46;21.62
7.69;0.4;45.56;14.34;5.59;5.35;21.07
8.22;1.61;16.02;10.19;27.58;5.19;31.18
7.24;0.47;12.76;13.57;35.89;5.65;24.41
25.04;6.17;28.09;4.61;4.16;7.5;24.43
8.38;0.03;19.72;20.26;2.67;14.02;34.92
18.39;1.83;15.8;26.01;5.8;11.2;20.97
12.3;0.27;24.89;11.28;14.78;3.95;32.54
13.36;0.86;20.71;14.18;16.16;6.23;28.5
9.3;0.14;33.76;22.22;4.63;5.13;24.82
13.91;0.48;26.38;10.87;11.78;5.25;31.32
4.98;0.0;18.42;12.06;5.37;6.31;52.86
7.87;0.03;15.08;9.96;16.17;6.49;44.41
3.26;0.01;17.06;5.72;4.31;13.01;56.63
8.26;0.18;41.51;19.71;5.29;5.26;19.8
7.77;0.29;28.25;29.42;5.98;8.54;19.75
15.5;0.17;14.82;24.11;12.05;5.0;28.35
3.35;0.01;17.08;5.78;4.47;13.17;56.14
4.4;0.02;17.42;5.91;4.41;13.27;54.57
3.34;0.01;15.6;6.24;3.53;17.36;53.91
7.46;0.04;23.41;14.45;7.03;11.63;35.99
5.16;0.04;17.11;18.55;7.27;13.8;38.08
11.98;0.18;37.46;18.37;5.89;4.99;21.13
6.4;0.19;31.82;21.78;5.44;8.11;26.27
10.7;0.03;11.48;19.21;8.43;6.22;43.93
9.13;0.02;13.38;22.89;7.07;7.36;40.16
3.87;0.01;16.06;6.25;3.51;15.25;55.05
9.48;0.15;12.59;23.37;9.57;5.88;38.97
10.6;0.3;15.99;17.14;10.1;11.06;34.81
9.75;0.27;9.27;23.84;6.76;5.66;44.45
13.3;0.19;11.19;23.13;7.37;3.96;40.87
8.86;0.23;8.44;27.79;6.26;5.34;43.08
10.62;0.13;11.5;24.4;6.86;5.88;40.59
6.75;0.06;8.3;28.67;10.33;4.88;41.0
4.22;0.01;16.33;6.22;3.53;16.19;53.49
11.68;0.09;8.37;19.86;7.05;4.92;48.02
3.36;0.0;16.36;6.22;4.02;20.81;49.23
4.55;0.02;17.43;7.55;5.75;9.61;55.1
4.71;0.0;15.86;5.74;2.66;12.21;58.82
4.87;0.0;16.12;4.54;3.16;11.67;59.64
3.83;0.01;16.61;6.5;3.61;15.8;53.63
4.37;0.02;17.31;7.97;6.73;10.6;53.01
1.26;0.01;2.39;60.27;9.15;0.26;26.67
0.41;0.0;1.47;84.73;3.84;0.17;9.37
10.03;0.11;17.2;18.26;8.91;5.41;40.08
7.44;0.17;10.87;19.8;5.93;7.96;47.84
10.46;0.26;11.04;23.36;6.79;7.31;40.78
10.91;0.29;11.65;29.35;7.33;5.18;35.3
8.5;0.07;8.67;26.28;4.88;4.08;47.52
10.32;0.25;9.73;21.57;6.62;12.87;38.65
6.46;0.43;8.32;33.41;6.65;11.96;32.78
10.41;0.14;10.34;34.36;6.64;8.66;29.45
14.46;0.15;9.97;24.29;8.47;8.09;34.57
13.67;0.15;9.23;28.96;9.32;7.2;31.46
9.16;0.15;38.97;16.89;4.9;5.59;24.34
12.09;0.23;12.04;24.93;9.56;7.91;33.24
12.57;0.32;7.83;29.6;6.32;8.16;35.2
3.52;0.01;16.38;6.13;3.55;16.1;54.31
8.17;0.12;9.57;25.79;5.9;9.21;41.23
14.44;0.13;12.58;18.09;6.81;7.66;40.28
3.74;0.01;15.7;6.33;3.98;13.76;56.47
2.29;0.01;4.65;47.85;14.59;0.38;30.23
5.11;3.91;16.44;2.31;12.85;39.62;19.76
5.74;0.04;21.85;22.75;6.45;11.98;31.18
4.16;0.01;17.82;5.36;4.4;16.13;52.13
3.37;0.01;14.75;7.69;4.6;21.74;47.85
3.56;0.01;16.67;5.46;3.94;16.41;53.95
3.74;0.01;16.61;5.82;3.64;14.03;56.16
3.42;0.01;16.57;6.07;3.64;16.44;53.85
3.6;0.0;15.25;4.84;2.31;18.93;55.07
4.0;0.0;13.84;5.11;2.81;20.91;53.32
12.58;0.15;41.29;15.49;5.23;3.56;21.7
3.83;0.0;14.34;4.27;2.87;20.07;54.63
4.9;0.02;15.69;7.1;6.09;9.97;56.23
3.63;0.01;17.11;6.31;3.69;17.55;51.7
3.85;0.0;12.78;4.49;2.95;28.18;47.74
3.8;0.01;17.72;6.9;3.4;16.33;51.85
3.2;0.01;16.85;5.84;3.85;18.73;51.53
8.71;0.06;43.16;9.85;9.45;5.58;23.19
3.83;0.01;16.98;6.55;3.63;15.31;53.7
3.5;0.01;16.12;6.74;3.71;18.54;51.38
14.87;3.27;29.32;5.73;8.96;15.6;22.25
5.82;0.0;16.65;6.09;4.01;10.7;56.74
6.5;0.04;29.59;14.28;5.3;16.37;27.91
8.75;0.08;18.41;11.43;22.51;5.95;32.88
10.93;2.64;17.81;2.92;8.88;38.71;18.11
5.13;0.01;14.56;11.33;4.82;19.26;44.9
4.29;0.01;15.05;4.78;4.06;14.16;57.65
8.11;1.91;15.7;7.84;8.86;26.28;31.31
11.68;0.28;27.23;8.24;10.79;5.87;35.92
5.64;0.01;20.47;5.25;4.35;20.22;44.07
9.59;0.88;12.37;7.93;7.08;28.11;34.04
4.81;0.01;15.52;4.24;3.34;22.91;49.17
8.33;1.03;12.86;13.03;19.35;5.72;39.68
13.34;0.25;36.05;20.93;6.83;6.09;16.5
6.93;1.06;13.33;12.78;7.64;4.43;53.82
4.22;0.01;13.43;8.94;3.68;27.34;42.38
7.07;0.04;15.97;23.75;2.68;21.1;29.39
4.86;0.0;17.43;5.61;3.22;16.79;52.08
4.33;0.01;17.09;9.74;5.15;18.12;45.54
4.69;0.03;16.91;7.86;6.98;10.17;53.37
3.96;0.0;13.91;4.67;2.71;22.93;51.8
11.34;0.28;43.02;12.23;4.88;5.6;22.65
3.92;0.01;17.25;6.09;3.73;14.52;54.48
3.19;0.01;18.48;6.63;4.21;17.02;50.44
6.37;0.01;10.89;10.4;4.15;27.08;41.11
14.03;0.22;21.68;14.51;14.19;7.4;27.98
8.78;0.23;43.06;12.6;7.2;4.7;23.43
8.16;0.19;38.06;24.4;5.25;4.05;19.88
15.72;0.91;20.48;11.33;13.27;4.72;33.56
9.12;0.29;24.12;36.37;7.1;7.04;15.98
8.59;0.45;37.5;17.78;5.75;8.72;21.2
11.9;0.05;36.83;18.94;5.47;5.68;21.12
5.18;0.13;17.76;23.11;6.38;13.46;33.98
7.96;0.06;17.57;18.84;5.77;6.98;42.81
5.52;0.14;14.34;20.42;5.17;3.81;50.61
5.36;0.01;14.19;7.91;3.75;22.02;46.76
3.92;0.01;16.36;6.28;4.06;14.97;54.4
6.52;0.04;9.82;31.39;4.87;9.34;38.02
9.5;0.07;9.6;23.67;4.18;15.26;37.72
4.96;0.03;16.01;8.85;8.18;10.64;51.33
5.86;0.02;17.45;8.63;6.18;10.13;51.73
5.39;0.02;11.93;13.31;4.11;30.52;34.72
9.33;0.05;9.05;27.07;9.0;3.24;42.26
7.38;0.04;17.28;22.89;5.54;10.18;36.69
4.07;0.0;12.02;3.75;2.71;26.83;50.61
12.15;0.03;14.26;16.34;3.95;10.55;42.73
2.67;0.01;19.48;4.41;3.74;23.59;46.1
9.9;0.23;23.39;11.42;12.94;5.53;36.59
5.02;0.01;13.21;11.14;4.46;27.19;38.97
5.4;0.01;12.81;9.68;3.71;21.88;46.52
5.4;0.03;17.72;7.72;6.27;8.34;54.52
4.65;0.01;14.38;12.62;4.19;14.02;50.12
2.67;0.01;16.13;4.56;4.9;14.64;57.09
9.27;0.11;8.45;35.63;6.58;6.03;33.94
9.91;0.04;8.86;33.74;7.6;3.69;36.16
14.8;0.49;26.37;8.35;11.97;5.35;32.67
7.44;0.02;7.56;25.08;6.46;3.65;49.79
3.89;0.0;12.36;4.0;2.88;28.66;48.21
8.36;0.03;10.96;15.63;6.81;6.21;52.0
3.98;0.01;15.19;5.38;3.68;15.8;55.96
4.11;0.01;17.56;6.88;4.11;15.72;51.6
5.86;0.05;9.81;24.47;3.92;10.11;45.78
2.98;0.37;12.92;4.24;8.75;51.56;19.17
7.71;0.01;14.61;18.44;5.72;6.08;47.43
8.71;0.02;11.29;18.34;7.39;4.61;49.63
8.68;0.02;9.29;17.56;6.66;4.83;52.96
5.16;0.03;15.65;8.05;6.11;17.79;47.21
6.66;0.02;8.39;20.25;6.46;9.52;48.7
9.16;0.18;37.1;16.07;4.86;8.13;24.49
15.47;0.07;6.54;23.9;6.58;4.67;42.77
6.19;0.05;7.52;17.34;6.17;6.35;56.37
6.77;0.04;11.77;17.72;5.44;9.81;48.45
7.45;0.03;8.47;32.47;5.28;6.52;39.78
3.95;0.18;11.99;6.46;15.32;25.78;36.32
7.65;0.01;8.91;19.34;4.42;4.45;55.23
9.63;0.01;20.17;14.89;3.48;5.66;46.16
4.82;0.03;10.8;17.86;4.53;23.65;38.31
4.81;1.3;11.62;1.81;12.56;16.08;51.82
10.85;0.0;14.69;17.95;3.5;4.81;48.2
3.99;0.39;16.24;3.97;14.23;18.91;42.26
6.67;0.12;9.38;24.04;4.77;9.98;45.04
5.77;0.24;43.33;13.54;4.99;6.5;25.63
2.29;0.43;15.51;4.67;13.15;23.81;40.14
5.78;0.97;10.62;8.38;6.61;43.03;24.6
7.98;1.2;9.23;12.62;6.43;28.85;33.7
8.26;1.73;10.96;14.44;10.76;9.8;44.06
8.01;0.07;8.84;25.88;8.93;7.92;40.36
5.5;0.19;14.03;22.7;9.92;12.46;35.2
7.79;3.09;9.71;13.04;4.06;35.73;26.58
7.83;0.16;8.66;27.97;12.29;7.14;35.95
5.82;2.17;10.37;2.31;11.11;15.22;52.99
3.58;0.74;19.99;3.78;10.92;33.68;27.32
7.7;0.11;15.88;20.84;9.97;11.11;34.39
3.39;1.48;11.27;22.28;13.36;24.28;23.93
3.47;0.53;20.34;9.55;15.12;34.8;16.19
3.56;2.14;16.93;9.63;11.68;40.87;15.19
8.32;0.07;9.11;27.26;5.64;9.72;39.86
3.74;0.97;18.9;5.67;15.17;35.3;20.26
8.19;0.15;42.69;17.67;5.4;6.15;19.75
10.4;0.11;13.68;29.1;8.06;3.86;34.79
8.6;0.06;8.36;23.57;7.1;7.32;44.99
11.42;0.04;9.13;17.7;6.08;5.32;50.31
7.71;0.12;9.22;30.76;11.07;11.85;29.27
4.57;0.01;14.19;7.7;4.9;32.17;36.45
5.32;0.5;8.13;4.97;11.29;12.14;57.65
5.49;0.01;19.99;6.03;4.95;24.63;38.91
8.24;0.51;8.69;12.89;14.41;7.05;48.2
7.26;0.73;7.43;8.82;10.27;8.66;56.82
3.23;0.01;15.88;6.03;4.14;17.02;53.69
5.74;0.76;7.33;8.07;8.32;18.23;51.54
5.63;0.02;18.14;9.6;6.19;9.76;50.67
3.85;0.01;18.08;6.57;3.8;17.95;49.73
14.31;0.34;22.81;12.25;14.0;4.89;31.4
7.51;3.46;10.63;7.05;8.13;15.22;48.0
8.57;0.05;8.38;21.24;7.94;9.59;44.24
4.79;0.03;8.29;25.42;10.53;5.91;45.04
10.8;0.19;32.39;25.28;5.31;6.26;19.77
7.63;0.02;8.17;20.84;6.26;5.27;51.82
6.27;6.93;10.69;13.49;5.24;16.22;41.16
4.44;0.86;8.83;3.63;9.85;10.39;61.99
13.25;0.26;19.57;15.33;13.29;4.28;34.03
8.34;0.04;10.1;25.33;10.33;4.13;41.74
9.72;0.04;10.02;24.03;7.26;7.79;41.14
5.43;1.12;9.92;8.49;14.91;12.73;47.39
4.42;0.02;16.16;4.81;4.6;14.56;55.45
8.12;5.67;9.97;19.83;4.2;14.1;38.12
10.35;0.07;9.6;33.38;8.12;4.16;34.32
3.72;0.0;12.1;3.98;2.72;30.09;47.39
3.96;0.0;12.12;3.93;2.74;26.52;50.74
7.13;4.52;11.86;7.53;3.92;31.55;33.48
9.16;0.06;11.51;27.47;7.85;6.27;37.68
4.31;1.88;10.14;13.14;4.11;48.75;17.67
6.62;4.34;9.51;6.38;3.33;42.04;27.78
4.55;0.47;13.87;8.99;14.2;20.96;36.96
5.14;0.32;16.38;20.98;13.97;9.73;33.47
3.79;0.35;17.47;14.03;10.44;30.96;22.95
6.97;0.04;10.79;26.31;11.29;4.04;40.56
3.52;0.01;17.45;5.43;3.82;20.01;49.76
3.5;1.73;11.45;4.28;1.87;62.71;14.45
4.15;0.05;6.5;41.48;9.37;2.66;35.8
4.77;2.36;11.41;23.86;5.87;31.83;19.9
9.46;0.14;32.92;25.77;7.28;6.33;18.09
5.15;5.29;12.93;8.78;8.05;30.25;29.54
4.16;0.6;9.53;13.49;10.72;18.02;43.49
5.95;4.74;10.04;9.65;4.98;20.88;43.75
13.63;0.2;22.15;15.65;14.75;4.9;28.73
3.67;0.01;16.6;6.66;3.76;16.72;52.58
7.56;0.01;13.16;14.79;3.72;3.53;57.23
7.55;0.01;12.79;17.72;2.79;3.99;55.15
6.04;4.28;8.6;8.99;11.85;8.77;51.48
7.55;0.26;36.84;19.19;5.39;5.18;25.59
4.06;1.68;14.18;7.33;10.98;13.32;48.45
7.63;2.57;6.84;4.03;15.92;2.35;60.66
4.06;0.01;18.08;6.5;4.36;15.33;51.66
9.16;2.23;10.79;7.0;16.63;8.29;45.9
7.5;1.55;12.36;8.52;15.93;15.29;38.84
5.69;1.59;11.03;17.44;9.66;11.0;43.59
4.36;0.81;12.73;9.7;21.2;10.74;40.45
4.54;1.59;16.16;6.3;13.45;15.71;42.26
5.64;1.29;10.06;6.16;16.94;7.04;52.88
5.38;2.07;13.36;8.07;12.14;19.73;39.25
3.41;3.48;14.02;3.66;17.08;12.89;45.45
4.29;0.34;10.15;7.75;10.16;13.51;53.81
3.49;1.4;11.78;17.72;8.61;16.75;40.25
4.27;0.69;15.7;2.38;11.19;31.53;34.24
6.05;1.47;12.1;9.73;13.2;18.12;39.32
3.53;0.01;16.91;6.95;3.84;15.37;53.39
6.02;2.29;12.07;6.6;8.09;20.7;44.24
5.79;1.73;11.22;5.61;11.17;12.86;51.61
5.2;1.82;9.6;4.69;10.87;9.53;58.29
4.98;1.57;9.98;10.37;10.09;8.52;54.49
3.37;0.02;16.98;5.9;4.48;18.07;51.19
10.66;1.29;23.2;3.82;12.6;21.79;26.64
8.96;0.32;46.21;15.27;6.05;3.78;19.41
13.21;0.26;34.44;24.72;6.63;4.78;15.97
4.87;0.57;13.17;8.58;15.02;18.16;39.63
7.6;1.07;11.85;8.27;13.47;18.92;38.83
7.51;2.59;15.99;4.0;20.98;6.68;42.24
8.55;0.69;12.28;7.94;22.25;12.55;35.75
11.55;0.17;45.27;13.12;5.96;4.33;19.59
3.85;0.03;16.89;7.08;6.3;10.74;55.1
4.48;0.02;13.73;7.94;6.06;11.96;55.81
6.2;1.37;14.21;6.05;21.71;15.25;35.21
5.5;0.62;19.26;4.94;25.91;21.87;21.9
8.03;0.06;37.77;14.73;5.16;7.27;26.99
4.35;0.04;8.67;12.94;6.18;36.88;30.93
7.32;0.1;38.66;18.01;4.51;10.22;21.18
12.02;0.07;34.67;22.34;5.72;5.2;19.97
3.41;0.01;17.87;6.69;3.48;15.29;53.26
3.6;0.01;16.47;6.3;3.68;14.05;55.89
3.53;0.01;17.45;6.24;3.38;13.4;56.0
4.24;0.49;13.75;8.54;17.05;21.36;34.57
5.21;1.77;17.11;9.13;12.39;20.18;34.22
4.06;0.48;12.18;16.12;10.13;30.01;27.03
7.78;0.21;37.81;17.15;6.73;4.47;25.84
4.58;0.82;7.85;16.06;7.16;33.22;30.31
3.47;0.2;8.61;13.57;10.19;36.99;26.97
3.89;0.02;15.16;5.44;4.13;12.9;58.46
5.07;0.02;16.03;7.09;8.01;7.94;55.84
3.26;0.7;16.71;13.54;11.94;35.24;18.6
4.74;0.01;17.24;7.25;6.96;9.43;54.37
6.24;0.03;17.63;7.28;5.13;15.66;48.02
4.89;0.02;16.75;8.56;6.77;8.92;54.09
12.31;0.02;17.73;19.93;3.12;5.75;41.14
2.92;0.01;18.68;6.51;3.83;16.9;51.15
8.55;0.2;37.45;17.03;8.94;4.63;23.21
9.71;0.16;32.88;28.35;6.2;5.37;17.32
5.03;1.38;4.24;56.83;10.42;7.4;14.7
4.12;0.14;6.18;31.22;6.44;42.74;9.16
3.22;0.23;9.05;31.54;8.77;31.71;15.48
9.4;1.02;14.93;5.87;22.63;26.08;20.07
7.12;0.04;16.11;24.66;2.2;14.12;35.75
4.02;0.01;17.95;5.12;4.19;15.54;53.18
7.61;0.52;15.9;13.24;16.55;25.66;20.51
9.4;0.01;15.61;16.93;2.41;5.06;50.58
9.79;0.0;16.83;25.17;2.46;5.83;39.93
10.87;0.01;16.31;14.1;2.3;4.9;51.51
10.3;0.02;17.18;17.43;2.74;5.73;46.6
8.37;0.01;15.8;32.44;2.2;7.2;33.97
11.21;0.01;21.46;23.0;2.73;5.12;36.46
6.03;0.03;18.2;8.6;5.84;13.02;48.28
3.28;0.01;14.81;6.08;3.82;15.52;56.49
10.97;0.01;19.7;20.45;2.73;4.61;41.53
8.44;0.01;16.54;24.74;2.98;6.11;41.19
7.98;0.0;15.43;5.43;3.6;11.91;55.65
10.43;0.02;19.19;11.75;2.89;4.11;51.61
9.3;0.18;44.8;11.17;8.5;9.09;16.95
10.36;0.01;19.77;19.69;2.4;5.71;42.06
7.92;0.01;20.53;12.8;2.27;5.3;51.16
15.65;0.58;26.75;10.03;15.08;3.2;28.71
3.41;0.01;15.45;4.94;3.66;22.53;49.99
4.07;0.03;17.14;9.18;7.73;8.95;52.9
11.44;0.02;21.94;9.79;2.99;4.15;49.67
10.35;0.01;19.7;12.99;2.32;6.57;48.07
7.95;0.17;36.14;24.15;6.01;4.71;20.87
7.17;0.03;19.07;17.43;2.76;7.63;45.92
12.84;0.01;20.25;11.37;2.51;5.16;47.86
10.33;0.01;18.25;10.41;2.86;3.95;54.18
13.53;0.03;19.99;11.9;2.96;4.36;47.22
10.15;0.02;21.44;13.21;2.73;5.35;47.1
12.32;0.05;24.21;12.42;3.42;4.61;42.98
11.12;0.01;19.7;14.78;2.57;4.71;47.1
9.52;0.02;15.73;13.45;3.56;8.28;49.44
3.62;0.01;16.89;5.98;3.6;15.48;54.41
9.86;0.06;23.95;14.52;3.61;6.73;41.26
9.2;0.03;22.5;13.17;3.18;5.89;46.04
3.63;0.01;15.77;5.69;4.11;16.0;54.79
10.76;0.01;20.94;16.0;2.48;4.89;44.92
10.31;0.18;38.96;19.76;6.96;4.71;19.13
17.62;0.18;35.82;17.69;5.38;6.56;16.74
4.83;0.0;17.3;5.72;3.77;18.71;49.66
12.35;0.03;20.57;10.87;3.15;4.38;48.65
12.78;0.09;28.67;22.62;7.34;6.18;22.32
8.44;0.0;15.71;28.32;2.15;8.0;37.37
10.44;0.01;19.77;11.09;2.68;4.05;51.95
9.41;0.02;22.03;11.19;2.96;6.0;48.39
10.7;0.01;17.66;12.02;2.42;5.15;52.04
11.02;0.02;21.29;14.21;2.83;5.04;45.59
12.8;0.01;18.98;14.3;2.61;4.2;47.11
7.72;0.02;22.29;15.06;3.08;7.62;44.21
8.58;0.01;21.04;13.45;2.79;4.88;49.24
3.41;0.01;16.79;5.57;4.18;15.12;54.92
4.07;0.0;12.33;4.32;2.76;26.68;49.84
3.97;0.0;13.3;4.24;2.98;27.09;48.42
3.26;0.01;16.35;5.96;3.39;15.41;55.63
3.83;0.03;16.5;7.85;7.97;11.14;52.69
3.68;0.01;16.34;5.64;4.45;14.04;55.82
3.42;0.01;16.67;6.21;3.52;13.97;56.21
11.36;0.15;30.02;32.17;6.82;5.02;14.45
11.27;0.3;20.47;12.66;12.62;3.45;39.24
8.89;0.23;40.53;18.49;5.26;4.67;21.93
12.18;0.1;37.47;22.45;6.52;4.95;16.33
8.86;0.02;19.68;15.83;2.67;7.09;45.85
9.89;0.01;16.15;13.52;2.41;5.34;52.68
10.96;0.01;17.7;14.23;2.52;5.25;49.33
12.72;0.01;21.21;15.14;2.78;4.75;43.39
12.93;0.16;42.43;14.79;6.6;6.9;16.19
9.27;0.21;38.98;16.87;4.83;5.57;24.27
10.14;0.01;18.17;13.7;2.22;6.01;49.75
3.72;0.01;17.55;7.0;3.59;15.24;52.88
16.07;0.11;33.05;20.73;6.38;7.01;16.65
18.4;0.48;21.52;13.08;11.93;5.77;28.82
9.48;0.01;17.11;19.2;2.39;4.65;47.16
9.78;0.29;38.15;21.09;5.43;4.6;20.66
4.15;0.01;16.98;5.43;4.27;13.07;56.1
11.59;0.01;22.87;12.87;2.6;4.94;45.12
4.31;0.0;16.91;4.52;3.45;22.07;48.74
3.22;0.01;17.83;5.88;4.23;18.27;50.56
8.25;0.25;41.86;13.93;4.46;6.06;25.19
3.81;0.01;17.2;5.98;4.09;16.47;52.44
11.67;0.01;17.17;14.86;2.64;5.57;48.08
3.3;0.01;17.21;7.36;4.08;17.58;50.45
10.63;0.28;45.5;11.3;4.55;4.81;22.93
4.04;0.02;14.64;7.42;7.93;10.56;55.39
3.77;0.02;14.65;9.93;6.85;15.21;49.58
14.28;0.27;29.33;24.73;5.36;5.66;20.38
3.54;0.01;16.0;5.83;3.57;16.98;54.07
12.0;0.01;16.74;14.54;2.32;5.36;49.02
10.13;0.02;18.43;14.43;3.05;6.95;46.99
3.38;0.01;17.92;6.65;3.86;17.02;51.16
5.48;0.87;37.34;7.06;17.99;12.48;18.78
4.05;0.02;14.79;5.84;4.46;15.34;55.5
4.99;0.54;35.66;6.25;17.36;13.41;21.79
11.92;0.43;22.22;31.5;8.11;4.24;21.57
4.53;0.0;12.43;3.81;2.89;27.21;49.12
4.3;0.0;12.55;4.14;2.63;25.13;51.24
10.26;0.02;20.55;16.38;2.74;6.0;44.05
15.33;0.29;41.5;19.45;6.85;4.0;12.59
11.6;0.02;16.47;14.99;2.65;5.15;49.12
3.35;0.01;18.57;5.77;4.38;15.07;52.85
3.01;0.01;16.78;6.01;4.17;18.59;51.42
3.38;0.01;16.81;5.66;4.12;16.33;53.69
5.67;0.66;35.98;7.68;13.01;13.17;23.83
5.53;0.31;35.93;6.86;12.22;13.64;25.5
6.41;0.17;40.33;14.42;4.45;5.21;29.0
8.11;0.38;35.53;7.12;14.49;10.72;23.65
5.14;0.48;35.18;5.6;16.13;13.14;24.34
9.76;0.01;17.58;12.92;2.21;5.82;51.69
8.4;0.31;38.66;6.5;13.0;9.17;23.95
3.76;0.0;11.64;4.18;2.52;26.0;51.88
6.62;0.48;38.5;5.47;14.5;12.23;22.21
6.39;0.84;33.99;6.9;19.77;10.09;22.01
4.77;0.91;37.04;5.73;19.63;11.3;20.62
6.35;0.33;34.53;8.23;15.54;13.32;21.7
3.77;0.01;14.45;6.1;3.44;16.17;56.07
5.89;0.31;33.69;10.09;13.92;12.44;23.67
20.42;0.25;29.61;27.28;5.53;3.36;13.55
9.67;0.02;22.97;13.66;3.13;6.15;44.39
10.14;0.01;18.6;14.3;2.8;5.7;48.44
12.77;0.29;35.56;17.54;5.46;6.71;21.67
9.42;0.01;20.32;24.05;2.47;5.07;38.65
13.15;0.18;36.64;16.71;7.54;5.99;19.79
13.58;0.1;36.84;17.13;5.7;5.99;20.66
4.25;0.54;9.63;27.69;7.5;42.24;8.15
8.75;0.0;13.47;30.36;2.14;10.67;34.61
8.0;0.01;20.19;17.05;2.92;5.97;45.86
3.68;0.3;11.0;19.84;9.16;45.23;10.8
3.11;0.13;7.26;19.13;7.3;55.23;7.84
5.33;0.12;39.44;15.15;3.63;6.7;29.63
3.5;0.01;15.68;6.59;3.57;16.42;54.23
16.71;0.2;21.23;13.65;13.53;2.96;31.72
3.33;0.01;17.05;5.61;4.12;16.5;53.39
3.77;0.01;19.07;5.57;3.94;15.25;52.39
5.28;0.63;11.45;19.72;10.51;41.25;11.17
8.93;0.57;26.16;30.61;7.51;8.31;17.9
3.42;0.01;15.19;5.93;3.74;16.49;55.22
2.29;0.19;8.21;14.91;7.04;61.4;5.95
10.89;0.17;31.6;28.76;6.86;7.6;14.12
3.44;0.33;7.72;19.6;6.05;53.11;9.76
2.14;0.31;5.01;21.08;4.33;60.52;6.61
7.96;0.02;20.62;17.08;3.24;6.84;44.24
7.33;0.0;18.32;4.82;3.21;13.88;52.45
3.21;0.01;16.61;6.16;3.53;15.56;54.92
9.16;0.03;20.83;15.49;3.39;7.49;43.62
3.52;0.01;15.19;5.86;4.24;17.34;53.84
2.89;0.16;6.41;18.17;4.53;61.02;6.81
3.79;0.0;11.84;4.33;2.98;26.66;50.4
2.99;0.19;7.25;13.82;8.71;58.93;8.11
3.09;0.39;6.51;21.97;4.5;56.17;7.37
3.92;0.28;7.53;26.56;5.97;46.99;8.76
3.92;0.01;16.28;7.31;3.84;15.72;52.91
2.45;0.75;4.43;48.53;5.82;28.48;9.54
5.46;0.77;10.39;31.28;6.28;35.79;10.02
3.34;0.01;16.28;6.64;4.14;17.76;51.83
2.9;0.01;13.78;8.4;4.45;26.19;44.27
8.95;0.15;34.43;22.17;4.64;5.56;24.1
4.33;0.46;7.7;23.57;9.24;45.47;9.22
2.72;0.91;6.99;23.96;6.23;52.73;6.45
11.46;0.01;18.55;14.16;2.41;5.15;48.26
4.47;0.58;8.58;32.61;9.34;36.12;8.3
2.19;0.39;3.87;41.66;4.34;41.18;6.39
2.18;1.03;3.45;35.38;4.64;47.12;6.2
1.73;0.56;2.03;61.59;3.42;25.33;5.34
10.38;0.13;37.24;17.78;7.72;7.53;19.22
9.47;0.01;17.5;6.01;3.39;12.55;51.07
3.24;0.19;5.74;21.67;5.68;57.71;5.76
7.88;0.16;37.47;21.23;8.02;7.88;17.38
2.43;0.47;4.4;42.59;4.96;38.67;6.49
10.45;0.14;42.61;10.65;7.83;5.49;22.83
10.68;0.18;37.08;23.72;4.22;5.19;18.92
6.65;0.01;14.54;5.92;3.65;10.87;58.36
4.31;0.01;16.39;5.7;4.42;16.33;52.82
10.34;0.02;21.75;15.27;3.38;8.37;40.86
8.91;0.02;21.78;14.67;3.44;7.92;43.26
4.13;0.0;11.28;3.88;2.75;25.63;52.33
3.68;0.01;15.96;6.17;3.67;17.06;53.45
10.11;0.01;21.0;14.06;2.65;7.15;45.03
9.61;0.02;23.15;15.16;2.78;6.82;42.46
7.89;0.19;39.31;16.89;5.1;5.66;24.96
3.43;0.01;15.35;6.01;3.39;15.64;56.18
2.63;0.46;5.16;28.75;5.14;51.4;6.47
8.89;0.01;17.94;16.04;2.49;6.4;48.22
3.55;0.01;16.86;5.97;3.85;16.71;53.05
7.86;0.0;12.96;38.13;1.86;6.83;32.35
3.2;0.01;15.74;6.78;3.19;19.33;51.76
10.18;0.03;22.05;14.17;2.96;7.96;42.65
12.44;0.27;30.77;33.6;5.05;3.01;14.86
10.85;0.03;19.64;14.19;2.79;6.01;46.5
7.28;0.22;36.9;25.0;6.35;4.47;19.78
3.61;0.01;17.61;5.62;3.65;15.29;54.22
3.44;0.01;17.53;6.16;4.01;17.06;51.79
13.08;0.03;20.7;14.08;3.31;4.74;44.06
6.32;2.95;13.91;15.81;19.07;17.48;24.45
3.72;0.01;16.94;5.69;3.67;15.28;54.7
4.54;0.45;11.19;19.77;11.84;40.92;11.28
10.95;0.02;13.88;20.05;2.64;4.1;48.37
11.49;0.01;16.78;17.25;2.36;4.69;47.42
10.64;0.03;24.93;15.78;3.11;6.7;38.82
3.61;0.01;16.85;6.84;3.67;14.85;54.17
5.85;0.01;13.75;12.05;2.31;4.99;61.05
5.59;0.02;7.99;20.57;2.32;7.92;55.6
10.86;0.04;17.76;20.55;3.34;5.56;41.88
6.65;0.02;10.8;12.62;4.2;4.99;60.72
4.49;0.96;11.0;14.56;9.85;44.88;14.27
3.46;0.01;16.71;5.05;3.76;16.49;54.53
